1000 1000 2
486 702
461 11
452 125
253 394
862 306
889 763
175 877
220 36
594 926
758 616
368 78
712 494
973 317
810 639
386 136
780 778
85 959
612 192
642 490
284 189
108 14
764 382
227 338
759 129
568 482
900 255
624 413
252 949
970 712
800 172
402 335
39 455
53 681
283 64
35 648
46 898
439 112
639 718
980 497
700 199
266 417
334 884
887 178
98 545
909 764
558 728
718 101
974 402
65 171
795 259
632 410
452 399
890 840
382 515
829 449
758 17
236 934
44 300
966 918
669 481
90 717
116 281
5 775
635 561
358 815
204 257
176 660
991 698
450 500
534 549
914 368
794 771
249 181
611 595
638 838
865 92
877 299
209 145
635 564
326 370
48 432
668 706
737 167
593 434
710 468
362 672
900 969
925 118
527 846
342 801
344 444
993 4
997 537
325 722
980 979
539 367
980 579
90 70
921 701
659 578
217 225
938 334
425 371
642 227
427 244
774 542
654 710
558 802
250 203
46 850
794 643
582 369
895 807
69 297
173 667
176 714
393 75
281 611
550 609
451 130
18 162
105 160
864 909
679 971
268 480
94 347
74 233
615 477
580 927
729 772
334 563
374 948
737 556
72 91
763 290
210 938
736 740
680 869
527 703
192 881
574 430
625 503
460 533
78 645
292 358
30 106
495 69
83 569
15 583
488 307
18 360
924 275
484 327
231 487
287 277
663 716
656 795
894 933
803 853
980 832
31 53
724 541
114 813
283 13
706 528
516 765
601 882
607 619
348 398
718 663
270 439
224 472
135 273
864 899
177 870
418 872
391 438
846 742
639 111
896 59
100 29
980 175
257 546
273 246
418 62
738 871
823 43
658 19
413 9
739 570
7 200
47 303
129 191
641 1
93 267
836 746
448 664
77 753
702 388
489 749
47 987
181 829
642 286
764 762
619 942
736 889
624 630
70 613
96 435
817 163
185 864
367 182
359 592
512 328
426 207
641 646
674 12
624 276
895 416
90 917
85 744
798 474
882 738
99 499
895 363
819 302
706 293
658 536
594 956
312 65
679 40
932 437
229 47
253 768
108 49
759 808
39 704
507 220
258 212
594 539
28 154
65 675
909 99
678 496
516 228
909 23
529 788
823 841
131 484
270 767
607 632
536 610
917 893
565 247
134 532
71 669
124 146
737 66
611 28
678 352
403 415
75 689
802 529
601 824
463 879
202 506
590 766
344 732
302 901
607 216
678 995
717 79
832 576
805 963
802 700
938 313
794 446
938 25
346 582
283 653
327 442
851 209
800 105
441 603
575 912
174 596
37 20
878 524
631 333
441 600
512 33
719 682
288 833
837 857
567 56
495 982
689 256
792 904
862 158
413 896
264 493
878 786
530 800
123 652
125 292
753 378
14 699
346 231
943 436
542 560
281 842
785 483
414 197
368 999
503 930
616 113
227 741
366 839
271 504
307 340
580 355
894 321
836 362
779 935
329 83
884 30
127 76
50 843
268 462
144 376
598 615
595 419
384 754
897 852
404 510
750 190
85 792
643 123
857 183
842 887
694 341
282 601
726 422
45 640
180 126
896 747
878 585
749 41
819 201
616 739
619 818
804 305
868 731
123 151
71 913
823 993
802 851
519 678
595 996
13 10
266 525
463 575
896 176
690 973
398 776
997 119
996 940
660 144
988 958
414 351
377 120
650 131
441 659
771 18
767 408
75 723
976 381
266 401
998 683
542 831
242 581
962 552
429 348
878 283
244 686
657 902
404 90
307 168
6 810
536 705
772 848
573 279
485 447
85 488
611 486
748 74
400 670
874 278
841 932
516 684
85 991
665 868
515 761
166 441
809 73
175 127
404 282
368 513
759 262
545 248
789 621
738 729
604 614
624 339
35 139
529 895
228 173
472 923
583 750
383 830
412 867
418 790
296 892
4 787
187 784
60 713
529 211
249 633
288 411
801 566
175 301
1 530
427 649
771 7
735 968
487 928
564 745
713 170
914 396
553 423
836 314
974 707
508 565
501 644
155 311
922 458
270 782
466 366
959 770
791 508
854 674
138 491
186 284
799 387
889 88
912 485
516 427
448 964
952 222
626 855
203 86
355 135
355 826
404 195
988 460
930 888
663 319
453 617
199 353
413 865
867 263
788 551
450 295
71 873
997 452
684 97
980 124
181 205
974 925
320 230
55 217
516 520
673 374
719 165
227 697
381 952
518 914
597 680
766 931
601 425
655 891
823 229
65 988
904 605
304 72
692 791
976 715
98 250
695 907
950 15
541 606
539 685
489 837
558 622
195 264
641 418
444 82
584 235
980 516
580 975
1000 440
517 946
424 204
488 863
86 916
95 793
771 420
949 845
421 819
495 748
775 721
413 780
573 553
478 316
209 847
980 196
645 966
150 156
287 405
832 356
944 955
545 80
659 392
75 448
264 994
131 607
518 836
116 811
587 588
92 428
935 577
904 655
41 972
545 153
900 8
801 604
916 727
448 809
683 897
864 463
808 391
909 642
889 919
826 143
175 589
312 624
125 424
303 849
250 725
516 320
980 215
580 781
912 50
294 875
749 208
412 174
400 650
201 920
673 34
743 345
509 612
75 631
257 687
872 779
530 240
86 385
110 618
649 87
185 803
336 692
413 5
759 535
413 671
681 957
516 45
41 724
660 548
642 271
336 414
743 324
304 478
523 164
452 294
658 978
227 403
396 651
517 998
964 984
300 177
349 132
37 519
800 694
39 587
336 586
417 743
902 357
963 822
689 22
904 915
853 98
864 104
411 272
913 1000
575 245
411 760
909 342
6 55
844 854
378 114
892 547
282 93
718 859
726 58
282 459
627 42
771 555
793 711
877 522
119 471
980 641
76 89
399 625
834 666
834 336
896 695
997 268
24 238
503 309
680 785
974 35
393 210
589 636
912 944
998 654
306 544
435 291
941 241
327 597
98 27
967 407
904 538
211 445
490 594
30 856
729 752
765 937
975 974
203 315
887 38
334 910
882 110
771 457
764 656
85 134
558 77
528 797
103 194
675 514
816 96
857 304
393 60
711 467
501 883
400 128
635 115
558 412
84 827
401 133
50 720
243 318
712 161
938 380
390 985
195 900
258 950
934 187
660 623
112 365
691 977
589 986
427 593
93 758
823 6
236 554
112 983
37 527
682 965
400 658
51 816
83 433
768 794
688 103
701 806
660 735
737 251
896 224
830 905
904 495
385 180
70 453
369 159
4 990
688 574
764 980
75 626
456 24
111 234
500 733
836 668
635 953
671 296
718 719
404 774
85 21
895 531
769 796
92 323
512 331
253 431
382 571
404 943
259 26
600 572
930 157
695 517
495 534
450 550
256 947
124 184
5 350
237 254
6 393
507 708
641 736
565 521
74 777
853 226
671 206
937 265
258 166
638 804
47 756
251 922
311 310
360 51
88 492
270 122
266 885
282 63
864 823
418 862
826 866
575 249
980 558
896 679
674 193
185 997
633 243
427 929
896 890
601 253
404 31
864 312
448 608
295 817
832 509
349 237
258 389
162 364
864 85
28 769
43 214
55 637
773 150
460 107
116 450
298 138
953 498
583 260
37 117
542 179
188 820
175 456
789 844
258 142
288 690
116 329
799 562
266 354
719 627
748 219
643 395
707 688
961 288
7 198
683 223
975 825
215 543
417 540
991 372
678 469
386 835
448 709
759 876
229 799
894 325
231 169
681 285
981 343
70 84
195 828
862 906
285 814
987 16
1000 798
857 68
424 429
774 108
734 274
933 476
355 344
98 67
174 962
209 44
601 384
394 337
890 39
565 152
896 737
83 155
958 635
248 330
834 218
420 102
137 261
484 661
764 148
792 894
763 386
656 992
633 665
85 726
998 149
642 878
802 620
638 634
253 502
236 71
651 379
357 677
101 421
879 475
658 580
980 489
518 662
649 461
155 242
917 252
404 346
719 470
329 464
734 511
675 52
139 559
33 280
851 573
765 590
794 326
975 954
621 730
724 289
60 322
601 941
813 308
823 48
518 3
281 861
587 903
113 443
131 359
909 404
861 186
165 989
633 812
595 805
102 755
657 821
890 960
387 676
675 397
758 375
584 751
625 860
702 390
832 116
408 2
601 673
55 512
40 202
539 505
208 981
762 557
43 54
290 970
789 783
518 759
845 140
388 332
536 924
30 221
992 451
997 188
878 518
656 141
885 734
774 584
771 147
253 298
624 266
127 270
714 691
779 939
207 473
702 232
580 507
630 406
515 880
290 911
841 236
855 908
963 696
639 628
127 598
864 638
617 57
850 599
717 32
292 426
866 602
789 501
763 647
413 383
426 94
249 936
980 657
668 479
485 109
834 377
890 81
611 976
166 961
896 834
803 46
236 773
203 409
452 239
243 591
594 886
805 213
878 789
93 951
561 693
858 568
756 874
116 858
649 287
887 757
695 37
962 967
185 400
680 349
418 523
48 95
714 269
719 373
329 137
754 629
160 121
997 258
949 361
597 945
372 567
658 465
649 61
913 921
404 466
466 526
1 100
425 454
780 233
799 209
1000 66
531 543
95 991
376 199
879 793
318 678
108 199
829 82
942 754
916 858
439 322
368 774
942 972
686 521
302 124
550 501
934 337
111 52
907 175
249 807
32 626
769 46
870 402
846 439
92 997
668 569
197 924
113 530
959 841
139 955
974 632
897 798
402 453
64 958
243 809
91 838
823 573
726 244
372 700
298 962
269 94
908 460
118 916
647 701
559 120
604 407
943 10
355 150
772 315
472 818
441 853
658 540
48 809
726 427
35 293
463 488
968 810
219 610
225 760
91 850
737 871
97 930
332 148
200 55
694 400
427 138
463 670
928 344
112 292
347 535
27 676
714 700
737 670
58 672
574 856
863 645
860 185
234 40
710 776
476 174
1 345
32 682
86 350
709 617
468 305
672 328
331 502
524 867
398 880
630 655
27 990
808 319
167 91
826 185
779 457
337 294
996 327
561 989
777 499
540 359
239 340
253 611
73 787
843 256
520 248
534 661
191 423
418 45
611 449
826 400
970 188
380 162
674 100
602 497
10 238
140 173
350 267
288 509
163 21
535 364
119 133
676 372
152 580
363 685
604 645
677 571
303 613
640 183
873 954
191 592
632 999
173 210
12 748
103 966
255 315
554 720
260 142
408 902
229 778
202 897
603 761
581 775
41 788
523 956
219 256
540 235
616 34
458 217
814 208
945 109
14 48
892 234
596 323
851 739
634 202
5 762
274 412
612 958
854 299
890 901
922 683
106 419
450 951
254 688
755 440
521 517
29 1000
801 466
656 651
164 108
786 767
920 869
939 174
740 392
72 892
97 394
273 954
156 228
871 237
883 648
807 145
438 575
921 134
799 817
743 600
892 667
141 656
312 814
279 112
139 226
128 199
349 683
841 490
234 403
694 200
661 996
710 527
504 959
538 693
854 669
79 37
525 123
914 118
637 205
991 947
962 876
824 944
503 753
653 834
704 954
325 264
127 877
981 958
57 554
16 692
834 375
308 116
72 836
428 750
818 454
62 112
556 809
841 879
659 328
92 591
445 363
438 150
446 561
435 178
25 287
311 745
846 354
691 710
387 130
484 788
892 508
584 637
954 643
608 14
235 620
239 407
208 225
781 822
558 783
413 793
889 374
909 5
427 495
783 8
675 176
94 491
754 91
409 494
252 629
419 328
550 118
612 985
317 20
307 456
233 854
503 351
917 370
198 435
57 398
266 753
564 945
859 707
771 997
504 997
905 623
230 651
307 364
734 935
137 941
167 487
203 273
545 46
592 311
782 804
904 611
263 635
748 451
349 534
758 320
440 274
446 244
369 169
201 12
86 181
240 8
455 698
512 631
214 115
274 534
954 799
840 520
324 658
345 530
984 759
468 191
663 271
956 945
404 915
975 75
564 655
537 420
812 138
251 254
681 912
931 438
631 977
663 817
930 875
177 975
112 722
556 452
106 563
221 705
849 731
524 538
368 984
455 22
241 521
665 265
887 405
102 344
70 603
660 612
96 253
256 732
870 737
355 553
604 99
718 469
879 68
737 779
89 194
818 598
420 224
300 352
458 85
424 285
316 868
87 518
592 796
887 648
666 55
623 420
947 722
375 652
479 521
898 767
522 390
170 603
172 882
516 338
35 131
938 783
721 765
96 239
985 579
181 12
423 263
760 747
476 561
609 544
928 828
951 683
478 734
364 975
496 460
957 675
10 401
152 385
989 266
374 379
459 221
163 131
98 344
574 253
176 709
852 169
406 583
247 493
378 727
293 725
642 71
982 942
50 98
497 476
31 291
530 419
761 671
120 334
903 501
273 746
307 734
529 731
564 760
22 556
504 894
864 911
805 201
98 308
911 222
922 168
82 112
648 606
611 381
926 171
285 357
703 980
898 523
784 345
41 544
988 227
395 42
905 339
992 64
734 258
382 869
635 812
828 556
103 538
843 417
175 735
434 564
715 425
616 556
848 408
259 900
303 792
222 524
810 340
468 304
398 263
960 459
62 208
356 580
73 512
42 806
13 946
25 108
662 416
401 463
707 811
761 663
927 71
414 336
890 427
385 194
643 925
395 984
82 1000
987 211
203 177
317 7
663 974
617 600
471 299
745 893
319 694
446 160
417 388
660 569
988 163
708 987
209 683
294 979
327 146
535 107
932 130
27 968
299 954
267 938
170 164
830 618
801 129
526 354
990 956
482 346
307 106
191 316
920 479
133 794
463 702
249 34
822 487
981 831
323 444
484 585
132 497
866 439
225 424
585 588
97 883
19 436
881 280
470 730
748 424
216 240
781 465
57 777
77 664
721 471
880 827
845 32
538 803
946 688
863 968
702 763
129 868
123 185
129 834
383 491
300 575
259 282
348 42
250 699
188 187
673 930
222 584
196 984
276 541
47 919
15 305
22 972
812 951
613 304
58 520
525 736
949 182
863 262
216 659
217 353
24 204
556 820
440 525
751 91
970 474
50 950
34 103
244 445
453 337
196 533
712 30
490 653
967 929
983 733
734 887
393 670
989 194
384 873
687 949
238 349
774 928
957 817
596 657
492 645
459 745
674 987
795 355
121 164
153 964
310 825
564 410
163 812
846 998
60 345
53 68
316 137
705 190
874 397
563 914
833 228
851 322
832 263
108 156
423 557
260 852
678 999
252 774
675 78
211 90
146 492
567 281
140 632
203 102
718 846
280 548
935 115
432 298
239 600
118 50
202 14
704 329
815 158
480 567
273 893
919 135
876 507
136 436
531 544
246 89
443 862
672 575
502 800
259 675
371 707
579 225
239 638
198 529
579 637
633 138
506 12
882 454
48 448
965 586
37 688
569 399
298 316
914 658
357 605
853 652
434 150
574 295
56 663
327 232
782 383
712 975
297 260
320 512
115 907
745 672
47 957
866 711
777 822
949 681
105 142
547 976
910 620
123 39
554 846
733 919
144 720
566 803
675 358
978 407
817 98
376 843
695 618
341 214
249 991
760 395
938 314
231 433
569 63
24 942
698 375
10 649
248 320
394 782
577 448
629 272
70 272
404 645
948 644
211 291
696 657
929 679
216 88
506 164
6 443
839 130
405 638
376 639
378 714
953 833
628 420
552 957
471 130
953 205
234 679
562 782
956 527
635 505
164 546
528 492
506 267
716 317
851 262
110 780
287 265
763 917
249 66
607 521
879 362
993 154
240 238
621 363
442 687
522 810
860 359
991 839
964 338
762 681
607 486
438 919
573 138
748 737
773 247
201 143
252 217
664 478
446 876
888 73
726 168
650 655
548 140
440 129
813 782
988 544
789 2
896 938
92 582
886 610
783 535
262 987
718 496
869 796
574 85
65 16
80 713
373 767
477 384
543 657
168 10
50 486
598 7
996 71
731 747
388 867
928 713
403 984
959 321
91 68
44 573
135 993
96 844
931 611
441 662
661 144
541 333
650 341
135 763
979 863
950 572
482 737
237 888
407 339
49 96
83 258
945 382
648 55
41 4
376 150
848 154
301 7
709 995
95 760
37 713
775 409
250 277
405 768
767 301
330 882
221 610
892 872
666 686
613 927
692 90
782 741
999 799
65 851
805 25
348 436
327 900
943 99
110 890
549 55
13 973
989 486
559 203
375 940
358 17
278 338
557 199
336 47
706 849
300 883
4 144
669 766
976 593
677 462
573 694
697 483
589 741
662 998
245 604
96 777
66 5
107 65
182 125
161 394
424 425
233 523
55 929
419 41
882 577
304 473
935 374
697 151
626 259
324 949
641 713
361 175
595 250
250 393
425 593
446 947
342 683
79 633
685 988
599 15
186 744
403 308
375 873
880 98
764 24
854 917
317 263
185 149
514 713
63 20
775 552
214 909
687 326
623 99
744 540
920 418
20 928
331 2
525 571
561 834
822 957
213 493
235 689
263 945
967 46
612 666
351 798
961 399
325 121
765 68
836 498
122 974
936 183
543 619
941 407
271 862
862 612
178 993
123 817
604 692
101 172
468 868
106 255
119 995
759 139
750 406
257 545
869 567
577 73
175 160
22 579
233 282
998 833
769 576
225 963
86 404
132 825
430 19
614 994
195 192
714 830
50 94
279 874
94 711
623 824
554 178
735 581
411 497
937 893
495 888
101 155
825 577
590 904
70 261
225 940
373 393
56 732
515 128
936 135
360 150
194 657
502 208
415 137
81 554
522 853
333 319
145 323
788 228
538 544
697 318
819 691
118 893
682 318
407 388
310 50
354 779
690 817
92 916
427 946
422 783
803 209
373 660
23 162
145 25
38 256
58 919
132 799
48 617
931 790
740 790
696 936
687 896
480 612
351 541
465 621
68 480
651 108
894 215
679 105
643 203
471 325
428 396
370 75
261 348
829 876
762 781
237 770
500 156
807 659
946 818
864 417
179 947
526 718
14 572
534 276
236 642
725 461
845 92
749 968
734 423
240 313
705 749
409 17
171 694
973 672
429 621
65 923
227 668
470 491
555 248
551 59
996 227
57 952
787 337
8 951
520 922
368 410
701 559
2 803
428 729
436 630
402 522
504 270
177 290
