1000 1000 10
144 725
234 163
56 995
665 67
670 614
514 22
395 107
803 400
634 885
678 429
932 709
14 823
410 320
594 602
893 843
469 606
304 323
840 258
519 197
423 390
138 772
276 174
672 837
442 446
550 800
969 226
696 103
125 998
72 595
739 325
344 769
62 60
220 849
964 970
791 524
707 442
840 927
76 982
123 551
274 437
745 69
95 581
315 957
401 876
859 926
19 225
252 831
933 72
389 302
398 962
236 129
910 144
151 533
934 858
257 949
102 819
109 156
946 391
876 647
396 963
299 78
161 717
973 625
183 829
539 814
52 373
672 54
606 909
418 340
91 84
118 384
910 183
983 311
732 383
700 639
646 512
369 131
452 607
110 589
367 293
463 518
363 861
23 187
82 264
836 35
759 899
392 946
416 728
507 327
390 424
990 895
609 656
893 283
92 959
934 161
636 972
791 436
839 740
910 158
247 359
873 828
843 459
784 699
810 167
92 537
855 954
134 907
283 798
862 199
945 182
933 46
363 176
941 701
936 693
759 666
505 915
380 597
331 673
241 811
323 115
862 882
450 681
557 410
430 570
818 854
821 392
294 762
290 721
301 914
211 955
663 978
422 269
512 426
843 643
609 786
85 624
672 853
29 81
711 381
646 488
727 447
426 466
29 931
283 378
72 781
515 920
52 890
332 48
231 181
572 492
977 848
887 185
390 475
504 472
650 565
974 988
837 254
772 61
789 321
923 83
854 480
277 671
102 732
355 947
823 922
905 726
622 448
345 88
519 667
634 452
870 300
672 490
71 370
801 275
726 276
586 296
679 7
784 21
643 722
56 635
811 82
307 399
791 859
127 445
791 265
694 1
731 262
987 397
312 733
731 8
247 663
96 928
971 538
733 338
967 279
609 765
263 842
808 633
551 586
505 789
768 869
559 474
184 41
760 580
430 505
123 186
127 312
664 715
773 727
588 406
855 889
849 228
618 172
598 98
270 357
667 669
177 366
139 379
483 409
375 747
702 713
946 216
903 200
748 59
344 376
991 903
826 817
176 309
23 676
629 272
155 787
430 65
862 682
98 664
920 766
801 241
484 514
903 759
688 552
467 850
109 223
310 864
392 463
953 178
478 997
556 938
820 916
893 464
897 818
10 404
829 544
452 310
609 737
216 805
872 794
634 678
20 25
702 354
785 242
341 593
34 860
294 695
794 105
935 522
231 50
401 80
893 346
558 377
525 486
947 645
169 221
650 15
819 106
463 956
656 844
144 867
631 953
947 584
1000 632
214 674
853 702
976 610
661 184
746 451
2 171
154 796
85 121
926 421
773 771
945 335
872 87
875 190
665 499
488 495
374 735
283 567
934 640
299 929
304 884
450 724
346 303
22 363
238 64
559 719
834 456
154 816
160 126
401 646
975 274
942 587
478 921
865 202
241 393
607 287
902 979
809 31
463 894
598 677
8 670
843 974
138 230
323 306
727 449
751 513
556 24
834 501
686 510
61 767
445 94
734 773
678 292
849 924
646 419
553 574
344 112
326 658
390 653
157 851
56 418
230 506
266 4
546 180
109 2
383 450
392 382
335 756
809 420
696 267
155 694
726 619
707 757
266 532
559 668
665 471
123 195
345 315
119 975
986 626
731 601
386 367
230 77
57 227
598 791
101 711
252 611
772 835
986 482
102 428
110 298
881 97
127 901
191 164
216 457
565 897
731 865
485 352
973 620
967 866
183 684
887 166
475 47
479 27
672 10
346 631
218 86
241 439
876 657
218 122
216 535
791 690
842 224
469 481
430 980
387 349
871 887
544 528
187 173
991 462
139 37
134 568
333 74
37 688
861 73
878 801
404 545
750 280
392 401
986 883
798 960
63 371
631 873
834 416
821 753
713 704
497 255
663 250
42 652
130 855
662 14
678 608
672 247
639 494
819 900
214 793
683 743
765 525
176 764
54 770
892 509
489 904
515 194
308 730
410 577
618 813
545 833
968 746
976 985
538 661
458 408
230 299
706 278
910 852
734 761
359 203
411 332
357 207
240 165
109 233
268 473
685 521
265 731
959 319
672 154
545 432
726 729
484 9
904 708
732 460
347 326
440 245
708 407
440 461
231 251
664 395
288 706
881 256
98 45
436 396
476 358
92 872
283 76
791 145
973 398
843 550
811 289
262 496
288 434
121 104
810 503
683 362
643 159
413 936
491 124
19 110
138 734
798 905
866 628
246 119
118 454
299 316
261 950
505 322
59 477
539 600
647 91
346 609
433 908
631 85
423 162
323 29
351 365
365 44
967 39
453 337
841 304
456 680
72 881
108 739
682 983
984 17
304 422
576 208
235 810
917 120
702 689
536 79
413 752
543 966
723 341
7 192
471 252
682 540
843 123
609 34
694 615
709 554
408 622
119 971
351 414
975 388
462 334
686 380
679 750
139 23
678 560
586 374
988 257
65 148
641 599
946 826
825 644
791 839
55 361
682 314
209 594
650 317
499 328
962 911
567 531
18 169
127 874
696 952
773 42
63 871
351 973
295 687
484 748
821 683
638 803
926 343
64 824
110 324
512 758
151 845
562 933
355 56
220 547
499 621
809 744
831 295
135 511
519 3
506 857
746 132
840 558
203 987
182 630
211 898
450 785
619 795
789 385
539 612
731 364
506 564
469 351
646 139
37 438
974 485
776 290
972 282
826 99
886 526
419 133
800 654
383 270
920 13
76 1000
398 153
456 443
685 333
344 604
191 394
68 32
786 465
169 685
853 806
852 179
20 260
932 288
868 431
295 6
910 536
514 141
430 160
474 95
683 484
20 263
804 313
488 198
37 718
816 583
834 942
401 986
579 542
499 92
177 489
860 847
608 402
934 519
138 19
302 797
379 453
119 149
290 617
893 345
664 205
676 196
247 923
125 137
20 109
700 616
457 705
589 738
915 637
840 130
17 958
937 235
810 191
838 679
259 977
605 841
780 368
902 441
829 703
568 58
379 189
241 284
387 219
56 238
99 479
840 697
26 836
562 886
562 342
863 579
457 993
224 152
745 502
926 253
875 348
548 965
44 28
893 557
252 294
252 469
517 827
155 692
357 994
136 877
826 605
108 996
946 665
275 232
267 571
589 991
469 375
806 648
678 723
752 655
840 355
706 493
375 573
257 710
496 504
651 285
559 776
360 930
695 53
813 590
128 541
245 336
616 96
571 467
433 636
598 821
252 634
383 458
253 918
375 777
463 168
540 990
775 49
639 307
19 784
893 125
618 68
772 209
258 248
200 231
332 55
811 691
139 592
571 649
645 40
731 941
410 175
450 838
440 57
442 142
401 629
678 71
191 134
29 912
732 951
606 271
606 143
52 281
455 906
765 5
843 790
778 516
823 641
883 917
558 716
337 301
968 75
894 549
488 268
342 543
101 330
960 353
609 140
950 981
269 387
268 305
550 455
678 575
872 989
975 964
741 498
953 38
570 932
841 237
562 413
145 623
570 638
679 212
154 675
826 127
160 559
873 308
385 582
465 755
643 943
755 356
430 553
943 782
168 116
100 556
539 561
512 707
759 892
519 177
768 745
598 700
172 576
784 780
772 825
433 204
689 902
798 440
466 802
614 350
465 613
410 347
762 651
249 360
938 500
476 925
160 834
746 369
893 20
430 476
559 539
451 948
612 939
8 968
73 913
560 588
478 261
980 508
753 146
154 102
123 650
304 111
826 430
37 530
49 742
392 937
246 491
102 870
612 961
481 244
83 768
713 51
442 736
422 618
568 846
841 478
855 696
95 888
751 523
701 16
250 763
670 754
220 151
515 277
34 239
458 822
22 910
743 774
269 101
976 517
907 201
130 433
946 893
10 229
893 672
346 840
25 792
384 569
404 896
130 741
459 698
187 43
946 868
519 596
795 240
25 118
249 188
682 660
937 147
82 113
95 935
319 808
738 832
351 259
167 114
665 18
629 403
836 331
638 339
467 210
731 940
521 222
389 945
671 214
125 969
38 427
867 520
506 412
837 318
604 417
167 170
845 155
166 788
288 712
194 470
810 33
798 591
923 578
658 483
401 627
725 879
130 751
357 62
909 150
558 548
10 815
122 760
609 218
889 880
608 775
853 778
883 566
586 555
401 862
967 507
959 863
304 976
172 211
950 135
377 572
643 66
383 487
934 246
784 686
288 944
638 529
393 659
489 136
831 967
100 52
78 585
561 291
379 215
713 423
441 415
534 213
109 297
619 372
317 807
279 563
838 435
258 799
997 999
383 243
598 138
869 642
539 875
265 878
81 444
557 26
230 820
267 891
478 856
396 36
401 411
430 389
516 70
95 720
932 249
529 206
682 236
559 527
497 11
29 93
247 425
933 273
776 830
729 234
452 344
384 128
606 992
512 812
752 779
798 220
506 193
499 108
347 30
679 266
946 157
533 809
411 562
889 546
814 89
883 63
607 984
841 515
919 662
665 934
566 329
54 804
252 90
973 783
25 468
559 286
475 405
257 12
234 217
264 749
536 497
154 919
199 386
266 603
619 117
197 714
893 534
557 100
627 296
955 456
394 806
335 191
135 169
759 53
842 935
374 400
274 211
680 86
147 891
54 891
841 398
551 94
844 941
842 553
214 472
107 95
486 699
261 287
373 681
627 839
579 684
689 111
939 263
65 741
555 377
409 44
879 717
537 933
991 729
614 607
469 132
449 67
788 90
947 702
468 576
978 533
234 454
166 205
290 70
642 505
320 707
335 284
718 162
313 794
255 773
967 451
989 83
431 310
27 108
476 206
886 11
617 177
793 610
626 550
675 803
882 298
470 708
980 729
26 974
426 432
631 814
352 66
229 254
513 590
743 405
438 602
300 859
180 364
964 854
654 744
294 654
429 254
602 621
182 847
843 547
270 861
763 783
731 756
701 721
455 413
96 922
230 199
222 192
63 371
977 975
903 852
423 827
44 958
664 330
883 368
707 861
885 8
197 549
141 929
285 740
169 835
349 188
135 314
815 51
559 943
1000 828
566 868
939 181
216 192
201 675
475 282
820 22
23 76
691 20
641 487
136 502
312 858
38 165
265 71
161 245
525 668
358 328
798 480
670 39
133 922
182 864
591 267
830 239
593 105
630 590
219 950
402 495
673 596
206 663
280 171
95 412
590 272
706 575
838 431
73 812
139 80
844 198
409 982
141 627
202 399
488 256
460 908
726 735
591 663
845 919
943 668
302 338
162 272
722 976
148 681
821 968
961 654
579 972
482 100
836 16
487 169
927 326
508 239
144 304
620 405
399 580
422 220
511 678
347 420
579 917
689 475
29 578
336 796
873 775
70 538
226 418
884 310
668 767
122 539
521 419
441 353
401 913
469 2
598 267
514 551
660 723
85 981
514 341
532 53
629 594
436 450
349 778
251 762
400 762
82 752
610 499
767 419
288 970
356 767
583 328
6 927
580 402
917 536
480 462
910 607
460 30
956 781
735 984
31 452
919 66
115 143
500 926
897 369
480 165
102 282
725 504
85 472
980 1000
324 568
777 427
781 695
72 66
771 452
634 833
273 743
571 371
39 917
419 559
180 61
968 883
793 877
579 416
354 115
156 847
906 270
369 174
183 99
458 364
18 168
662 361
634 133
193 51
829 404
795 634
770 927
556 563
41 139
413 740
20 516
891 186
340 34
47 864
101 701
603 963
578 1
324 744
886 28
803 943
60 268
326 644
276 385
759 694
466 9
227 95
371 241
664 701
502 723
196 142
655 113
912 523
153 562
666 97
389 228
383 5
325 298
173 998
194 903
722 48
548 918
316 124
320 390
897 89
584 598
580 952
549 11
473 68
244 153
797 555
845 801
416 33
914 571
800 607
264 752
255 805
742 252
524 944
476 974
878 476
7 278
342 618
121 854
639 208
578 377
36 799
156 615
461 855
862 927
314 183
750 462
272 758
272 475
847 793
224 296
788 696
857 633
567 893
647 769
676 690
380 655
164 779
92 208
267 19
475 662
421 414
442 861
419 337
540 469
481 700
204 278
186 886
532 672
947 566
617 443
741 278
52 479
56 99
175 17
860 280
802 226
421 561
814 393
137 497
507 321
153 19
262 518
842 369
813 97
335 182
154 322
921 806
635 823
80 882
626 905
251 743
462 385
336 322
78 42
260 427
48 320
361 587
752 428
305 336
290 936
698 982
779 687
116 409
736 146
20 818
937 187
665 541
444 79
1000 604
96 148
586 917
639 35
808 300
986 311
165 724
829 688
71 57
133 587
632 336
653 632
722 757
639 746
876 110
124 880
256 975
665 321
61 656
186 846
598 415
948 447
696 71
145 493
801 83
603 218
691 875
823 897
881 133
748 106
589 211
81 170
350 809
118 441
865 772
849 853
401 984
159 386
593 921
6 52
575 697
776 754
835 666
973 411
544 332
538 686
683 271
290 146
975 840
303 158
894 850
434 215
49 768
742 664
878 623
661 755
806 315
323 503
197 226
238 27
292 263
165 271
693 565
47 415
404 877
446 552
547 224
289 25
18 169
216 320
243 690
676 864
519 633
58 644
336 238
633 552
269 1
95 127
639 103
502 183
197 650
917 360
801 24
54 816
375 16
681 151
920 942
476 516
903 908
559 618
136 77
716 573
374 631
276 131
188 699
726 872
562 717
600 205
581 5
957 65
118 489
332 534
127 656
259 105
552 389
147 502
511 485
457 574
450 407
922 280
635 46
713 399
739 385
75 749
363 776
11 896
78 747
683 599
833 817
190 381
942 972
31 209
419 97
810 869
53 503
948 998
272 430
923 731
307 503
836 979
98 160
810 853
63 242
731 320
493 233
888 576
239 140
72 251
255 54
446 343
159 876
31 756
570 55
94 634
260 933
698 611
873 737
103 477
351 225
12 480
617 809
311 600
650 460
49 859
112 362
255 89
819 845
383 319
103 394
107 642
449 430
567 7
334 53
592 965
83 82
15 152
829 529
186 42
125 903
201 406
828 465
40 820
620 186
335 891
482 669
327 425
883 372
25 477
56 215
53 985
177 479
146 273
206 819
680 334
899 669
845 974
195 722
743 514
539 49
92 440
568 389
785 948
261 580
289 456
315 869
46 683
857 193
547 93
645 860
819 947
427 64
126 780
717 977
783 625
422 683
934 790
489 954
886 975
813 957
570 713
855 839
434 574
909 114
643 636
788 942
635 452
822 736
379 119
752 452
33 267
172 50
823 279
482 429
56 907
974 384
155 626
338 546
439 452
207 586
208 419
236 701
582 503
588 719
113 199
73 680
977 723
30 704
629 473
864 364
191 592
131 797
806 676
158 152
220 736
284 329
409 724
909 792
159 858
365 246
933 220
487 431
181 494
374 578
694 193
967 674
30 707
83 941
776 340
418 910
862 667
129 9
363 691
219 787
784 950
37 606
725 888
766 851
910 108
756 481
784 698
697 623
325 850
192 386
348 419
190 786
541 52
701 269
215 931
680 860
277 484
715 965
194 390
822 201
429 649
177 286
807 641
272 154
401 777
17 107
210 337
482 355
348 468
822 543
469 767
992 760
549 266
267 750
963 752
597 900
143 955
32 292
876 931
232 475
882 56
403 486
762 260
563 718
446 531
210 757
875 382
538 750
273 516
102 249
920 504
745 684
970 299
738 297
323 829
352 233
340 867
833 518
108 458
78 455
614 661
534 729
853 298
202 82
227 351
861 267
853 810
669 736
2 630
741 183
779 446
723 543
173 598
701 443
106 521
348 225
342 629
427 940
232 252
721 49
86 293
158 245
906 752
136 69
535 223
262 519
879 910
166 906
583 949
451 910
152 915
904 707
845 295
143 114
542 757
898 943
877 634
134 967
652 714
307 768
98 712
307 633
295 624
755 64
61 257
332 839
163 277
393 118
292 69
264 716
909 73
654 249
735 307
183 854
985 864
233 463
320 47
739 780
989 304
884 109
614 892
939 779
323 122
793 886
807 226
537 419
765 109
548 448
331 636
401 531
122 575
602 928
116 741
254 194
509 326
776 470
852 214
736 257
427 376
787 302
403 918
393 853
430 138
661 726
523 888
551 145
579 764
995 610
159 125
853 86
121 410
589 139
474 116
983 216
208 816
385 50
495 532
923 353
445 944
832 166
520 831
209 983
406 618
398 65
968 919
853 403
746 997
246 22
86 501
42 640
966 543
8 480
263 923
640 460
145 265
987 394
611 269
678 439
559 956
995 650
338 484
483 342
110 936
73 7
828 376
361 926
653 447
98 496
520 361
776 318
927 456
154 370
472 300
648 575
723 383
7 952
438 889
711 223
421 129
775 192
191 970
515 544
660 31
255 619
651 228
559 874
147 504
649 664
718 861
466 710
719 223
506 323
528 8
103 696
176 902
746 644
356 452
561 56
17 730
811 418
833 756
301 126
970 952
969 772
301 103
851 963
446 656
168 77
106 168
242 620
697 358
553 978
324 165
311 823
289 787
338 132
399 617
130 329
903 581
345 389
631 449
771 563
329 554
849 140
387 444
997 918
833 316
687 913
914 60
478 34
899 263
496 883
677 74
240 605
514 240
197 721
239 295
903 503
893 730
948 360
350 795
622 176
250 253
138 131
675 983
510 383
627 764
234 730
402 731
947 291
500 723
546 611
666 219
80 61
267 584
390 325
421 380
34 271
741 830
224 509
227 600
297 541
406 884
300 842
990 954
739 734
232 685
145 772
797 673
117 878
781 696
277 515
192 715
60 149
228 76
257 206
495 281
157 29
617 28
435 894
391 984
490 303
827 36
682 182
678 449
870 96
295 286
142 126
411 30
277 318
574 306
561 740
136 335
719 82
823 274
383 185
600 631
723 431
542 900
224 933
647 556
305 266
723 254
191 924
999 454
942 486
658 39
352 495
2 958
240 551
70 885
321 843
139 369
879 806
545 733
821 925
818 233
180 199
29 503
874 86
20 208
315 667
872 648
846 240
591 315
112 102
312 979
598 955
887 441
185 902
688 283
546 126
769 53
57 624
700 898
345 782
578 908
562 226
499 371
5 824
493 744
559 411
457 40
331 905
307 969
30 819
434 705
203 936
158 32
