1000 1000 0
507 276
246 548
580 756
154 331
520 194
810 769
891 34
319 685
608 410
694 823
176 434
131 417
550 568
131 970
929 562
842 431
6 479
592 674
29 11
458 717
177 539
343 532
931 967
390 126
617 919
859 415
825 554
574 5
225 781
392 683
649 576
377 567
200 975
494 136
731 853
342 910
347 125
931 714
966 939
499 482
29 684
4 154
517 265
328 89
761 999
943 216
324 894
860 899
766 66
66 217
823 455
62 249
459 972
171 351
103 35
871 29
895 549
350 324
882 423
807 946
62 60
511 907
337 227
328 646
69 91
765 603
409 96
627 969
633 897
766 109
471 53
772 39
347 184
22 387
657 587
605 833
212 840
5 837
97 379
832 416
515 675
148 801
753 176
491 278
402 7
958 267
660 469
252 336
758 464
423 218
468 838
166 271
58 617
6 497
29 24
646 649
1 602
487 52
406 959
767 205
350 633
239 822
630 702
58 253
737 243
441 639
639 716
595 802
675 900
645 950
18 502
320 796
591 616
973 73
96 869
636 84
563 374
722 292
106 418
396 699
190 281
845 483
730 179
673 870
863 722
77 193
274 366
767 520
552 951
658 246
23 577
87 537
389 591
47 940
561 421
143 813
328 241
409 159
302 778
872 687
936 191
493 575
737 966
983 76
935 148
6 505
867 342
31 768
99 228
788 129
49 487
210 597
309 260
95 564
96 306
315 344
811 628
201 38
643 251
966 489
414 151
81 739
646 735
863 542
983 221
737 463
595 27
659 818
909 422
809 780
130 883
255 844
27 804
763 832
585 429
420 742
406 911
853 618
230 839
399 287
274 362
748 550
23 790
519 396
348 947
94 443
320 75
242 146
337 440
890 156
309 560
178 933
922 957
117 527
1000 268
50 474
487 757
559 240
857 647
200 168
240 175
315 638
406 88
401 187
927 640
586 750
118 924
429 190
792 235
171 48
475 522
146 805
118 547
343 373
124 611
891 508
78 492
162 332
714 737
110 634
658 694
232 860
466 378
436 896
580 738
377 863
998 605
99 553
714 411
902 365
592 882
49 357
88 55
897 234
399 875
28 574
959 280
773 728
631 200
771 330
876 526
230 895
605 14
284 668
933 453
459 905
911 908
394 982
59 58
689 727
771 767
588 457
617 504
162 826
464 390
983 906
627 30
87 518
607 782
694 590
597 180
212 718
72 943
40 353
547 626
704 69
881 856
901 733
737 786
319 229
343 87
517 224
128 113
343 116
221 789
779 178
409 100
742 454
90 380
229 600
839 302
450 663
772 279
417 103
423 430
246 171
896 435
72 399
232 872
81 570
315 692
986 627
530 122
788 70
509 112
559 9
16 71
449 149
515 110
94 993
628 682
720 247
284 107
789 124
618 32
493 852
34 334
28 704
927 610
860 460
468 788
94 925
416 182
867 77
889 660
832 132
94 678
227 264
269 784
595 428
341 545
666 318
534 641
313 744
350 345
766 644
172 206
810 762
287 934
574 371
121 898
339 13
509 851
911 811
424 984
24 662
390 681
494 40
733 10
202 665
441 858
893 95
781 865
918 540
87 643
576 204
425 585
611 734
198 985
135 814
859 195
788 158
260 17
146 913
132 903
202 495
28 484
737 758
901 270
998 536
622 369
918 33
392 850
738 713
650 400
1 169
530 507
992 340
788 313
659 743
96 153
988 269
536 162
478 382
170 887
797 304
945 561
867 338
577 499
901 123
407 514
458 765
214 556
996 131
715 236
509 876
411 274
270 583
633 615
212 316
582 817
922 485
350 785
559 185
98 437
737 252
917 829
135 841
832 137
983 783
526 120
250 456
890 501
917 405
694 447
639 794
826 350
546 607
985 219
31 208
395 892
735 46
238 498
939 320
101 846
395 606
983 740
634 990
566 59
230 563
270 777
493 225
9 620
831 233
580 884
999 392
532 798
551 368
976 144
324 849
633 78
6 773
408 61
557 152
5 584
755 303
232 420
648 510
402 238
576 478
756 760
304 989
126 301
919 19
58 381
285 22
804 956
640 551
495 404
756 623
212 916
694 488
882 2
406 586
337 731
162 725
788 319
610 442
753 8
842 521
414 43
131 65
823 173
633 409
534 47
615 486
996 451
316 867
287 917
973 94
888 936
36 945
669 166
233 792
330 986
459 92
983 54
166 978
458 414
850 971
571 63
94 424
248 172
812 189
428 830
312 445
319 598
856 815
517 354
391 828
737 337
229 105
710 719
825 472
863 199
558 953
279 720
873 82
678 963
464 748
935 881
402 636
647 799
731 689
740 612
985 868
459 128
765 157
453 376
707 401
441 988
643 377
961 493
746 533
248 831
390 427
614 326
50 706
959 996
541 671
441 143
959 321
414 20
871 524
521 465
812 652
832 747
769 272
48 115
988 648
399 569
860 746
118 691
935 874
88 311
208 601
1000 142
395 666
406 343
691 523
240 902
343 845
939 119
366 795
643 231
49 291
789 820
649 732
296 995
494 393
109 273
242 496
235 656
330 659
402 309
77 99
475 909
536 923
88 517
60 165
989 609
826 467
359 701
785 952
943 669
357 6
347 188
54 937
417 439
487 871
307 864
61 462
714 594
983 1000
4 555
678 283
763 977
537 763
630 98
114 705
639 608
391 239
457 167
390 926
72 222
395 862
544 723
43 163
45 140
172 359
259 244
252 755
458 250
855 314
173 277
920 473
920 800
825 771
466 67
360 857
688 18
269 810
536 630
232 476
838 135
345 976
297 372
512 670
439 80
506 86
230 980
349 295
605 981
128 854
988 557
217 806
857 403
493 566
823 286
220 525
636 155
16 543
509 513
62 653
790 346
136 930
853 836
262 676
995 174
998 886
471 941
316 466
786 635
207 398
966 927
714 407
392 101
299 667
72 258
519 305
546 438
377 23
860 992
46 213
766 317
518 370
386 210
406 516
338 266
481 752
856 333
509 25
976 444
753 471
433 450
89 500
840 938
886 259
935 531
856 842
69 593
293 803
433 679
916 791
438 130
77 932
441 998
1 889
973 223
772 475
571 914
373 859
628 215
529 226
891 254
68 942
380 816
966 893
493 921
156 141
627 198
678 16
250 812
1 385
302 207
786 36
960 506
912 104
508 31
880 708
546 296
382 793
87 425
406 347
890 145
164 121
299 323
927 912
315 419
957 183
360 202
131 290
90 348
848 807
618 661
231 715
36 848
146 541
867 751
313 955
658 821
121 90
11 787
415 3
509 64
732 697
460 503
733 192
927 515
413 613
788 698
853 530
60 774
743 878
36 468
131 312
552 629
20 480
856 721
766 349
947 637
399 827
755 879
693 579
768 759
390 529
347 582
403 726
87 596
804 528
345 847
552 196
766 658
390 709
108 578
930 42
66 361
552 672
519 558
355 170
983 565
856 426
886 915
463 56
567 834
638 111
578 954
566 766
334 885
215 619
634 356
205 289
798 835
409 327
945 45
441 724
395 375
123 85
867 329
27 181
844 220
72 753
452 673
890 248
766 855
920 509
658 595
87 873
420 106
649 93
121 770
843 37
94 358
809 965
293 307
436 389
630 918
751 621
513 761
408 979
799 490
961 325
508 83
441 212
425 147
540 559
566 352
989 736
94 929
758 230
901 62
709 294
420 461
772 341
673 664
249 412
896 631
373 459
714 901
863 688
836 284
137 729
249 703
355 491
474 261
593 388
882 384
433 880
464 983
173 571
79 102
567 177
131 962
705 680
922 257
125 625
164 436
375 57
900 544
628 712
621 160
755 592
27 657
411 700
993 51
108 15
925 819
804 974
895 604
966 328
525 949
714 690
97 288
151 161
488 481
66 117
274 494
591 824
966 922
959 197
324 452
821 282
491 964
763 991
445 552
327 477
471 754
635 624
81 891
737 920
709 968
895 275
212 580
969 150
871 534
659 779
230 114
12 696
698 386
232 214
998 707
60 4
630 402
714 298
36 642
328 263
36 164
952 928
593 589
356 808
65 449
406 931
960 21
511 622
125 645
580 997
678 948
343 797
990 572
777 186
872 776
124 741
328 28
202 322
897 50
344 888
765 866
853 651
530 710
811 730
104 511
456 446
435 654
358 134
848 310
678 237
997 394
561 203
250 308
50 546
212 108
961 1
555 339
935 242
976 255
509 745
981 512
355 138
766 81
807 300
996 433
777 749
419 677
875 432
305 262
458 26
900 535
473 686
72 297
823 209
443 994
839 355
88 772
88 693
304 364
580 960
897 935
1 74
785 139
14 408
730 538
350 360
350 391
998 890
901 315
945 973
967 211
87 877
838 944
59 395
433 588
605 285
973 118
831 299
925 367
709 133
70 695
251 775
840 363
931 49
961 232
6 958
755 825
51 581
658 127
541 861
912 632
975 614
341 12
67 764
58 201
330 413
754 599
901 441
140 335
291 711
566 519
202 41
897 458
343 961
823 397
209 448
529 245
470 44
786 904
355 650
7 987
876 843
640 809
274 383
871 293
52 256
978 79
536 72
863 97
291 68
616 470
343 573
310 655
983 178
463 536
408 264
710 16
684 253
216 657
474 446
822 237
195 864
719 532
226 325
365 985
321 115
762 595
475 364
790 293
31 155
270 405
434 924
316 855
349 855
611 160
582 10
526 141
2 752
295 508
58 399
104 41
450 416
319 922
928 381
443 550
870 968
807 716
9 347
852 2
144 10
868 185
251 270
213 766
474 913
683 251
895 161
479 484
159 688
972 421
531 772
5 283
724 329
707 347
558 344
367 186
622 335
960 488
759 905
998 635
6 76
176 893
544 769
672 839
628 372
393 216
14 149
568 435
463 159
808 400
85 806
478 147
346 380
260 914
487 402
736 650
345 996
393 43
559 65
671 323
608 952
574 378
420 294
850 159
28 685
603 594
764 622
706 568
884 755
778 102
714 132
904 516
370 454
57 678
825 796
845 444
561 968
307 64
611 609
302 384
313 431
528 742
919 116
805 181
811 800
925 155
364 190
225 174
693 10
830 388
359 526
426 29
107 531
876 625
445 431
181 510
795 142
622 852
738 824
523 968
489 18
902 131
553 283
838 163
595 529
692 849
986 892
534 376
546 650
127 527
317 421
845 105
412 633
988 496
18 342
446 79
533 520
729 455
620 220
207 817
470 654
279 588
306 547
196 564
709 844
68 219
549 740
925 71
445 688
141 135
548 874
463 509
296 22
825 323
112 184
857 365
345 673
405 640
750 892
13 505
277 342
565 944
383 902
479 68
775 436
189 75
354 145
500 352
911 327
745 44
339 361
196 127
997 506
543 919
229 70
993 987
920 206
643 606
924 978
529 802
502 577
759 889
419 990
457 360
373 305
860 868
524 813
927 644
436 309
457 329
163 658
773 747
145 952
209 795
217 138
744 135
951 554
853 559
906 38
590 653
505 389
473 813
186 896
790 374
232 327
784 680
427 830
816 567
907 679
403 679
297 746
598 93
146 562
767 804
406 899
566 801
440 98
133 307
584 353
270 1000
250 530
876 177
237 328
232 187
514 913
554 997
376 272
998 591
425 143
450 46
62 870
463 583
306 172
107 527
885 755
997 590
845 591
170 973
957 53
223 325
450 973
507 15
216 808
783 900
903 750
810 763
611 361
320 269
157 408
54 640
795 54
228 371
827 886
941 953
965 478
96 189
711 927
856 926
700 595
212 524
309 511
486 401
441 702
542 929
284 71
132 563
250 333
767 379
827 330
805 812
877 954
634 646
393 845
431 318
576 532
806 275
905 717
220 822
552 881
840 857
742 181
378 889
334 648
188 311
670 525
240 879
797 745
903 60
236 282
281 547
173 907
696 907
996 447
49 819
68 273
846 193
14 663
694 372
420 176
721 516
107 36
842 677
327 696
933 437
830 826
98 795
887 319
519 972
886 764
34 91
370 4
286 230
757 894
211 335
81 728
787 362
512 868
483 311
712 89
322 598
559 634
986 825
861 109
902 185
284 238
908 43
799 35
193 404
775 286
29 254
367 465
705 739
228 220
88 384
49 172
23 161
330 729
682 366
23 580
305 634
201 54
924 588
35 808
520 830
144 753
453 840
944 444
861 125
945 862
589 985
205 926
47 913
204 708
340 547
878 349
763 304
867 138
622 67
249 682
211 621
755 740
538 382
720 71
335 792
429 834
895 525
434 628
963 605
708 988
751 464
240 273
920 416
921 307
354 870
511 880
219 94
549 333
307 455
810 227
76 153
452 233
808 242
786 333
467 913
327 360
721 207
646 659
789 616
661 727
587 487
402 443
82 795
229 760
678 100
793 994
13 298
291 803
580 220
190 951
18 215
995 308
924 466
528 286
133 369
323 903
345 379
515 175
785 886
147 755
326 384
655 151
651 435
849 686
954 922
256 336
694 8
790 30
870 863
802 331
606 849
498 835
5 538
324 370
650 369
714 963
856 956
741 492
179 174
242 784
620 272
496 447
346 777
962 377
224 522
835 906
940 192
857 476
983 117
483 964
116 535
819 193
1 228
793 485
515 117
605 924
599 617
716 769
109 616
246 249
800 267
75 347
632 57
52 716
497 289
641 502
284 671
648 609
519 42
842 308
933 130
198 131
744 517
181 772
354 211
984 207
696 697
439 613
986 413
884 920
884 115
153 387
41 737
210 905
640 127
318 684
185 180
889 582
28 833
982 599
893 138
89 297
283 449
906 375
30 9
376 876
353 526
231 360
515 207
252 279
132 803
294 453
314 620
484 207
441 609
433 435
44 716
132 278
897 96
142 200
769 371
296 14
920 788
164 264
255 240
714 418
865 657
624 410
858 665
504 493
462 171
496 38
931 553
524 870
944 938
264 384
557 397
126 799
210 570
344 917
168 387
487 54
248 658
642 501
24 500
813 922
970 217
259 288
315 743
640 184
516 937
138 32
968 923
165 969
32 86
176 688
722 377
435 806
42 69
339 376
565 105
916 148
953 40
922 180
594 944
916 250
57 254
564 605
848 19
944 574
873 378
402 142
598 139
49 940
268 448
880 129
586 202
732 431
709 838
371 853
811 321
754 214
200 949
342 333
973 71
158 477
685 655
673 626
322 527
782 823
431 479
729 66
322 164
48 671
420 901
245 465
422 687
424 758
704 130
857 974
260 752
631 642
525 661
487 149
981 4
738 627
88 578
247 867
812 695
486 58
941 17
9 109
139 605
259 343
608 363
497 97
980 632
839 365
715 6
427 137
502 399
177 467
638 162
794 262
584 642
355 379
196 880
738 554
311 470
272 207
170 806
427 254
234 324
520 700
994 686
155 247
837 216
824 95
738 93
266 729
233 556
187 562
593 295
444 402
904 733
342 555
621 396
559 622
901 882
832 354
304 282
896 85
491 427
926 371
245 362
649 801
622 229
202 506
726 112
806 669
453 492
720 291
441 426
479 319
504 705
829 649
162 261
840 634
382 332
452 93
681 219
144 585
904 746
192 580
860 914
50 902
647 587
831 201
571 487
65 596
276 342
343 225
348 394
912 234
240 377
519 95
732 449
363 146
368 302
781 947
526 828
694 237
842 31
513 447
289 945
279 582
399 349
959 324
183 25
50 801
142 525
332 412
668 259
422 907
780 7
435 644
649 106
235 914
873 365
386 754
907 209
66 982
941 444
314 348
472 464
419 995
360 160
71 345
6 974
510 387
770 812
438 837
451 607
517 29
217 664
107 665
790 849
386 646
755 854
104 870
5 794
184 505
398 701
769 663
575 617
94 369
223 257
627 197
246 403
476 799
52 516
864 137
739 884
782 193
402 931
736 625
270 626
385 333
6 519
320 639
287 660
118 82
178 738
753 926
283 54
300 898
148 283
857 214
361 64
768 725
790 373
262 650
823 281
73 333
125 150
996 29
224 403
231 990
434 793
632 457
698 788
508 422
528 121
872 657
579 915
535 646
927 173
992 894
980 574
634 961
911 354
917 180
106 788
436 711
352 79
167 966
398 97
682 865
22 975
269 224
367 964
827 770
265 750
835 563
250 176
753 935
908 940
251 581
870 17
683 206
977 650
877 749
621 365
826 236
509 635
31 527
425 423
550 264
228 325
715 7
378 968
60 887
687 386
752 872
618 713
697 957
730 869
756 182
717 429
272 286
721 972
362 190
891 702
53 927
666 295
902 151
601 749
354 319
67 508
67 193
25 474
225 919
195 335
270 531
451 472
861 49
817 797
687 697
232 776
635 944
384 347
921 115
417 785
446 586
668 220
41 927
644 112
449 938
477 973
251 606
412 784
240 930
563 938
720 294
480 581
282 709
216 264
254 308
437 588
564 518
268 990
65 445
721 595
716 861
193 70
230 816
253 538
599 683
909 14
69 51
421 744
837 811
587 412
229 653
552 907
715 775
670 775
608 738
989 477
902 646
419 833
926 951
69 477
845 539
425 695
936 279
211 142
704 296
306 32
567 233
728 369
106 347
175 264
269 418
467 63
132 758
515 730
48 339
150 569
557 335
446 429
5 814
464 87
530 803
748 739
352 858
246 694
240 282
2 24
50 63
631 440
759 574
989 378
95 424
7 167
959 870
390 333
117 339
282 236
790 653
299 811
368 448
653 156
671 633
235 827
580 945
475 535
394 830
184 723
812 774
668 19
55 536
145 795
138 347
292 825
995 140
122 805
56 627
3 394
514 966
158 320
102 992
930 570
947 585
304 674
721 822
499 352
485 402
788 360
710 26
746 923
963 466
105 287
615 14
792 79
707 701
779 180
485 695
758 636
268 985
833 195
635 34
509 833
278 13
571 797
440 80
127 917
418 44
96 971
445 10
189 198
13 921
979 285
474 165
218 471
65 818
669 353
57 758
732 552
57 848
219 30
368 544
350 534
518 745
953 122
843 993
829 785
475 676
981 190
731 410
684 284
149 639
138 744
889 760
519 26
130 842
64 811
390 710
702 38
245 676
633 724
256 480
320 812
694 786
420 339
376 464
545 863
807 731
861 122
986 476
93 90
837 772
609 789
250 398
53 396
797 825
998 832
644 922
81 874
238 543
676 505
224 52
643 964
412 651
860 18
