1000 1000 100000
154 527
65 75
341 716
384 978
757 687
988 184
230 472
162 241
161 276
694 697
779 856
267 292
206 611
494 60
464 733
856 254
523 90
115 41
653 769
128 512
576 937
431 319
194 459
896 109
436 322
859 780
952 626
671 765
247 368
1000 793
210 922
599 625
462 491
588 971
556 617
848 598
392 789
581 797
879 615
153 897
603 158
812 690
966 463
852 804
527 622
528 913
289 365
817 873
142 928
526 305
647 286
605 954
863 696
363 202
785 355
588 866
746 187
578 439
439 408
104 277
492 651
965 901
757 990
280 719
297 442
477 887
729 638
153 349
106 454
431 560
912 633
201 540
679 66
293 353
903 465
50 548
186 774
438 216
624 858
603 456
264 356
18 574
698 749
971 966
360 86
668 33
615 357
908 182
154 766
184 424
453 665
470 676
24 148
330 95
248 134
31 528
598 545
165 992
827 447
352 224
642 137
339 188
74 282
428 290
854 108
339 156
540 478
885 520
855 418
681 864
434 509
756 541
180 333
574 228
133 513
603 875
534 916
380 479
603 761
313 711
586 194
121 688
895 707
305 427
206 818
338 593
731 181
777 175
865 917
540 223
163 251
762 786
952 406
875 535
964 900
765 401
265 205
18 610
669 122
822 263
276 498
18 518
886 792
755 7
439 525
531 23
61 238
351 775
883 328
318 74
336 506
806 819
92 972
311 663
313 178
119 289
63 233
564 326
69 508
198 559
895 511
237 392
994 929
509 646
907 768
399 899
544 265
206 603
384 440
877 632
562 710
798 808
383 296
774 387
96 93
974 325
528 243
145 215
153 885
971 52
407 529
444 452
348 246
291 395
324 272
291 219
725 564
351 895
403 816
42 738
18 536
227 288
195 577
29 722
404 853
338 139
700 794
896 274
611 522
279 441
65 589
361 19
383 798
171 912
680 556
976 666
412 803
442 877
848 914
765 237
732 767
534 542
419 784
232 55
188 266
528 313
404 671
843 135
728 743
509 242
547 446
919 153
996 668
865 785
302 602
985 101
261 320
314 935
75 416
680 943
941 316
564 314
221 606
605 754
57 204
901 783
360 278
840 142
301 782
371 403
500 952
567 87
269 329
785 30
942 924
655 850
785 714
161 543
129 42
358 843
247 213
195 151
611 811
359 634
61 573
270 860
313 43
1000 402
611 49
181 129
105 802
919 453
785 250
286 857
112 842
837 127
438 569
827 413
678 893
392 385
524 627
186 672
562 11
3 222
523 299
229 763
112 494
76 563
384 40
712 946
320 72
801 570
358 210
403 550
971 734
895 304
576 176
784 656
591 68
295 363
444 977
213 652
115 257
274 962
966 980
913 279
510 532
564 221
512 967
896 839
295 911
258 832
156 851
236 821
275 29
926 234
945 483
674 915
248 827
847 144
774 669
733 62
223 390
517 50
931 515
4 160
898 432
909 539
210 154
793 318
145 881
940 605
679 35
482 655
276 143
580 984
414 359
461 58
404 725
702 703
463 104
558 904
130 500
255 822
785 470
700 17
276 370
734 700
390 662
919 170
785 586
153 81
934 59
223 118
347 284
842 77
327 824
200 283
518 636
158 484
588 820
306 64
379 620
512 150
809 482
51 695
838 578
424 499
420 814
374 623
926 340
517 197
503 762
421 373
568 110
919 684
541 995
709 362
889 80
698 880
195 3
135 407
95 267
805 753
827 612
849 521
604 343
471 245
194 776
58 505
788 869
930 461
664 566
510 39
268 607
527 172
440 473
994 643
134 704
610 102
390 162
939 723
664 516
543 871
95 25
186 36
745 597
611 120
106 731
917 616
97 823
812 809
456 810
125 647
286 136
213 211
360 806
256 369
176 394
957 590
573 828
106 145
916 849
1000 941
748 706
444 963
998 16
358 71
186 674
141 133
794 788
406 131
456 497
603 878
26 748
442 699
624 124
438 852
86 429
788 218
756 934
399 14
921 347
672 88
31 829
522 504
467 21
477 256
478 421
835 795
930 433
186 551
848 174
53 5
134 31
594 192
201 1000
624 557
215 415
835 796
801 840
919 591
976 334
576 993
587 567
477 874
421 166
671 848
404 63
748 445
650 544
896 193
237 834
17 831
318 983
642 815
438 22
887 398
624 190
201 404
838 327
603 13
229 485
536 778
732 163
814 855
540 953
63 183
838 927
853 879
441 841
260 640
223 436
379 614
650 777
360 351
288 225
827 965
96 300
49 751
857 159
775 388
4 114
389 888
773 906
278 146
312 601
247 592
270 235
756 312
517 295
526 249
848 918
542 342
785 348
63 517
793 48
628 933
229 54
547 846
114 693
511 979
321 15
765 630
743 791
732 747
837 467
50 947
827 729
369 889
656 507
731 741
1000 976
661 344
938 664
4 682
114 727
694 378
878 584
883 936
351 51
299 886
349 561
437 717
468 985
495 306
605 311
438 526
59 226
278 624
296 923
429 239
431 98
201 186
162 376
185 737
941 960
798 384
530 951
237 268
49 908
454 892
674 115
855 830
642 876
517 255
102 275
549 83
404 358
707 361
26 157
618 259
70 203
404 18
7 94
976 588
1000 281
605 969
873 956
824 171
897 481
824 47
364 920
401 434
247 2
242 469
720 455
379 338
173 199
881 670
394 975
818 130
198 997
124 921
301 379
420 125
256 8
883 389
437 244
801 321
96 92
693 490
547 996
135 581
384 119
952 939
23 345
135 709
6 718
767 949
620 346
302 331
456 212
438 599
680 744
817 423
930 116
960 372
227 565
680 12
687 661
70 298
593 457
610 698
301 149
669 907
493 787
358 691
798 752
339 986
4 117
603 712
938 750
564 558
564 945
855 138
200 350
192 364
536 940
95 898
521 959
158 639
967 335
856 231
543 155
687 594
355 32
779 425
22 140
17 126
308 635
442 185
321 207
172 736
823 641
139 514
618 863
785 471
574 26
206 438
875 426
514 519
671 38
742 554
414 571
251 27
626 61
32 180
125 677
270 631
549 164
757 891
965 37
420 502
921 57
145 756
281 582
237 339
880 422
746 867
230 405
339 475
601 444
671 291
270 477
201 229
631 987
379 167
384 847
547 837
353 653
956 121
540 679
746 872
518 409
622 435
447 45
31 315
997 200
201 587
478 801
817 262
7 375
917 501
202 575
380 330
907 836
404 383
379 537
489 726
667 813
603 489
542 414
953 781
704 547
383 531
591 147
278 201
729 865
190 260
31 391
581 629
454 600
210 302
574 230
971 107
52 760
145 970
17 740
846 628
966 862
824 715
774 44
760 165
487 496
513 579
351 919
654 466
690 103
500 854
268 890
671 371
100 487
32 419
562 495
995 790
586 209
629 132
350 910
551 649
232 658
467 689
942 458
336 955
57 999
997 618
53 805
390 236
260 546
960 683
174 681
380 195
358 128
223 883
111 845
365 685
54 113
895 99
334 84
184 220
134 534
610 642
881 961
374 310
531 724
622 732
622 451
577 746
888 596
729 680
302 400
909 989
339 817
610 366
229 770
895 650
843 112
306 585
846 764
859 258
853 950
227 70
779 82
966 583
64 252
516 462
145 903
730 273
304 757
339 835
873 208
671 352
360 380
274 728
2 474
181 555
650 991
349 280
114 97
568 89
817 701
226 34
312 111
129 931
822 85
919 247
765 562
54 981
493 78
190 609
700 448
261 308
173 678
810 968
785 838
957 393
154 168
306 431
773 488
555 381
684 307
206 161
966 772
844 644
639 713
576 549
605 621
521 533
837 354
324 428
450 538
605 173
810 608
597 69
922 91
794 443
268 271
528 53
695 430
128 942
345 861
895 660
752 758
3 261
829 702
989 28
576 667
468 198
156 169
603 293
898 214
744 309
66 553
266 67
577 708
547 692
508 705
301 264
339 844
534 450
631 24
961 1
147 96
965 503
173 460
97 177
124 411
669 994
686 269
292 9
500 476
320 637
376 524
357 694
383 240
441 367
941 988
181 686
750 480
720 925
501 76
212 317
919 179
74 957
254 902
798 812
812 123
287 826
752 730
306 492
424 232
919 248
358 106
711 825
596 191
304 896
933 386
895 301
681 46
464 449
560 105
671 270
265 948
401 56
86 884
966 396
357 657
983 982
827 870
588 196
860 868
201 958
577 493
847 100
363 675
600 79
533 595
201 909
688 648
145 420
18 217
585 619
755 285
173 294
838 773
725 468
956 253
359 397
688 152
42 800
996 510
719 572
232 604
953 926
575 998
547 4
258 735
160 894
321 654
583 303
421 944
195 6
304 141
564 437
493 720
603 932
414 580
423 799
163 530
814 807
849 337
374 673
964 859
628 323
436 341
18 206
654 374
339 755
514 377
682 464
622 10
100 759
302 745
647 332
304 779
899 486
24 938
248 905
134 973
371 523
430 227
939 417
293 964
918 974
210 576
945 742
984 189
318 412
790 336
915 20
624 721
983 645
953 930
51 771
751 287
329 659
450 613
953 65
372 552
462 739
313 399
930 73
666 833
843 324
896 410
618 382
352 568
983 882
810 297
594 609
109 437
772 57
709 545
929 947
697 429
88 110
810 364
770 703
295 178
731 249
591 425
774 856
832 176
852 919
316 427
64 974
602 620
16 827
946 956
728 193
518 66
415 694
102 137
261 849
995 916
945 464
643 635
537 903
271 430
671 608
567 367
489 273
862 417
172 387
692 783
95 392
255 886
612 879
595 771
268 437
82 268
77 639
549 160
365 587
984 665
565 507
409 610
294 7
453 387
286 554
868 718
380 827
707 896
897 425
792 799
924 671
254 421
736 267
922 932
239 657
202 827
488 200
280 350
447 430
124 145
402 103
965 247
817 120
997 864
899 839
427 801
462 377
554 878
631 737
922 844
248 343
866 600
352 893
230 918
502 864
110 47
969 293
397 964
952 230
470 883
538 723
599 60
451 79
25 426
995 955
420 709
816 4
217 71
454 126
658 240
6 366
122 21
232 3
361 548
279 293
444 73
947 898
406 51
295 610
57 341
590 478
442 784
661 259
77 617
649 837
804 998
957 479
914 803
978 927
474 489
230 881
327 482
914 655
847 419
273 754
649 849
740 801
612 450
864 559
491 962
812 809
872 350
84 367
98 342
557 957
632 73
502 304
886 501
673 816
549 230
284 457
950 243
806 742
701 131
215 401
444 469
875 8
649 933
707 197
593 327
827 407
244 885
397 916
150 573
165 339
766 52
988 473
106 198
881 609
960 808
28 996
487 483
611 78
794 865
637 643
39 823
712 262
385 967
857 220
975 400
815 701
942 509
264 243
726 491
233 258
790 36
459 876
946 623
220 484
5 266
512 360
628 867
991 357
827 467
981 240
594 568
245 493
915 783
154 179
766 609
123 192
10 771
696 702
271 989
398 461
575 680
596 960
954 444
759 21
133 949
253 32
154 103
594 944
294 444
343 633
740 523
100 751
346 52
496 738
268 418
568 908
773 587
140 733
245 163
599 779
72 203
33 732
776 657
583 259
391 596
899 49
539 565
928 819
773 147
615 871
44 282
168 30
6 253
951 919
52 950
981 989
513 831
7 531
400 538
373 81
692 57
806 780
482 763
762 118
581 718
193 762
827 648
208 291
814 525
40 635
326 180
733 661
109 697
322 291
526 69
71 565
820 147
937 708
356 276
50 683
105 552
61 919
562 928
909 18
74 28
497 283
207 140
337 102
114 992
865 53
293 894
463 942
284 14
481 559
664 171
303 398
966 200
244 490
28 808
291 198
699 693
842 905
144 370
304 629
490 706
372 498
262 241
207 635
154 174
758 910
652 419
893 995
817 586
838 38
889 757
904 352
909 577
194 552
723 162
962 991
867 124
199 755
249 719
552 394
337 791
90 535
507 290
218 510
689 276
986 738
661 805
156 563
388 760
596 990
302 5
484 864
417 957
719 860
649 234
605 760
265 765
279 918
778 524
354 237
625 406
876 724
718 611
50 953
912 782
189 745
586 684
94 708
503 19
12 577
41 111
309 435
731 763
198 273
774 594
446 786
955 183
428 775
451 24
547 256
231 183
740 147
755 768
793 975
894 678
403 817
345 734
858 944
192 983
840 989
741 732
40 925
105 881
86 688
83 984
415 993
268 634
415 403
780 816
665 14
616 319
753 174
885 251
151 383
713 572
51 160
438 294
825 543
135 34
413 320
742 183
54 831
5 970
343 291
138 531
3 62
437 974
7 318
113 511
579 912
587 266
696 114
628 30
754 669
262 233
362 945
841 856
48 305
802 903
438 151
455 131
588 305
622 278
694 852
383 309
812 724
914 961
645 483
40 405
126 68
521 256
200 233
850 610
464 263
864 72
108 75
145 512
267 2
776 70
563 848
977 144
928 124
328 525
130 628
127 353
889 393
68 894
136 429
598 925
809 211
959 381
258 724
762 269
566 94
236 611
303 125
719 760
728 456
364 778
106 405
474 107
991 391
430 528
853 282
887 568
670 775
122 53
266 724
354 145
173 849
480 568
543 865
900 829
78 221
718 581
584 147
504 777
246 232
845 575
812 118
679 839
289 779
544 597
733 963
955 311
879 424
687 402
652 16
204 774
117 780
220 829
61 555
464 639
776 677
361 193
352 952
132 415
134 838
391 977
757 427
992 260
923 550
225 114
369 419
523 814
605 793
110 148
775 173
270 827
322 712
149 755
797 988
454 394
479 177
523 59
351 844
374 111
982 941
401 796
184 294
994 596
829 787
453 633
571 242
143 658
919 618
330 220
537 906
194 446
418 421
355 369
815 361
781 935
295 335
508 504
386 904
384 309
169 672
925 767
817 372
344 191
273 955
465 164
449 135
238 773
544 874
800 623
685 81
225 890
384 741
340 235
73 971
283 613
249 122
767 47
863 544
903 181
371 44
291 763
314 448
398 733
279 886
211 149
965 772
718 451
160 690
340 384
622 810
632 703
512 690
61 717
275 716
42 303
253 344
850 640
701 328
65 304
756 835
878 617
207 771
940 879
394 544
895 264
888 272
729 58
752 941
929 418
82 482
14 72
433 186
493 894
608 875
4 708
470 886
399 805
222 183
145 151
525 253
908 355
853 380
315 950
931 977
92 676
183 490
652 450
848 359
626 274
762 813
983 906
647 95
969 447
319 80
668 345
751 450
120 735
621 575
503 188
572 301
466 496
37 9
223 915
46 466
50 842
865 916
356 760
644 801
814 344
240 864
848 104
43 658
347 233
382 350
283 577
854 592
656 728
411 59
41 720
8 911
294 447
308 992
726 857
557 934
299 358
98 231
862 662
459 508
816 352
45 266
269 477
930 278
252 670
767 966
68 283
795 810
661 701
769 732
745 428
476 502
756 262
395 362
934 214
447 996
603 649
90 222
995 300
461 344
749 891
53 366
869 620
822 326
464 368
317 149
334 554
530 556
320 627
372 550
261 512
745 847
232 663
364 568
803 907
277 957
433 210
842 125
194 992
190 456
979 355
702 588
875 123
1000 142
552 774
713 15
438 666
591 177
523 224
48 70
752 410
516 635
559 282
756 541
70 631
705 517
939 800
481 295
598 743
604 673
424 601
643 864
568 225
161 456
136 311
273 839
654 793
775 165
381 890
781 207
151 996
210 942
729 326
565 505
844 593
28 344
914 850
867 258
910 332
125 828
695 81
430 204
367 808
673 188
173 771
46 482
473 640
990 780
224 6
868 968
537 644
691 857
875 576
297 487
316 454
441 206
34 339
929 147
170 490
998 940
1000 357
69 364
446 535
791 384
998 920
520 165
517 65
886 189
349 548
647 405
24 184
755 365
929 314
43 650
747 812
944 121
295 470
745 626
297 301
946 162
468 753
264 51
667 264
20 149
889 769
552 938
855 961
729 265
203 499
333 558
648 249
565 724
511 790
166 642
22 468
814 938
602 601
81 276
771 705
429 762
17 965
27 241
813 477
480 364
332 463
655 627
674 473
890 758
964 925
157 653
964 663
224 331
27 658
337 851
316 967
904 955
98 75
95 112
518 592
979 623
88 168
801 915
152 634
723 455
884 164
910 87
37 581
477 139
189 582
579 863
318 710
637 862
924 333
979 840
539 559
164 429
450 104
899 29
821 363
565 538
405 774
896 819
189 299
443 78
459 33
512 62
645 944
451 470
315 486
593 802
777 255
585 855
760 217
393 985
128 592
554 560
271 546
576 457
220 694
325 998
921 361
58 577
445 202
561 85
455 290
441 261
389 344
445 558
843 965
51 506
817 473
467 976
912 294
141 601
969 160
836 945
156 264
366 420
215 701
863 951
524 88
848 649
332 779
366 198
316 113
291 986
876 457
742 370
83 498
724 658
428 824
988 707
399 86
418 444
168 312
361 273
337 453
475 814
788 459
353 922
681 50
424 242
760 723
482 824
514 151
538 661
797 754
691 722
630 689
260 159
201 402
325 738
739 948
287 713
468 10
893 528
193 425
515 78
12 54
388 682
28 809
631 807
956 487
885 787
885 730
692 663
25 849
1 240
15 410
211 338
446 662
325 687
45 570
581 448
626 915
196 963
138 371
209 915
170 182
183 368
706 416
800 303
896 169
843 436
137 968
429 715
130 805
852 933
522 144
934 652
600 26
343 559
237 989
785 94
448 768
337 145
133 201
392 861
912 78
154 661
497 812
174 819
129 809
347 998
265 318
491 144
714 396
736 430
672 627
337 732
293 664
547 363
398 633
242 20
429 437
631 782
634 916
907 334
347 998
591 292
309 774
742 698
23 279
317 833
553 760
821 885
174 222
694 227
601 257
979 629
470 773
432 76
815 80
380 671
769 179
895 915
544 970
296 245
864 220
607 530
432 308
330 998
860 438
926 765
288 382
599 501
390 83
338 19
215 771
120 607
846 349
432 855
783 598
17 93
655 640
19 961
548 962
382 935
929 75
905 341
900 766
590 73
886 299
615 446
394 787
193 418
552 690
754 296
759 486
888 564
315 560
338 679
673 228
363 122
786 52
70 228
284 818
880 256
399 26
584 615
55 392
71 977
583 676
754 20
779 576
180 777
552 42
476 136
298 814
