1000 1000 2
512 929
338 584
437 430
252 730
451 906
972 805
947 733
371 966
251 86
720 907
100 781
110 289
392 267
656 876
951 370
232 258
613 720
32 819
600 969
920 53
111 412
304 655
411 901
582 479
123 294
552 475
488 641
189 435
177 527
317 522
316 55
800 21
140 458
837 31
739 688
58 122
813 203
173 50
820 326
443 889
826 417
563 999
806 165
941 931
653 975
15 767
886 47
346 233
969 572
876 474
696 963
970 928
120 357
537 290
260 582
378 683
272 548
131 447
134 659
679 506
487 73
138 104
927 114
669 151
779 891
890 329
407 392
475 478
993 159
198 900
471 560
906 166
874 334
828 894
428 962
839 298
667 828
432 250
177 144
444 935
956 862
972 169
802 893
152 920
726 734
331 511
704 637
861 936
722 737
404 508
477 971
864 423
368 495
794 43
771 33
799 401
175 563
768 297
588 877
644 410
95 160
18 872
809 564
19 367
463 881
730 141
397 944
409 393
434 263
19 525
139 590
525 847
889 913
589 319
396 494
976 577
416 212
693 419
806 291
723 111
688 754
867 226
2 18
833 601
254 292
311 543
685 809
815 792
533 60
729 311
788 338
409 718
179 416
25 948
844 278
517 726
604 322
272 917
647 621
994 916
692 706
192 674
719 981
92 137
187 247
82 127
196 550
441 451
988 2
798 684
764 978
337 28
335 280
370 597
402 34
483 517
81 404
342 98
919 742
740 5
449 181
832 765
270 885
692 526
953 197
580 214
281 339
784 614
29 855
887 744
812 285
338 930
664 562
647 395
609 193
769 915
112 371
30 769
747 531
763 762
942 612
305 368
69 343
332 405
366 38
119 663
433 707
682 349
990 830
611 711
958 927
879 324
753 903
174 240
10 648
877 679
603 342
593 229
480 747
892 136
292 12
496 794
178 462
860 15
711 399
976 727
329 67
175 728
29 408
321 51
754 852
429 649
984 503
679 947
190 732
86 227
197 627
115 121
563 304
785 91
247 398
308 154
54 559
128 600
873 491
587 85
204 647
302 874
359 348
449 157
309 890
999 923
586 124
932 951
289 849
922 216
793 243
72 735
863 837
275 133
689 533
752 759
754 870
627 779
158 539
203 651
1000 774
370 217
718 571
753 922
185 825
57 145
22 919
760 148
312 221
370 492
774 316
283 204
851 483
734 665
403 845
273 914
108 740
662 288
704 99
41 396
438 58
447 596
964 904
631 722
256 566
620 407
48 484
682 39
637 469
490 555
262 558
458 287
146 575
31 635
340 295
758 701
458 175
645 715
978 387
795 281
547 389
425 463
622 386
985 842
250 829
875 606
934 200
224 798
364 764
343 741
50 800
232 185
159 863
910 519
699 275
778 162
481 70
47 115
94 807
401 703
125 213
473 516
37 797
540 624
756 860
683 553
141 489
284 693
363 400
731 636
935 622
999 697
798 895
231 841
35 520
852 554
642 599
381 816
863 998
314 242
386 692
555 892
303 420
624 824
836 712
436 673
403 487
481 546
28 748
462 194
288 859
91 369
592 332
93 132
33 176
625 974
223 23
137 120
648 512
898 171
657 836
166 449
848 964
468 493
183 854
602 335
533 340
872 898
312 497
122 184
850 549
334 897
461 116
767 129
643 456
127 244
551 439
137 270
398 198
229 908
858 574
854 696
246 438
478 301
832 248
424 518
103 315
500 980
966 140
544 464
65 731
747 976
341 685
817 126
626 191
554 56
326 3
470 186
558 310
226 775
507 323
489 752
594 118
811 758
819 540
175 345
200 984
514 364
485 700
107 465
157 74
507 997
94 355
172 485
909 138
194 808
328 611
528 662
162 428
130 341
4 415
675 725
88 500
698 9
109 223
268 241
358 868
973 66
105 446
45 385
415 110
703 968
713 857
257 545
43 17
422 452
184 179
853 620
858 995
532 64
454 409
101 695
135 880
127 628
462 296
985 570
232 150
561 69
278 476
891 833
318 94
449 488
6 24
659 234
939 309
102 356
756 445
469 717
139 965
241 161
118 690
914 424
917 757
428 22
116 158
161 778
198 277
460 594
481 163
209 598
9 714
27 608
156 255
825 501
969 502
783 699
471 761
575 551
68 960
582 427
922 135
154 189
691 199
739 90
329 149
49 652
1000 155
242 822
180 817
372 856
482 123
732 75
811 945
658 302
663 363
621 541
913 698
709 361
625 190
576 846
708 167
208 182
796 528
786 188
429 256
474 861
744 639
303 76
630 499
219 353
710 899
344 680
574 403
571 268
348 873
762 573
149 738
975 109
603 661
657 532
752 523
793 576
949 77
306 795
385 595
511 63
107 245
31 402
430 173
725 631
313 790
630 708
147 359
209 505
617 879
943 443
855 905
295 486
504 54
402 97
981 377
963 251
240 943
867 530
978 509
691 210
107 480
55 815
395 246
707 786
514 202
971 806
56 593
73 687
727 45
755 328
310 958
735 218
239 437
934 52
973 375
986 358
354 273
613 351
212 156
119 327
629 108
467 101
382 650
527 237
365 675
215 411
562 909
59 314
653 360
808 768
160 821
612 224
773 524
459 346
607 471
237 208
849 365
225 394
534 472
755 83
421 771
911 642
706 896
123 801
770 793
882 384
921 4
429 932
916 949
968 337
573 514
964 544
859 374
939 206
819 902
234 952
912 174
107 286
486 994
629 818
355 414
260 605
509 604
473 143
96 211
182 388
737 603
576 878
164 773
686 498
930 823
160 625
11 93
856 260
313 729
227 422
518 787
841 92
95 220
948 796
659 848
536 788
72 678
654 802
782 811
280 992
585 265
538 839
374 236
383 431
974 766
855 750
228 459
522 57
299 686
114 783
915 660
687 883
741 743
412 261
440 782
8 228
665 6
373 10
798 886
159 253
479 354
716 924
435 461
426 646
708 942
404 736
717 432
333 279
75 989
169 618
494 657
117 579
915 444
682 330
193 979
223 538
233 789
300 440
309 84
424 640
950 955
572 262
633 436
781 704
959 615
646 450
520 8
379 561
550 939
742 172
931 534
188 504
297 956
668 344
601 61
521 307
106 27
419 875
970 441
700 321
949 147
400 183
734 510
512 812
57 602
85 177
257 96
828 832
559 677
267 589
34 835
381 382
148 496
866 961
979 658
883 710
989 305
581 535
229 112
591 827
899 626
513 49
7 44
323 770
829 366
542 843
911 820
596 973
414 569
3 934
120 276
639 16
391 941
442 283
667 515
337 623
317 13
346 990
891 834
539 37
304 610
702 970
697 71
423 105
21 670
105 536
149 373
838 567
708 103
551 632
493 376
772 192
590 613
614 588
422 125
705 81
794 453
336 306
192 745
509 749
933 274
615 139
809 619
618 46
956 390
872 32
839 867
478 350
49 609
380 921
38 633
21 694
453 146
484 222
836 826
274 235
464 803
907 666
845 170
828 362
126 88
16 581
339 490
70 853
752 209
389 180
332 36
866 457
226 26
495 746
374 653
37 87
638 134
585 473
578 888
198 542
901 607
361 481
505 35
946 709
937 249
138 59
636 982
767 716
388 772
560 507
905 65
601 378
7 616
40 780
673 308
897 271
815 381
498 7
831 14
36 254
283 918
937 406
239 320
176 168
205 617
880 724
956 41
384 643
503 225
736 547
310 580
331 72
112 80
573 676
810 426
199 645
618 785
721 667
983 925
626 113
763 207
846 705
34 864
431 219
118 983
235 252
885 82
21 644
79 477
641 629
791 421
470 142
775 130
199 1
583 230
697 755
714 638
521 269
125 967
466 239
850 30
929 763
325 858
910 102
255 777
255 912
680 331
940 552
369 100
457 521
539 756
353 106
491 672
356 89
898 352
101 940
992 201
888 814
606 987
524 513
242 753
628 850
24 29
843 19
677 454
579 585
330 986
925 586
746 578
585 272
824 448
973 682
209 282
715 232
12 284
701 591
980 299
814 317
518 164
279 318
674 654
804 68
412 664
857 383
362 379
954 691
501 911
168 429
556 972
290 425
322 721
842 466
977 592
211 719
628 671
78 153
919 869
350 25
151 40
133 791
826 293
936 117
312 668
414 178
967 11
606 926
132 215
896 556
142 844
827 95
291 20
230 702
399 300
303 583
398 565
897 656
534 851
440 455
476 333
780 433
448 760
882 957
779 938
434 739
809 557
987 205
410 946
203 336
597 372
238 128
557 884
947 313
776 813
225 804
191 993
666 467
847 988
748 882
944 195
20 537
439 985
738 62
982 953
102 871
981 630
51 568
716 79
456 784
5 866
324 442
830 196
249 325
616 933
595 78
801 799
634 838
890 42
893 187
136 937
508 418
553 977
881 482
130 266
991 689
382 669
201 587
353 910
524 865
338 264
567 413
920 380
606 259
568 810
523 996
960 470
708 950
450 723
70 751
195 48
56 529
743 991
376 713
672 460
114 840
917 107
868 776
78 391
63 1000
89 257
823 468
342 887
121 119
557 238
801 347
319 303
831 131
543 634
993 681
803 152
724 954
222 434
581 831
293 959
413 312
124 397
626 7
910 835
971 786
644 841
389 260
128 814
444 622
980 774
143 590
909 404
356 119
241 467
933 212
360 73
772 265
158 516
284 526
567 957
659 830
928 154
274 630
243 139
269 126
63 560
812 932
103 38
402 490
636 74
81 706
751 56
516 463
130 759
77 961
801 393
357 901
835 145
351 870
947 437
245 501
44 76
611 786
487 482
334 271
790 889
820 880
418 636
820 768
891 245
265 723
746 267
996 585
31 197
896 982
970 75
446 684
367 740
369 614
438 40
642 995
232 176
166 724
776 442
954 483
434 301
35 721
34 493
213 951
70 948
597 384
461 844
450 9
596 530
984 853
250 91
301 902
233 50
229 835
7 561
172 980
277 751
429 693
687 862
719 982
330 945
431 14
579 89
740 679
599 528
404 228
298 807
834 432
963 195
660 975
188 925
768 28
797 998
821 326
321 922
505 121
81 231
718 59
302 869
380 500
218 4
588 394
950 522
373 973
13 97
848 435
32 279
942 446
61 968
9 737
652 551
333 702
692 607
261 291
717 433
966 162
723 418
541 977
517 884
613 551
516 491
869 151
997 991
819 597
812 979
502 898
7 196
757 520
46 622
232 843
637 777
135 941
331 110
906 607
620 856
218 579
705 678
213 118
642 536
668 34
317 449
585 491
645 256
210 240
249 877
315 920
835 801
694 333
315 790
26 199
353 523
132 178
246 428
602 369
456 670
732 831
484 53
966 768
977 754
238 540
900 721
629 922
877 212
554 21
474 654
179 493
556 15
894 967
833 690
315 419
967 518
161 500
173 864
718 308
858 391
257 788
891 896
60 934
308 659
345 894
615 976
630 849
945 82
890 859
847 742
480 468
74 271
514 276
158 428
547 86
764 80
751 998
968 816
810 139
671 393
590 565
459 923
58 382
151 91
451 821
933 545
54 55
695 680
805 576
362 629
7 699
174 863
88 948
444 715
98 921
804 241
490 283
291 945
296 919
663 528
397 880
890 794
761 859
990 661
122 791
975 138
185 71
396 61
621 394
38 134
608 728
455 250
180 814
99 48
921 993
747 901
491 562
127 209
228 68
351 42
604 509
803 646
685 223
274 29
566 920
23 615
775 276
466 72
54 241
482 281
380 630
133 997
776 273
676 341
531 991
593 933
945 474
929 34
330 352
439 873
486 866
825 145
139 203
640 806
288 402
793 696
509 732
339 459
442 148
885 739
460 923
7 4
577 489
649 458
272 564
922 251
236 708
590 342
37 991
952 577
794 695
706 455
154 441
363 97
465 515
740 629
995 50
148 235
852 755
574 291
811 475
915 945
315 310
636 718
796 266
649 216
747 397
389 765
977 596
453 469
805 579
939 440
164 908
717 681
285 851
39 354
589 243
650 540
568 183
500 203
138 65
801 767
765 531
362 844
179 263
195 918
290 419
268 750
863 631
821 864
843 785
139 374
338 891
343 204
906 85
73 56
459 868
402 842
42 187
952 157
906 12
823 231
563 586
356 146
10 45
200 771
471 770
683 573
432 538
116 620
614 557
76 328
430 525
712 978
787 483
816 17
795 293
337 831
993 430
401 344
83 418
276 110
841 927
401 950
100 706
600 66
742 266
259 756
419 152
291 156
178 859
352 791
768 316
837 905
778 265
567 325
373 914
825 696
781 683
576 234
807 818
584 294
610 238
172 398
820 846
449 83
875 766
601 581
766 876
105 51
418 549
739 235
847 337
406 439
1 409
20 533
400 77
582 332
657 245
625 266
226 748
59 242
45 951
900 95
550 489
670 732
536 793
473 41
169 939
225 703
725 442
220 462
655 787
403 313
308 192
567 104
805 348
824 811
950 806
328 141
291 183
876 598
180 854
848 456
317 865
302 973
441 426
530 518
425 972
975 535
541 368
438 678
972 58
39 244
332 370
697 818
915 666
537 487
105 458
470 859
33 428
948 206
883 89
475 474
633 169
637 119
990 961
591 511
699 369
45 169
896 180
552 205
692 348
305 591
224 879
357 716
229 149
42 149
175 63
428 956
104 683
652 166
926 961
353 852
838 592
518 113
553 93
858 63
18 678
393 487
340 308
930 247
64 630
83 851
50 296
675 13
953 673
694 660
388 435
171 184
118 300
419 690
98 390
659 696
540 386
91 623
77 887
742 529
106 956
56 987
370 491
444 497
165 739
502 376
896 238
523 337
853 264
401 776
518 336
429 179
732 733
745 744
365 360
356 429
906 161
780 245
870 434
662 577
451 230
46 737
300 90
265 79
498 603
6 571
703 656
191 915
604 890
293 214
132 146
995 801
280 495
471 822
300 891
906 39
58 364
426 613
776 971
708 686
322 445
503 126
48 395
317 569
417 659
59 960
60 871
123 589
397 557
445 919
868 141
844 803
688 442
512 68
888 922
744 484
118 20
827 951
1 561
844 705
61 401
758 511
126 721
35 668
809 343
841 621
568 721
277 75
69 564
860 832
575 6
665 681
387 62
321 78
357 598
314 374
275 36
843 774
590 202
385 553
180 752
400 112
29 484
300 820
25 365
376 709
374 781
19 203
454 222
147 663
225 127
145 964
983 896
668 155
902 421
414 49
906 72
505 874
703 31
722 509
612 451
584 292
412 304
693 378
249 206
149 443
415 518
435 466
702 942
990 942
956 164
280 59
316 701
780 817
970 550
880 250
2 190
600 814
280 823
98 73
188 569
51 863
848 96
65 753
272 952
343 538
533 323
405 696
711 151
148 229
696 193
876 883
674 888
388 938
139 222
486 117
371 891
948 623
556 244
104 214
399 406
526 483
789 657
325 912
734 586
488 479
488 905
676 429
804 450
731 76
530 187
524 756
965 470
351 653
89 257
215 780
194 392
545 103
262 469
219 513
631 901
365 172
344 505
651 752
792 56
945 816
24 50
612 857
119 444
414 604
708 764
335 699
480 753
655 47
1000 811
561 346
389 434
510 462
958 526
502 330
658 850
945 942
571 740
288 574
739 593
157 449
441 465
88 501
708 740
974 527
589 241
766 695
836 331
125 300
146 764
796 115
595 295
228 280
695 781
149 682
513 428
120 333
651 94
503 127
147 177
642 749
561 10
350 806
200 542
116 953
987 495
987 113
118 560
297 924
840 61
88 949
583 133
918 28
912 490
864 189
232 673
196 901
177 628
471 682
377 384
851 695
349 476
555 706
718 543
2 675
369 254
65 971
761 224
777 144
775 698
937 177
205 832
776 230
170 344
542 576
690 460
625 414
340 298
304 115
852 246
515 536
628 524
605 554
268 653
47 491
747 527
795 800
483 569
989 677
895 486
350 166
195 81
491 131
911 421
900 463
289 92
696 317
471 935
510 336
489 824
489 321
558 610
760 995
740 825
579 701
890 915
785 567
298 246
796 351
139 378
180 680
602 308
966 849
242 114
318 393
819 454
415 271
924 445
710 976
875 304
186 682
717 163
92 186
625 791
478 730
507 671
843 713
186 216
695 58
296 178
741 950
488 599
334 510
765 399
667 263
703 282
492 610
38 647
50 366
18 291
756 637
75 936
154 69
986 554
378 326
929 76
236 987
865 914
680 950
369 775
466 412
819 886
337 634
983 303
173 489
510 135
95 435
985 414
392 375
935 187
302 298
748 309
987 345
513 41
116 493
493 311
435 410
903 292
708 151
387 378
264 691
379 505
152 84
772 773
293 810
544 691
360 488
434 908
728 3
112 182
538 258
795 769
22 286
111 508
105 722
23 554
987 523
282 415
920 924
351 182
228 28
163 364
616 803
4 810
125 96
237 943
450 420
514 242
972 902
976 602
409 227
302 242
474 792
128 672
665 328
627 644
79 348
136 846
412 32
697 342
629 882
134 189
622 996
219 763
494 669
902 321
240 408
178 1
424 651
211 143
880 415
805 582
990 104
628 550
656 623
141 817
386 140
107 311
124 147
597 585
273 668
290 410
228 302
537 94
359 194
805 455
173 606
821 871
571 964
131 832
864 614
559 193
433 820
809 359
73 828
125 625
760 352
388 964
184 465
361 759
207 361
970 931
112 624
200 819
452 254
129 611
624 128
341 437
784 574
843 888
585 792
992 868
568 778
358 382
78 430
697 512
118 523
133 546
933 838
212 258
889 956
334 218
875 28
856 576
445 454
65 616
597 893
676 370
109 764
902 113
782 432
669 811
992 954
578 8
986 206
113 277
963 22
215 747
191 646
264 55
942 707
639 1000
795 753
298 517
139 810
425 222
877 941
136 321
943 188
11 713
360 157
102 837
886 64
457 884
662 955
961 171
682 620
792 52
774 531
474 464
628 517
197 14
404 978
204 617
534 227
263 936
337 228
246 357
972 868
43 439
11 376
738 398
453 326
272 991
788 574
575 929
368 939
593 597
202 610
550 136
924 767
598 27
681 678
782 358
674 408
482 645
872 943
746 348
353 578
461 108
247 670
751 970
216 949
398 978
415 888
600 226
339 993
157 370
316 995
837 43
441 57
981 37
52 501
324 165
48 897
540 557
493 451
766 78
730 31
