1000 1000 0
159 339
813 40
203 898
458 439
856 818
965 213
415 91
734 658
156 620
255 310
997 578
44 9
194 849
765 246
492 771
40 839
248 70
633 203
39 575
970 907
853 212
774 369
195 701
843 534
362 996
837 329
114 759
391 705
805 328
484 158
576 833
235 507
67 793
792 852
362 34
910 790
179 312
243 109
569 794
334 117
870 643
56 844
43 484
850 610
270 396
439 594
719 680
961 558
808 530
986 164
201 691
700 106
834 938
708 666
326 808
396 557
184 753
245 761
562 440
385 126
804 28
352 467
189 737
928 474
306 374
754 925
647 406
292 625
132 529
833 851
333 265
903 383
86 281
105 509
23 216
290 796
282 88
878 719
465 420
138 304
963 441
305 481
845 567
393 855
585 341
577 19
33 933
283 893
769 308
144 614
230 415
860 125
958 531
265 573
620 642
566 960
908 721
811 429
743 461
832 188
632 649
506 276
596 251
779 980
745 1000
608 348
398 915
680 393
997 47
854 853
757 880
61 201
332 204
222 277
839 711
475 528
101 39
449 51
905 646
644 448
118 675
287 285
826 279
607 457
239 425
947 920
137 947
989 973
994 90
728 801
69 997
525 352
915 845
985 623
911 127
218 217
759 804
925 296
442 445
247 480
667 160
381 394
563 41
531 810
329 779
276 677
4 94
462 964
18 669
862 395
938 830
148 541
71 950
680 617
507 775
976 899
712 29
476 924
20 712
559 695
2 632
655 914
438 635
817 622
42 199
287 99
286 916
686 142
363 412
91 454
196 198
977 982
828 367
8 572
800 508
777 83
337 685
368 748
434 104
822 499
711 498
502 264
579 661
966 195
688 825
703 773
469 156
694 331
883 630
499 609
169 729
341 71
598 789
262 958
929 326
328 384
359 346
93 878
652 21
367 80
496 113
127 978
148 538
778 16
768 676
505 831
675 272
749 961
185 378
879 770
764 354
76 660
810 740
871 926
613 840
217 856
148 49
337 424
371 244
416 455
7 194
565 433
960 157
170 470
528 598
397 873
299 687
166 496
384 468
705 934
150 237
167 549
775 741
883 593
374 569
106 316
918 170
164 866
701 59
557 447
866 905
747 334
3 60
761 218
37 682
728 137
618 165
375 325
772 283
963 184
358 475
737 702
7 522
470 618
284 697
444 894
335 427
889 330
933 222
124 245
951 817
153 162
969 932
426 820
225 923
386 55
249 612
413 953
693 548
809 628
240 482
841 200
468 564
372 919
128 247
33 387
954 769
877 726
741 822
154 410
265 86
773 744
637 608
735 314
113 786
940 992
439 300
87 970
980 637
982 613
309 543
662 706
454 841
514 121
635 390
407 492
631 602
657 295
565 963
660 494
212 54
798 313
300 684
399 641
733 889
161 15
442 422
658 633
36 124
978 92
247 727
342 762
309 532
942 859
237 175
274 284
973 74
82 787
636 540
370 268
748 694
917 231
403 315
70 388
151 442
928 510
595 501
25 275
506 987
18 320
828 670
415 699
733 350
995 211
999 568
548 32
530 302
322 228
107 754
905 713
786 698
211 957
729 590
38 243
991 776
437 397
349 764
898 77
383 131
930 465
430 64
547 537
19 111
876 583
164 552
844 783
701 709
729 659
786 596
10 865
231 981
390 17
9 338
211 485
588 45
544 128
88 927
96 966
200 750
852 408
580 373
254 802
138 444
676 78
674 495
310 118
210 747
432 581
829 359
891 181
864 248
219 84
257 979
430 723
35 460
704 858
615 580
31 627
684 136
677 943
541 372
587 870
858 586
233 983
893 382
677 838
275 154
773 897
191 418
739 867
111 778
932 3
478 745
815 234
984 826
116 93
785 167
835 611
346 443
661 110
517 363
460 286
555 868
983 119
944 215
584 81
314 33
721 343
663 863
60 986
56 799
425 560
277 937
493 236
532 742
28 174
663 991
181 258
121 890
945 67
589 887
149 668
253 756
965 597
424 261
303 62
922 95
45 746
279 232
223 100
305 550
27 591
150 542
638 751
656 579
716 813
410 587
974 186
168 435
267 477
445 945
289 872
319 725
191 402
221 850
773 965
616 22
305 197
946 44
898 895
981 651
237 147
273 749
406 951
248 517
494 379
252 72
899 307
182 180
144 563
895 835
568 323
98 464
77 521
957 257
162 716
215 486
829 638
363 183
50 879
236 419
887 562
640 96
935 736
488 290
243 139
184 241
264 718
59 426
12 995
581 25
706 819
502 665
174 240
401 854
622 807
320 193
626 692
551 226
155 294
296 7
924 436
722 615
772 259
498 291
416 657
586 413
680 173
338 644
336 797
691 149
513 904
508 207
529 516
161 600
194 321
821 755
873 476
641 545
419 233
378 458
572 506
95 456
540 292
373 533
973 63
226 129
890 347
859 758
102 73
534 969
208 511
981 674
390 252
21 229
286 527
90 179
998 89
119 134
953 959
353 766
487 453
960 599
600 431
459 912
237 466
832 949
250 800
184 636
750 53
750 861
450 299
379 547
178 196
627 714
894 333
842 324
793 672
112 38
859 132
6 20
490 57
140 76
591 148
80 169
623 765
630 671
220 391
89 191
127 874
324 366
414 795
375 650
130 322
777 515
48 430
199 10
535 48
253 69
400 102
371 306
668 785
696 724
420 928
600 662
135 834
418 398
653 256
715 319
501 954
969 553
912 864
372 205
479 546
712 566
429 37
745 876
880 135
11 305
280 653
611 145
4 349
865 345
58 989
720 585
421 138
861 836
207 606
155 405
509 224
108 262
601 777
120 478
780 101
877 936
397 190
417 488
823 551
394 930
905 503
285 8
139 696
827 449
176 911
605 929
990 365
344 974
390 733
797 161
277 760
300 774
308 255
752 577
291 788
938 187
404 189
21 168
316 944
612 336
721 972
386 249
188 12
14 519
763 130
520 935
22 871
299 437
462 690
327 906
382 700
642 948
816 42
421 317
117 619
762 266
356 968
43 356
723 683
355 107
790 269
147 589
770 225
408 210
967 722
141 342
171 512
736 434
172 791
741 738
914 931
947 730
519 450
533 823
664 640
330 182
800 446
204 616
839 409
903 303
927 75
546 971
186 857
639 717
971 693
577 952
702 884
908 624
884 908
216 843
110 344
272 392
560 353
907 673
180 270
491 663
587 881
774 767
278 493
923 544
463 917
543 902
392 166
142 159
803 523
938 65
990 605
689 842
357 105
855 735
100 875
128 263
671 946
875 656
79 601
376 192
820 574
435 487
831 821
436 274
193 151
191 812
641 163
732 254
511 689
916 631
532 571
456 438
931 223
682 340
682 82
705 634
796 473
78 368
277 862
257 877
781 811
646 360
323 829
536 913
207 505
346 140
311 404
679 976
788 6
214 50
609 463
596 219
246 604
347 994
919 647
502 909
554 123
448 332
366 556
288 763
796 985
696 399
882 152
857 652
990 471
846 150
166 681
295 686
762 678
595 98
557 584
411 782
171 153
781 68
725 371
789 975
179 61
62 452
22 526
563 58
339 253
945 52
294 220
819 483
269 941
777 814
818 883
163 489
634 984
451 381
993 208
807 146
421 370
516 490
85 710
959 901
899 780
718 565
790 417
868 35
467 922
213 386
649 588
202 375
32 497
516 337
395 993
483 112
948 206
389 734
258 250
822 731
500 688
226 267
45 472
803 539
377 576
504 155
257 869
834 172
845 416
197 739
730 362
936 513
523 816
904 278
127 289
610 886
366 298
45 297
771 504
631 177
30 451
683 221
284 892
345 2
793 626
480 43
888 525
360 520
333 885
489 30
678 120
382 554
261 421
34 23
326 13
17 293
766 414
378 403
348 143
16 423
160 703
946 361
725 570
97 595
695 708
599 357
892 910
926 401
236 939
76 988
53 918
192 87
100 824
906 376
416 1
575 502
990 364
228 27
198 18
32 559
427 14
571 66
209 535
767 479
457 809
82 301
590 728
482 327
146 462
962 743
177 114
863 171
354 214
739 407
847 999
673 318
968 781
746 654
814 209
117 287
74 846
943 603
347 784
798 667
962 555
188 956
331 411
851 79
468 282
237 46
707 389
374 891
188 900
600 827
710 288
808 888
857 848
961 803
349 639
782 967
674 679
724 621
692 664
624 351
911 4
999 26
518 141
65 514
628 185
342 260
274 648
625 11
88 707
343 903
256 715
125 828
510 335
975 757
886 772
566 380
16 469
578 645
787 629
611 108
919 955
629 942
366 97
536 309
583 36
795 432
493 592
799 940
713 133
882 239
740 358
733 122
325 882
604 768
999 115
865 227
267 355
54 977
618 31
104 607
234 860
833 921
782 561
603 235
143 280
755 459
175 238
167 178
388 144
537 792
509 805
950 962
714 847
747 896
802 202
574 732
452 655
690 273
654 491
134 103
708 798
281 230
992 998
643 518
849 311
281 271
743 428
840 116
865 5
487 704
688 536
318 400
36 385
232 720
958 524
440 377
944 500
66 176
959 85
65 242
103 990
219 56
81 815
73 752
206 832
434 582
147 24
329 806
61 316
952 407
893 637
544 45
204 519
957 794
767 963
268 830
936 5
23 347
87 460
284 664
267 338
711 540
268 460
973 661
174 683
35 999
666 188
269 500
617 99
736 486
773 202
130 151
902 753
876 198
536 62
287 34
737 111
636 560
992 134
55 498
472 865
949 91
569 847
811 425
594 563
652 526
594 159
985 236
669 845
800 592
693 463
962 199
647 9
984 185
507 731
739 888
216 329
726 18
327 471
927 457
256 955
436 304
48 452
672 765
689 193
396 244
365 710
655 791
681 788
974 503
607 238
577 962
134 945
885 491
678 403
905 651
374 14
215 450
384 324
2 495
307 492
110 7
916 593
923 982
903 732
537 478
467 990
915 184
443 437
745 298
333 605
512 900
61 345
750 906
759 22
477 849
913 111
839 945
118 991
720 835
931 510
354 230
515 93
450 982
846 833
291 371
910 1000
752 567
641 704
645 870
298 74
363 906
119 41
505 25
673 570
368 762
568 911
758 238
362 267
686 229
662 704
170 311
896 237
390 295
149 258
544 714
319 14
193 779
615 561
863 886
82 721
503 918
749 922
579 703
416 433
279 303
463 606
909 204
130 617
209 143
273 375
535 870
668 918
21 960
194 992
253 452
540 997
574 461
130 295
193 991
688 463
136 481
681 974
201 183
360 391
632 287
570 775
210 580
119 595
657 624
491 676
573 877
499 693
591 261
818 804
125 838
695 599
243 135
661 211
392 662
435 825
516 652
979 887
428 375
412 168
40 649
120 566
325 734
50 534
17 605
976 769
591 547
265 744
54 516
333 989
566 740
124 132
649 486
148 739
812 911
641 305
770 101
830 939
270 213
5 549
66 50
649 716
823 142
180 909
466 904
473 931
802 510
462 692
828 609
661 606
563 789
575 568
495 295
774 976
879 916
279 568
558 300
587 968
593 493
491 339
954 568
134 729
166 923
619 514
212 888
777 837
54 985
792 845
453 863
9 767
776 140
123 408
577 245
9 61
456 434
90 574
691 307
362 130
825 995
444 414
282 271
481 972
342 269
652 665
323 718
22 701
715 294
48 845
193 188
285 535
920 328
446 737
238 567
955 564
148 647
976 811
380 239
457 22
21 821
961 613
552 736
417 676
713 500
89 294
840 322
625 273
885 671
949 958
830 402
469 674
36 590
145 702
23 597
789 670
521 986
641 654
289 308
48 292
585 475
964 240
965 610
314 124
100 614
890 167
657 557
432 334
633 35
83 874
166 551
39 722
82 2
308 127
309 329
242 183
311 520
8 929
213 200
774 137
409 119
864 348
570 558
19 622
51 924
527 187
458 697
410 360
488 676
380 527
112 186
142 951
345 960
868 197
475 101
786 754
612 279
3 380
981 152
897 253
671 737
919 828
464 537
129 311
626 726
276 977
81 304
7 592
512 114
488 45
369 786
668 21
983 269
956 949
241 234
242 33
94 602
883 428
225 119
342 120
909 476
859 261
191 907
149 470
3 898
344 685
639 630
299 509
664 433
105 681
113 674
227 245
38 462
330 649
436 813
511 973
542 712
587 48
423 693
854 864
638 865
737 126
836 578
688 341
608 422
987 244
232 504
285 176
941 359
386 500
800 642
923 316
666 31
576 101
620 590
2 681
361 605
548 99
583 683
635 403
422 208
116 243
112 373
51 874
603 464
848 175
912 751
109 698
918 56
419 711
976 549
421 731
596 131
828 934
401 505
160 737
539 960
839 443
597 994
128 397
515 396
675 380
508 253
892 751
992 112
898 13
388 876
935 756
983 758
308 439
979 455
832 167
84 298
900 938
401 536
2 987
659 307
33 984
117 475
435 231
44 320
499 500
124 219
849 84
981 580
190 326
669 206
743 317
61 704
883 587
333 408
977 563
423 719
604 651
418 34
393 120
791 804
387 600
533 973
872 943
276 717
744 934
579 136
687 514
413 544
494 379
386 128
455 690
690 480
464 151
983 682
169 975
997 360
309 715
860 615
876 5
736 458
522 45
27 171
542 499
555 462
913 368
469 665
936 110
67 587
830 674
829 682
281 720
516 138
774 267
56 631
191 361
543 564
444 961
743 194
220 717
344 944
322 629
961 338
888 723
287 896
752 915
530 741
75 55
547 413
232 697
302 155
635 452
531 772
413 238
944 445
575 172
281 780
659 259
528 418
410 892
111 386
425 682
892 534
606 217
247 444
60 846
616 335
234 380
1000 604
315 996
198 381
268 287
613 625
141 346
250 813
865 305
679 914
73 559
401 41
804 488
607 779
505 34
732 363
673 863
430 110
96 255
941 655
43 326
356 53
114 580
750 14
260 529
930 562
945 700
169 934
288 98
225 786
651 42
162 577
76 209
82 993
30 84
389 987
978 624
620 816
486 420
426 736
197 380
810 741
999 105
884 995
574 767
921 393
725 745
177 423
24 323
561 139
657 960
721 911
757 409
293 591
346 970
870 327
573 276
337 779
894 536
147 383
780 634
281 842
908 499
411 544
914 777
292 353
426 706
188 103
500 381
865 61
955 810
800 220
456 611
762 828
272 983
704 934
530 548
186 689
993 427
956 771
908 928
280 769
628 80
944 615
837 599
157 591
806 873
900 905
137 823
401 498
839 994
911 394
986 928
219 176
474 678
210 285
647 55
771 820
273 633
21 45
587 660
287 396
702 365
886 693
649 107
132 818
266 615
897 778
745 249
895 450
502 772
859 291
572 600
820 433
604 267
504 218
148 364
920 759
154 381
546 694
21 644
907 705
796 315
464 305
818 507
373 282
53 463
382 314
455 866
279 743
893 926
44 653
681 640
849 345
323 538
631 520
484 869
58 213
18 243
334 796
126 141
62 590
222 265
294 292
431 834
363 247
869 449
111 524
941 755
731 334
631 707
830 115
341 711
648 244
373 554
657 379
203 186
692 265
370 358
666 178
305 748
290 252
437 173
40 348
626 347
11 361
290 405
670 533
882 991
940 461
310 885
815 702
607 153
176 133
101 454
151 734
847 193
44 683
348 867
128 238
647 800
635 875
338 310
58 909
861 181
183 140
754 650
271 406
550 727
638 425
522 261
117 162
328 164
966 526
448 937
595 213
731 981
325 723
81 818
430 63
229 710
64 779
372 264
156 374
958 598
509 959
734 772
831 614
611 89
454 554
531 626
762 37
582 783
172 926
542 437
812 692
34 413
182 113
858 932
1000 313
994 552
125 963
153 968
544 577
181 865
201 957
329 515
583 712
316 195
195 573
310 126
977 709
632 178
232 749
594 585
920 889
908 336
124 299
578 118
130 132
477 625
555 760
790 364
347 825
857 493
793 497
860 716
742 964
891 847
500 504
974 105
664 418
701 9
932 304
767 365
438 725
586 455
835 536
115 999
964 645
1000 751
269 604
51 858
409 97
879 687
260 784
196 201
744 216
896 393
558 916
674 198
505 619
323 877
680 187
33 922
473 388
991 875
877 561
187 707
61 721
336 314
92 405
783 99
997 156
774 409
553 242
100 482
905 855
152 904
851 404
961 855
185 366
935 846
750 771
695 669
849 33
272 398
859 498
953 312
745 895
600 69
697 866
950 376
402 33
443 26
476 998
204 477
251 435
880 592
131 385
632 263
197 840
597 360
731 621
170 51
437 549
888 866
587 32
3 339
166 233
865 68
538 262
490 354
40 520
162 654
138 470
796 960
169 541
153 501
463 397
474 287
340 660
773 633
653 59
409 808
326 622
142 292
159 573
971 467
501 47
197 630
946 535
150 79
967 557
133 660
192 405
516 760
268 130
694 592
15 213
675 57
635 691
154 168
268 77
744 132
843 240
691 532
996 347
652 991
182 708
513 495
490 327
126 808
209 498
621 292
673 963
211 587
10 189
265 134
633 465
973 738
259 369
370 148
568 745
39 883
552 459
898 306
407 139
482 402
484 397
632 902
744 640
669 999
125 227
310 132
889 22
786 741
637 165
682 242
673 433
321 134
680 392
717 398
268 583
716 348
19 432
391 419
787 979
175 92
73 935
25 544
912 276
27 111
658 614
689 200
155 302
319 303
625 121
372 352
948 762
867 87
592 752
532 3
113 165
717 347
109 696
691 112
628 981
161 210
142 463
694 562
545 199
175 878
878 197
445 843
590 249
778 469
136 194
488 952
288 79
800 931
731 6
353 889
730 844
550 746
1000 619
216 470
904 12
746 836
77 360
70 395
365 883
621 593
852 302
339 709
1 941
517 929
479 157
140 976
297 607
205 704
180 13
641 190
69 41
357 410
474 797
377 335
109 901
557 264
498 248
804 856
969 745
371 671
556 381
879 526
8 173
128 608
762 93
992 994
730 543
816 902
121 839
489 824
803 442
477 97
120 220
687 930
447 698
879 77
354 896
416 708
44 306
847 59
963 740
377 276
859 274
487 744
779 237
815 788
524 351
174 755
699 421
919 94
539 755
108 382
707 379
593 639
497 348
652 312
296 55
620 192
199 115
512 432
278 320
887 672
430 594
200 532
156 564
47 567
527 116
888 164
301 696
