1000 1000 300
206 268
940 473
490 147
737 505
520 64
346 179
60 646
556 305
365 673
265 262
958 280
333 204
98 565
681 133
492 780
246 552
527 93
620 974
763 405
84 751
537 554
513 329
83 905
872 89
674 466
164 306
690 156
486 105
209 550
592 651
368 187
403 522
88 993
345 607
555 983
231 610
112 703
253 562
256 658
1 277
76 860
782 111
795 20
705 724
47 973
770 225
64 346
492 661
685 634
609 847
488 456
607 926
751 618
824 263
628 66
924 317
495 749
584 876
92 389
431 699
888 349
261 893
430 259
714 457
297 867
343 324
541 70
545 727
627 113
221 265
435 292
477 906
370 812
449 745
355 296
787 913
135 128
283 821
596 679
579 51
914 769
466 972
777 753
526 399
595 578
536 39
700 454
425 953
101 767
869 584
850 423
509 168
518 467
357 809
244 563
315 103
122 872
473 77
573 879
924 197
935 665
324 152
236 868
687 861
281 606
262 547
346 140
901 200
886 388
561 782
377 623
82 40
935 964
438 580
318 22
512 523
894 531
638 50
21 706
342 129
174 612
354 873
676 989
647 379
266 940
494 807
877 707
675 774
143 652
608 850
444 912
474 762
582 478
9 400
365 100
982 637
331 82
211 198
98 487
489 609
681 537
480 390
757 222
460 737
420 345
519 875
996 915
780 369
255 256
602 154
544 617
879 48
277 944
771 274
2 816
644 192
502 542
337 45
44 666
220 936
781 107
575 998
615 575
63 788
351 425
38 854
866 289
670 1000
580 508
813 576
668 654
781 992
719 948
386 832
416 294
739 721
506 851
603 949
131 784
528 367
984 13
99 361
20 504
893 246
632 783
475 620
289 327
846 566
849 512
917 36
949 825
765 243
336 461
875 507
564 741
230 895
614 332
865 802
883 153
354 261
839 901
113 739
11 161
851 723
972 420
352 908
185 33
17 67
78 676
724 740
932 995
46 130
889 10
685 106
191 282
156 592
247 934
784 310
203 356
149 166
91 770
105 758
555 115
682 424
191 373
991 573
715 765
438 307
908 760
651 881
718 143
87 99
205 667
778 731
774 309
699 194
941 482
284 348
73 853
524 488
238 846
865 820
710 201
786 754
962 883
539 303
16 380
882 463
469 678
292 752
143 747
279 891
624 108
335 929
568 462
243 382
44 701
625 928
115 805
309 556
226 824
713 160
446 217
142 969
773 211
898 647
225 451
886 339
856 718
67 472
468 700
925 950
630 72
650 231
986 171
184 238
923 801
371 177
443 436
517 78
251 591
310 216
785 536
382 564
842 640
735 414
148 602
250 841
567 583
114 162
163 653
254 145
776 323
340 235
229 622
95 278
316 298
998 675
730 625
985 9
36 365
286 843
398 396
35 165
601 810
538 586
692 571
200 500
671 244
31 684
621 71
2 513
746 212
189 193
168 470
556 250
173 945
274 69
422 167
5 174
344 439
373 800
959 92
543 210
994 199
9 979
973 189
304 984
300 47
993 519
457 603
422 42
245 614
451 496
643 164
551 87
870 142
932 102
180 798
227 184
858 890
458 255
484 206
269 7
92 663
947 856
221 60
320 941
314 308
291 54
165 677
311 378
303 604
630 260
118 935
34 526
733 852
859 585
750 443
151 916
596 711
920 842
45 746
825 582
639 921
439 335
829 148
183 53
274 127
220 671
754 966
234 320
986 734
805 25
926 16
463 257
811 501
941 884
426 27
602 32
97 597
906 601
455 845
755 254
851 555
726 172
298 26
927 561
242 544
308 354
547 267
695 134
129 385
586 836
243 74
454 823
543 391
65 178
656 492
953 524
432 350
385 600
201 708
322 351
7 963
302 96
753 8
857 598
880 589
665 659
641 943
725 319
44 328
792 717
697 819
536 898
565 695
549 137
491 438
54 377
125 828
265 57
629 725
829 479
862 230
63 822
26 384
801 681
75 43
892 403
929 569
638 290
791 302
54 590
126 911
287 871
377 422
565 811
10 830
175 80
890 191
974 304
124 223
188 312
676 631
86 419
162 543
326 605
430 971
768 343
212 444
201 790
726 927
80 6
268 442
962 904
720 120
441 139
412 337
245 394
276 46
687 668
705 534
48 415
998 406
783 421
244 297
558 664
707 455
793 827
580 672
106 813
525 549
501 682
631 73
792 24
947 826
326 413
590 900
280 61
749 112
315 732
79 551
53 716
841 58
318 791
885 325
275 76
41 981
711 857
529 56
576 690
662 427
325 568
352 404
267 258
80 633
204 155
51 431
251 402
515 371
191 176
716 234
601 982
205 474
153 374
38 281
350 295
505 804
178 615
48 593
376 994
580 670
918 888
123 680
324 150
658 83
999 68
396 331
542 693
971 249
899 887
729 636
729 638
578 939
170 283
102 453
367 516
797 715
213 632
424 996
59 781
833 572
944 86
89 409
241 655
334 793
300 138
752 719
896 515
119 489
933 269
653 735
832 55
571 639
483 999
481 931
154 279
498 761
378 447
364 121
399 619
436 978
611 621
454 91
207 188
921 977
478 991
136 175
809 101
461 942
895 49
696 352
670 642
820 630
496 814
464 839
507 990
813 794
626 266
727 570
327 506
239 214
172 248
272 207
994 918
42 416
409 321
14 777
809 117
603 997
379 59
149 599
49 190
322 722
618 1
549 122
329 205
257 118
362 491
448 976
462 937
317 233
432 808
414 4
555 452
25 28
338 896
454 417
593 698
531 252
233 509
955 31
77 173
362 485
397 196
760 213
373 318
433 401
394 445
742 316
196 685
834 21
937 433
739 818
236 180
683 624
29 669
952 710
366 311
311 649
847 276
588 539
456 567
216 486
240 432
361 907
863 548
881 315
249 885
745 477
127 833
140 440
442 245
743 353
613 581
40 775
648 855
691 183
445 502
891 558
978 372
294 208
776 144
161 889
271 729
192 170
801 686
63 628
222 968
111 90
663 2
780 579
747 81
838 726
863 596
104 797
315 697
244 897
118 12
71 333
530 738
788 495
910 541
258 358
999 434
845 18
496 776
963 894
510 588
915 19
704 844
817 829
701 181
187 980
168 41
441 158
263 952
301 755
358 340
913 535
807 657
555 987
302 448
842 63
538 151
840 94
270 932
961 275
459 471
55 480
142 330
144 773
591 660
570 960
923 694
731 815
527 863
951 955
659 347
522 538
13 886
798 882
613 789
907 574
799 52
423 236
939 772
409 720
905 469
749 229
375 104
29 957
707 806
141 313
619 291
864 527
535 123
702 817
444 594
759 803
988 864
149 730
569 286
384 219
758 892
803 75
638 880
164 799
204 30
145 744
67 342
372 220
421 215
981 925
215 132
27 689
25 626
190 778
223 221
410 370
616 958
322 285
642 919
676 733
103 65
353 627
21 545
523 338
489 428
668 728
804 641
274 497
916 938
251 961
390 705
915 146
15 326
191 577
945 114
434 383
132 85
408 635
18 922
871 375
790 662
239 970
186 490
9 364
654 336
637 608
972 848
400 923
173 903
68 131
958 712
562 34
747 702
684 11
90 763
942 116
437 88
934 629
419 119
617 750
91 392
24 395
211 287
252 611
864 465
110 947
356 182
960 397
237 157
426 967
465 532
731 240
16 227
600 232
499 914
217 988
79 109
194 687
514 458
35 862
569 837
968 209
313 237
61 648
330 203
49 363
177 643
264 247
257 418
283 334
730 437
150 272
866 986
693 185
887 835
563 736
58 169
393 493
120 795
208 656
840 910
482 97
645 475
880 869
610 771
4 510
997 407
659 546
219 870
907 499
561 3
62 5
116 362
511 44
468 341
931 616
922 858
513 411
786 224
498 933
393 271
911 514
830 517
181 877
504 899
657 126
946 386
220 975
965 264
356 834
698 464
558 242
583 284
469 300
546 412
956 838
554 757
235 674
169 786
70 595
19 840
709 314
809 299
740 322
170 202
812 14
990 355
52 441
17 766
29 951
550 768
550 503
980 742
767 691
564 764
447 483
948 430
540 110
748 484
564 540
8 743
907 360
500 650
581 62
543 408
298 450
43 917
704 288
108 79
762 696
225 902
300 195
476 186
853 520
725 481
59 688
604 435
598 270
157 226
738 866
138 410
273 366
855 344
843 163
680 748
395 273
537 878
13 930
296 15
703 38
594 787
295 859
867 644
85 357
888 149
312 954
552 965
160 985
139 587
427 468
925 368
183 95
440 645
576 241
33 376
209 779
587 959
214 865
864 429
202 557
516 704
688 692
769 446
243 23
635 449
682 831
860 530
775 37
772 124
480 125
754 476
174 796
642 518
835 785
886 511
448 239
833 920
721 141
396 218
27 35
348 683
413 713
612 17
997 359
30 529
699 228
374 709
65 521
747 381
239 135
490 253
281 528
986 387
102 494
130 136
844 792
6 962
775 251
763 29
365 613
502 553
433 924
511 560
537 293
471 714
827 759
943 498
977 84
637 159
232 393
597 525
56 946
585 849
145 98
467 956
326 909
312 460
465 559
584 301
9 533
938 426
333 874
115 756
566 459
66 656
821 119
122 502
310 175
517 324
360 473
751 223
710 57
342 508
136 571
255 911
184 680
923 165
842 897
957 831
837 196
114 188
1 777
26 36
459 815
655 753
102 25
399 704
633 932
843 652
675 279
514 914
360 105
583 833
770 638
529 551
338 584
316 327
589 283
563 659
255 618
753 867
392 385
764 722
856 469
746 585
49 761
583 874
844 927
988 792
930 915
183 713
495 160
709 99
286 495
597 795
869 513
697 273
375 346
610 962
465 373
141 120
950 233
187 823
357 108
695 970
638 758
541 139
199 664
249 223
967 947
732 691
139 213
905 725
9 34
53 161
697 50
308 240
233 691
140 669
490 149
471 936
719 616
159 678
312 567
455 334
929 950
934 36
439 333
41 24
985 903
929 342
315 85
729 324
37 599
395 198
669 78
221 250
74 647
21 614
572 184
805 342
982 468
955 916
907 583
609 798
822 326
941 484
935 965
227 975
340 435
44 336
405 85
228 28
901 546
323 498
725 229
550 437
799 717
5 859
635 493
643 856
400 809
11 758
585 667
912 157
640 545
396 302
235 619
45 689
679 158
570 247
852 400
894 356
904 949
173 423
501 130
145 823
281 247
356 459
43 512
897 145
691 309
749 247
516 323
276 172
913 22
636 655
927 501
932 480
208 233
706 717
960 502
364 571
67 583
569 882
61 164
434 719
443 461
493 536
632 666
556 982
215 11
271 534
417 499
63 879
582 992
53 695
842 927
535 662
569 980
633 140
894 253
686 995
463 391
783 655
737 503
709 654
982 963
371 97
632 71
184 831
167 540
979 563
285 903
485 785
281 424
517 791
522 769
609 454
38 984
901 107
104 292
109 377
138 417
144 430
345 696
499 167
882 264
646 657
511 519
34 718
837 212
427 874
340 813
606 681
386 362
296 657
347 702
886 529
354 26
880 890
483 651
732 978
254 602
780 868
838 192
749 733
222 583
849 929
856 239
987 611
905 443
526 432
323 329
67 69
146 969
905 142
728 582
351 956
128 757
592 886
659 30
184 331
51 976
829 82
551 119
457 61
178 458
461 686
975 974
517 156
26 922
534 126
294 101
152 357
442 555
656 545
688 462
580 817
777 192
282 779
879 645
852 155
6 560
276 196
360 71
611 284
344 195
306 349
756 611
359 39
584 2
696 72
507 631
888 808
334 711
76 962
235 125
636 435
499 446
309 55
817 51
94 354
239 494
887 162
21 938
211 659
163 720
890 941
689 457
524 768
927 544
628 313
83 8
456 773
549 319
887 699
899 579
41 854
771 599
729 951
814 477
543 523
536 166
139 178
772 904
942 653
529 258
656 52
475 549
260 508
177 408
928 29
436 418
67 19
528 160
819 828
829 791
105 825
441 930
241 571
588 281
932 151
918 159
330 813
442 108
904 800
787 737
189 21
455 190
957 839
216 418
966 259
755 491
76 129
714 303
452 907
745 482
241 966
110 900
665 528
86 235
86 787
486 798
325 301
329 434
456 820
415 512
784 935
21 692
351 319
499 192
946 845
668 786
169 794
79 466
288 663
216 46
149 850
496 372
800 943
617 848
775 815
743 271
532 995
863 715
620 994
385 846
990 910
445 296
597 839
491 295
927 408
901 63
574 370
901 161
247 360
730 433
840 826
737 898
944 869
207 559
52 736
652 230
956 57
5 174
401 164
655 688
591 501
45 294
447 427
882 599
364 453
850 691
791 758
835 590
757 952
875 566
926 10
655 744
292 888
611 778
993 518
984 625
267 875
779 390
349 103
315 259
75 340
83 791
157 471
985 124
411 481
641 988
546 728
532 726
797 616
817 271
670 320
643 410
690 858
145 302
218 86
304 868
678 838
397 461
90 772
760 105
62 841
739 698
841 396
308 865
464 584
832 628
54 271
601 173
117 312
935 402
175 267
559 435
743 58
641 918
199 464
875 396
710 945
628 335
420 647
411 676
163 421
300 184
762 133
469 999
928 770
122 430
673 898
11 317
161 873
481 779
24 724
471 750
763 207
973 286
144 222
929 750
302 503
978 993
146 317
524 681
415 852
929 484
527 783
360 913
697 223
450 708
136 397
375 23
16 536
273 837
587 212
269 515
361 701
730 868
757 750
295 801
621 570
306 493
804 944
493 345
222 499
101 623
274 80
851 818
606 732
797 907
85 572
369 930
315 224
556 885
602 236
28 87
673 874
328 437
325 182
885 518
331 405
388 127
970 866
119 122
882 138
700 79
945 815
2 347
877 148
983 477
981 336
505 567
980 392
482 988
520 390
651 876
342 102
653 791
43 706
861 280
777 984
106 858
129 269
106 470
281 893
804 123
254 14
861 620
104 16
999 6
712 217
598 164
462 75
861 296
232 891
868 14
92 8
244 305
453 549
433 975
29 428
789 779
371 4
632 487
743 266
758 278
652 79
720 957
61 633
350 297
198 698
498 453
847 98
940 389
773 618
809 370
777 157
984 943
232 697
365 308
801 915
710 260
196 149
239 298
82 243
582 560
27 971
68 156
872 337
972 523
369 899
97 618
431 215
612 476
21 421
968 643
222 694
537 338
210 155
842 968
539 788
366 807
438 43
186 870
60 218
392 326
185 738
349 972
104 391
721 593
520 897
486 388
993 644
863 148
600 525
478 640
444 633
68 545
439 514
990 189
44 176
811 261
41 788
9 25
363 754
338 591
740 794
400 874
225 362
117 935
314 309
265 98
638 35
337 521
132 209
24 302
47 7
166 124
432 83
840 546
109 347
565 963
191 320
220 319
711 768
470 756
551 716
330 68
281 147
859 948
135 185
94 842
393 956
914 123
746 748
326 701
725 258
843 53
220 445
765 780
186 325
811 50
964 35
255 155
193 530
494 637
226 367
63 18
961 225
462 470
747 258
971 936
19 177
264 814
612 545
203 391
876 494
513 279
848 808
406 974
46 974
36 753
781 387
806 772
970 808
876 829
616 393
24 632
654 952
112 570
19 388
500 106
106 718
235 980
40 661
943 382
182 898
955 306
708 953
654 726
181 295
402 606
88 23
465 695
23 621
469 218
437 419
337 715
462 324
794 229
240 77
794 745
791 196
785 596
697 180
84 522
422 897
555 324
124 840
539 30
307 185
281 498
18 411
307 828
314 938
508 147
332 66
726 176
335 761
204 503
471 223
613 517
118 262
597 930
150 898
652 559
609 143
401 190
112 618
726 931
190 718
385 259
967 405
297 709
951 479
503 839
287 751
394 815
924 969
888 792
644 316
359 917
532 99
548 768
828 529
661 703
35 587
255 776
263 617
303 546
859 549
921 158
19 412
112 514
682 18
621 770
183 31
741 139
742 547
976 716
34 502
831 714
770 72
194 921
830 40
675 75
60 208
369 558
789 860
608 205
944 228
46 174
305 376
769 578
714 550
249 201
617 859
569 389
764 936
559 75
328 804
488 909
849 626
674 32
683 766
109 715
850 182
295 657
528 943
678 389
523 314
971 709
949 62
152 58
775 137
899 420
662 89
602 137
962 643
722 50
566 748
78 385
573 236
446 338
870 363
317 699
123 427
153 841
668 83
777 29
970 390
418 787
30 227
380 896
893 224
372 75
512 631
772 823
903 130
151 969
811 464
496 443
964 316
774 810
613 733
977 452
610 366
358 814
486 592
828 292
5 89
501 934
691 716
315 303
939 738
783 698
23 780
620 573
868 647
559 695
883 60
834 130
392 157
623 838
362 385
932 531
358 547
658 875
510 703
529 922
509 293
174 82
537 152
762 239
684 755
201 390
449 480
71 686
380 995
871 140
665 108
272 807
547 573
511 98
239 987
700 41
53 241
33 180
842 64
735 319
209 38
49 292
768 966
563 48
73 542
260 430
273 980
96 442
84 936
161 706
852 516
482 866
50 1
109 891
751 717
842 834
272 544
911 516
986 626
351 55
178 821
82 991
517 97
541 645
96 229
188 323
407 470
536 442
549 456
496 307
38 25
988 476
516 20
445 822
362 944
476 196
97 787
619 327
958 429
266 395
416 444
642 813
736 760
771 103
21 691
51 330
391 103
47 25
481 420
619 233
996 158
60 542
176 739
258 63
242 992
93 657
798 277
981 710
962 248
448 4
838 321
191 790
840 541
357 461
855 724
719 969
445 822
861 614
629 224
446 547
402 882
333 715
160 286
916 142
71 433
860 380
495 422
819 895
223 680
710 991
65 88
710 76
296 281
92 990
757 566
80 977
309 491
926 244
781 323
864 350
383 813
168 654
881 72
868 837
744 721
500 557
463 555
579 228
101 346
50 212
791 875
439 115
766 16
99 492
648 210
512 151
945 796
136 249
349 994
138 135
752 751
250 596
289 343
573 108
234 901
275 915
355 388
149 61
465 849
420 344
274 531
639 50
193 116
759 700
29 269
450 400
895 986
369 9
648 854
293 328
572 160
243 698
234 453
64 152
612 336
382 727
735 653
662 604
270 912
686 162
991 930
970 712
792 420
732 556
421 96
105 77
6 183
230 926
713 517
342 563
