1000 1000 450
454 614
374 801
432 454
832 118
657 560
380 700
206 173
426 131
86 223
251 785
545 24
100 500
333 591
216 932
489 363
912 100
655 848
511 388
278 819
955 995
302 375
978 840
663 183
229 96
988 688
783 207
129 761
861 164
475 636
385 845
360 269
494 47
577 147
631 286
516 79
388 414
522 330
294 103
845 27
364 917
11 697
920 93
753 133
1 20
445 17
572 792
635 128
18 950
320 391
973 713
601 619
383 419
847 476
287 7
312 423
809 482
428 830
310 539
79 599
862 657
905 534
207 766
45 573
272 914
498 472
641 970
513 367
561 145
897 66
793 467
212 352
334 161
119 310
232 188
122 132
25 76
465 590
839 954
5 87
50 292
356 249
842 282
604 645
238 36
632 828
648 856
592 69
237 576
687 721
138 406
811 864
30 420
700 594
129 429
435 97
206 579
713 712
38 669
215 919
639 912
150 430
898 112
729 518
916 468
738 928
954 278
553 413
844 613
77 983
308 204
836 211
301 528
968 102
185 206
87 949
875 75
403 110
260 975
323 358
399 452
313 763
209 610
546 237
228 843
345 381
865 961
34 348
467 578
108 750
510 734
479 924
946 377
442 231
90 354
902 221
94 277
787 892
476 395
971 818
222 724
718 885
881 224
688 803
128 5
936 867
691 629
250 680
415 154
520 623
3 478
330 89
515 435
15 148
299 170
61 117
95 690
422 336
54 347
189 772
296 364
886 918
821 480
940 925
948 937
798 84
477 672
252 535
593 567
669 383
29 139
671 691
617 496
181 82
161 109
969 506
775 841
770 625
439 114
266 866
75 998
633 116
620 729
66 967
646 606
554 661
531 634
808 236
496 260
447 346
543 78
157 676
444 853
955 671
483 499
294 512
834 149
283 638
305 683
402 537
636 50
282 29
275 679
196 25
781 398
167 546
288 900
456 615
243 1
262 501
644 151
331 357
13 437
184 140
208 544
555 271
680 748
569 948
407 487
487 152
712 113
182 981
295 774
984 552
587 805
634 522
922 194
290 33
258 727
840 508
52 911
180 190
533 295
400 699
755 737
359 447
580 878
116 708
271 832
220 796
824 314
690 228
357 492
482 888
872 320
153 558
788 927
547 814
552 421
432 473
982 823
429 339
943 957
989 879
280 687
144 351
160 705
353 466
972 350
269 328
183 90
803 901
191 844
57 283
62 620
722 783
419 74
171 59
1000 259
786 652
677 301
616 574
239 999
174 232
106 505
393 648
391 126
848 459
801 834
155 265
728 703
112 460
93 507
114 787
837 884
49 469
602 547
203 262
529 284
468 963
748 216
506 3
906 565
464 718
471 368
143 992
521 677
53 904
879 855
996 762
4 418
692 689
941 479
370 732
341 58
107 52
453 462
69 640
750 813
828 893
58 603
366 952
159 968
410 862
852 136
121 509
8 994
744 345
265 162
843 483
709 833
279 394
786 199
626 70
495 254
797 6
976 342
92 324
870 696
36 670
851 229
833 404
893 555
813 923
975 337
354 386
855 370
270 993
425 94
132 157
853 186
382 60
468 26
607 622
207 678
538 563
880 298
166 621
216 944
679 595
695 685
882 176
139 481
923 504
274 77
365 735
759 786
937 861
965 890
618 624
48 134
198 776
293 187
868 877
140 497
120 939
469 209
859 390
698 14
871 150
960 333
814 306
822 62
300 1000
566 824
792 757
35 334
103 562
627 985
661 821
650 588
542 887
736 304
292 81
350 871
244 28
55 559
741 510
768 397
451 101
563 605
938 455
594 740
461 851
939 575
772 222
466 341
102 773
715 589
63 115
689 378
518 738
20 399
505 73
162 127
38 921
664 530
26 256
666 384
241 800
173 789
806 633
137 83
178 846
782 38
675 804
110 61
573 940
612 8
455 797
423 733
614 564
217 123
488 807
234 873
23 45
643 915
361 193
964 107
990 744
351 54
951 40
39 698
363 440
303 168
246 405
394 13
544 239
605 369
670 869
214 642
983 417
121 551
653 666
925 938
694 178
187 822
999 554
802 875
728 820
179 643
684 274
105 379
73 18
721 279
91 977
332 543
70 654
590 42
418 250
40 311
200 717
909 798
589 356
739 31
485 408
659 401
765 88
19 253
827 439
449 433
507 658
907 121
611 726
452 252
336 225
683 494
492 909
904 55
309 913
942 681
599 331
263 714
784 791
790 63
723 143
204 857
481 407
337 627
537 889
841 839
401 951
343 30
585 788
43 21
817 307
514 799
115 549
994 908
535 343
404 144
348 146
339 941
799 338
329 12
28 465
674 166
264 160
823 956
551 668
830 308
595 427
14 57
732 541
703 752
895 182
762 710
349 767
340 203
148 387
80 870
81 974
149 19
142 759
127 514
115 897
197 582
214 431
358 185
581 106
248 602
286 540
78 39
807 353
371 592
933 294
606 125
805 120
276 71
245 266
458 410
307 227
825 280
530 171
892 617
131 48
556 241
47 264
779 41
268 991
815 445
306 23
85 22
772 780
924 9
463 837
766 180
96 453
665 474
450 425
75 725
707 163
917 214
966 580
950 609
147 245
177 653
670 403
373 293
819 242
864 201
742 503
699 498
743 305
550 191
997 781
225 270
233 290
956 484
462 179
32 997
10 604
21 142
342 175
961 972
710 790
230 631
756 831
769 276
205 317
953 747
438 521
767 746
952 389
449 730
949 493
578 626
478 715
536 159
645 702
571 529
903 477
812 15
165 156
502 470
615 524
37 35
876 903
603 181
56 758
111 743
749 515
241 809
857 44
662 287
926 275
560 825
717 532
68 104
873 842
693 359
525 542
409 396
378 926
519 618
992 137
395 64
218 285
415 197
355 583
993 863
706 990
945 258
751 858
733 85
904 315
414 130
682 376
398 243
125 322
46 212
421 716
258 899
582 593
856 958
381 443
559 238
899 835
791 196
885 438
858 711
113 520
437 189
658 349
213 4
931 969
796 931
85 313
707 860
501 663
156 457
51 775
915 513
460 850
914 261
24 694
676 628
583 426
226 32
889 464
194 119
894 585
500 174
778 880
190 226
946 572
236 95
256 959
224 753
962 34
396 402
389 491
829 755
539 569
88 771
838 664
878 111
704 525
493 366
558 854
891 815
591 355
608 770
927 526
89 601
188 53
328 946
326 248
668 868
660 953
324 945
714 309
491 316
816 644
7 838
534 329
794 597
247 385
94 318
789 268
346 639
124 219
427 548
261 930
788 795
559 392
523 722
649 557
347 659
558 812
42 340
379 432
980 502
527 935
652 707
970 533
726 323
281 695
441 51
716 723
285 782
929 220
67 56
776 571
149 411
175 989
507 570
504 257
686 577
540 519
499 374
979 793
304 124
135 865
376 581
459 768
908 485
136 475
60 424
866 442
434 393
588 273
317 684
737 531
597 215
826 886
959 810
977 200
344 706
284 920
887 849
508 667
419 764
747 566
335 709
613 608
638 976
877 451
746 754
227 784
240 874
193 247
11 99
12 49
517 947
321 300
567 662
600 802
186 965
774 596
681 291
849 255
596 741
863 971
322 365
503 794
33 817
725 326
947 198
72 806
896 297
673 360
708 10
126 742
971 344
757 409
711 489
387 584
474 778
696 808
430 490
656 682
202 208
412 92
83 471
804 177
667 647
497 650
640 312
985 91
835 906
431 996
910 205
314 415
974 213
457 444
771 587
619 434
2 335
564 916
486 488
810 882
490 736
519 720
416 966
622 251
386 556
901 167
433 701
417 536
445 289
219 422
6 922
436 272
397 234
443 67
259 192
654 449
967 72
651 568
424 16
168 826
557 105
384 982
446 436
629 692
408 883
584 11
763 267
785 441
396 986
41 934
637 550
192 37
888 616
44 962
152 779
934 517
134 749
211 686
575 896
724 263
701 973
71 632
406 158
860 412
319 829
705 545
99 332
900 876
235 660
372 988
68 960
16 641
117 371
740 235
327 372
31 288
621 910
760 327
928 872
164 635
628 646
254 68
623 380
731 416
685 495
65 673
311 523
610 907
68 448
480 751
831 184
108 98
257 607
297 637
74 362
123 600
672 655
267 155
27 769
773 46
77 719
913 446
82 811
562 675
527 299
201 456
702 929
130 905
957 461
231 816
76 319
338 43
440 141
625 2
734 665
59 382
574 373
9 561
754 246
911 210
919 987
930 847
548 233
255 538
630 760
958 984
221 980
146 302
298 303
611 169
101 859
586 218
375 153
118 458
470 202
532 321
210 674
223 827
918 836
362 129
472 122
405 902
170 428
624 138
249 728
352 630
145 450
850 936
158 704
671 777
390 612
981 964
991 240
598 86
528 244
17 756
369 943
752 651
176 656
420 463
291 933
565 553
368 765
84 611
932 65
745 135
647 400
318 955
64 598
151 894
735 898
316 361
846 80
526 486
484 978
874 649
851 325
758 739
517 195
141 586
568 693
273 895
242 527
541 217
97 296
987 108
890 745
609 165
253 230
133 731
413 516
867 281
884 881
109 979
883 852
657 172
615 891
576 942
671 111
191 881
881 951
475 899
112 962
857 269
411 565
194 388
453 912
938 76
742 556
910 264
822 267
476 420
959 709
38 982
99 39
918 647
779 205
933 335
190 308
717 339
426 384
52 622
738 571
523 980
19 219
751 627
663 21
404 649
597 299
559 712
392 702
665 622
783 520
965 638
611 197
680 853
717 412
835 510
709 926
699 359
681 473
716 414
423 483
508 28
235 218
875 917
814 600
509 545
556 324
464 149
807 507
375 765
88 846
86 148
889 834
507 190
664 92
668 910
821 675
593 649
717 249
269 419
472 381
646 238
518 121
753 934
595 874
188 857
438 60
640 541
277 230
244 702
980 896
386 140
13 280
22 730
37 689
795 604
68 143
388 597
938 782
55 311
553 251
342 608
195 79
820 327
187 849
699 148
940 466
992 571
679 360
496 962
534 899
837 375
390 831
391 470
730 376
251 332
959 319
793 609
224 978
28 39
561 553
100 573
164 759
60 169
358 742
660 74
61 765
19 286
364 494
987 230
599 115
977 589
799 77
792 151
172 650
779 295
818 619
659 281
348 36
299 283
106 202
590 387
514 722
656 626
438 552
283 510
251 719
729 939
180 971
135 333
102 124
844 595
150 603
680 932
868 101
222 378
627 994
734 662
417 113
958 346
582 580
952 857
916 68
326 642
288 475
169 303
440 438
277 647
131 677
870 877
137 992
909 319
460 764
293 681
334 835
986 75
919 776
186 917
205 754
394 673
985 733
355 390
776 988
294 285
919 101
868 403
158 341
421 202
405 997
124 631
939 430
286 149
353 991
732 385
265 375
691 208
422 414
268 679
534 26
600 429
990 527
327 444
875 749
153 970
160 721
318 591
172 338
316 81
181 75
98 386
160 162
952 169
295 148
739 634
996 185
556 546
540 379
433 396
656 232
316 930
585 486
279 467
240 311
352 467
496 62
715 66
469 818
246 603
196 987
754 724
322 738
876 992
231 225
8 396
178 298
588 788
745 843
741 215
24 186
31 975
874 561
900 896
718 899
23 491
566 148
112 981
779 478
786 631
763 521
813 918
214 199
9 413
763 395
537 235
459 830
256 593
926 83
617 98
585 428
714 507
843 48
495 935
980 667
608 902
197 176
740 591
945 302
150 574
205 521
519 371
616 96
798 588
98 61
927 135
265 509
871 760
665 156
2 786
268 528
131 624
203 586
670 377
386 511
577 707
531 574
317 57
420 349
565 141
905 753
597 461
315 742
899 679
674 654
450 599
748 798
845 29
234 94
70 938
388 259
643 887
412 767
873 724
336 268
917 721
630 594
687 547
604 487
242 747
261 919
615 797
50 552
176 149
201 54
152 216
127 145
398 507
64 800
143 658
929 196
759 557
972 988
361 902
544 447
13 855
321 625
837 171
1 502
873 146
798 291
852 666
769 442
262 335
250 389
873 21
507 2
920 682
664 363
190 988
222 882
321 729
539 184
980 707
898 221
560 287
874 557
186 155
410 944
806 940
527 885
305 559
377 501
231 279
682 650
378 964
208 463
787 162
448 491
459 294
557 912
403 238
394 790
150 568
192 330
402 836
944 52
117 861
422 618
961 261
795 930
649 594
69 815
626 524
578 406
498 294
737 857
517 248
847 297
238 309
589 848
351 564
970 916
593 204
871 577
779 627
527 119
313 297
735 592
69 449
274 259
781 251
183 173
729 733
465 304
973 127
947 830
518 818
916 465
396 749
339 904
944 98
148 834
774 83
931 673
784 887
664 126
582 86
739 613
274 898
507 741
897 588
89 820
984 58
38 723
264 531
244 546
831 268
434 917
439 56
510 352
544 892
687 621
865 373
692 226
637 999
541 518
733 999
232 235
194 736
944 643
751 708
353 874
682 683
430 945
246 945
127 167
752 264
164 805
681 9
682 269
880 873
190 960
778 156
888 980
984 206
1000 276
197 174
316 381
300 681
274 956
451 730
972 342
701 381
410 357
921 170
240 409
573 441
665 200
790 438
364 957
186 201
440 310
4 62
657 739
128 902
925 346
166 976
696 21
10 202
682 744
365 690
90 835
11 180
507 236
855 426
903 345
485 546
395 676
571 954
468 472
651 525
471 522
26 947
88 566
667 752
970 4
617 70
246 118
877 450
265 8
932 392
913 589
631 736
809 762
73 544
227 980
289 274
963 506
381 131
949 778
197 852
270 619
157 202
897 827
387 902
789 430
938 973
324 18
486 195
925 55
365 249
597 188
520 830
387 576
561 251
467 288
387 407
558 253
65 714
890 145
539 373
937 104
725 666
165 716
426 493
813 803
883 909
242 744
800 373
468 259
105 88
694 282
363 362
876 888
296 389
734 502
317 534
852 503
364 964
681 288
436 253
412 45
702 879
442 747
689 237
155 2
983 863
244 795
574 772
273 490
593 904
255 651
715 457
519 809
632 955
910 460
309 77
105 722
942 781
127 489
194 444
954 722
925 67
892 889
549 104
294 965
471 154
610 181
58 283
222 149
183 555
743 430
247 620
742 852
683 181
169 837
276 717
495 450
75 593
185 282
108 767
41 66
761 121
268 929
940 592
71 683
239 914
690 708
396 528
9 260
193 420
182 967
361 66
414 955
559 512
369 429
332 777
978 283
644 684
447 246
8 727
153 651
328 412
342 866
108 886
903 328
371 679
206 113
514 766
278 882
646 289
514 113
247 807
611 384
903 686
450 515
21 960
196 520
937 967
189 8
938 935
906 187
795 831
811 731
909 161
767 257
684 766
763 650
700 556
959 769
75 751
520 545
494 918
655 492
612 66
761 263
790 520
270 459
544 279
881 2
847 11
344 625
114 303
18 505
588 33
473 798
168 887
531 98
248 924
579 907
853 395
70 668
22 172
600 403
928 329
231 293
99 179
914 508
642 925
894 393
705 827
903 83
388 51
845 323
718 701
521 32
817 765
371 363
907 347
218 855
916 989
264 207
149 212
861 465
684 244
326 983
577 71
841 426
771 377
95 751
287 453
138 397
137 103
216 700
73 312
827 638
167 615
119 973
288 450
293 831
378 960
126 578
829 195
796 833
443 405
603 27
653 948
485 985
822 801
894 696
198 694
291 113
349 204
665 598
402 157
561 39
520 931
398 863
845 99
840 177
784 867
83 463
587 20
292 569
841 156
901 3
889 210
756 931
617 49
270 957
322 312
581 48
221 120
647 105
854 1000
588 336
292 738
814 727
405 663
991 247
490 525
940 48
54 21
544 796
32 254
825 903
210 292
335 308
788 23
563 855
644 180
462 71
341 54
74 480
796 58
301 311
450 547
674 658
643 720
707 179
190 816
868 769
892 546
588 577
568 805
848 512
765 527
929 172
664 417
316 610
893 900
137 241
864 823
715 169
661 548
176 417
290 448
112 309
824 196
575 423
234 506
699 632
824 849
61 592
424 801
361 17
234 796
147 417
919 361
517 267
736 925
222 116
889 291
561 827
529 27
763 541
875 328
597 183
465 474
251 673
791 474
788 835
562 493
671 678
758 105
650 677
708 752
350 804
559 901
209 292
867 129
379 265
829 186
61 299
882 799
757 495
274 562
817 673
817 594
8 609
26 346
305 375
247 63
171 799
321 450
925 175
78 22
498 312
283 62
121 747
271 969
721 75
389 497
285 47
866 335
426 46
511 326
886 368
240 514
22 583
157 623
77 494
323 261
460 809
730 487
822 986
636 354
930 4
443 31
935 931
995 640
340 461
776 457
1 545
832 937
798 591
503 890
930 965
148 981
805 555
192 717
982 837
755 116
126 648
641 871
692 767
820 543
333 268
28 203
770 757
27 881
99 25
109 945
10 982
646 40
483 425
272 801
757 990
663 512
445 323
214 549
487 615
887 462
55 345
431 672
157 970
879 917
260 48
576 891
131 950
590 721
276 990
799 600
346 26
860 124
265 806
460 526
175 513
781 844
603 771
201 237
195 488
558 911
596 583
119 474
417 937
744 878
295 853
135 390
244 835
255 57
764 896
169 902
766 100
118 716
456 801
113 847
672 572
895 518
49 975
487 492
333 860
377 512
534 455
812 937
629 45
482 599
409 758
808 850
36 995
927 780
824 217
340 277
4 192
984 233
698 422
500 848
56 802
437 922
429 426
740 367
312 882
230 492
173 336
498 42
806 489
62 60
327 39
139 394
605 779
935 721
617 552
262 431
868 223
581 444
44 74
400 824
641 782
314 573
332 594
307 284
640 952
917 674
452 598
32 967
501 250
297 195
439 448
905 926
387 430
440 119
445 158
390 966
532 89
497 756
119 425
839 368
589 17
802 948
924 483
659 135
642 817
33 608
596 405
194 570
147 21
201 804
765 720
236 941
932 115
493 540
365 293
351 151
323 467
570 829
920 973
78 644
545 240
581 896
830 54
551 552
756 763
987 466
984 491
694 809
794 617
455 610
746 689
158 836
384 514
703 964
655 227
410 859
739 480
787 752
1 426
183 583
19 33
66 589
209 723
232 706
871 629
565 439
33 355
768 404
476 87
503 221
