1000 1000 2
1 467
1 602
1 945
1 855
1 327
1 131
1 981
1 953
1 304
1 898
1 430
1 560
1 610
1 112
1 809
1 680
1 711
1 593
1 930
1 248
1 237
1 147
1 732
1 108
1 720
1 911
1 159
1 308
1 337
1 140
1 141
1 805
1 47
1 69
1 549
1 626
1 913
1 322
1 52
1 670
1 779
1 312
1 622
1 523
1 187
1 715
1 775
1 464
1 766
1 21
1 291
1 309
1 579
1 713
1 937
1 320
1 260
1 795
1 249
1 567
1 449
1 39
1 122
1 848
1 580
1 53
1 361
1 276
1 256
1 734
1 367
1 868
1 438
1 979
1 236
1 454
1 218
1 358
1 29
1 279
1 280
1 105
1 932
1 1000
1 328
1 95
1 561
1 885
1 484
1 955
1 827
1 22
1 959
1 873
1 708
1 721
1 686
1 191
1 45
1 436
1 983
1 831
1 135
1 606
1 399
1 138
1 698
1 85
1 496
1 788
1 896
1 137
1 425
1 41
1 209
1 262
1 701
1 910
1 735
1 900
1 649
1 267
1 867
1 66
1 890
1 142
1 656
1 853
1 974
1 632
1 158
1 445
1 155
1 306
1 200
1 714
1 886
1 4
1 783
1 229
1 428
1 778
1 186
1 70
1 150
1 902
1 972
1 383
1 471
1 582
1 758
1 295
1 503
1 62
1 272
1 245
1 820
1 350
1 128
1 791
1 667
1 373
1 751
1 259
1 43
1 946
1 513
1 544
1 681
1 965
1 479
1 993
1 852
1 693
1 422
1 338
1 836
1 592
1 351
1 172
1 823
1 846
1 212
1 316
1 127
1 313
1 739
1 380
1 299
1 575
1 507
1 811
1 488
1 163
1 345
1 532
1 176
1 973
1 988
1 360
1 93
1 478
1 949
1 297
1 904
1 290
1 171
1 546
1 569
1 590
1 798
1 725
1 928
1 431
1 624
1 558
1 65
1 117
1 842
1 495
1 833
1 644
1 553
1 411
1 197
1 834
1 984
1 837
1 281
1 168
1 757
1 733
1 726
1 227
1 50
1 887
1 286
1 394
1 497
1 916
1 388
1 143
1 769
1 794
1 776
1 737
1 123
1 529
1 859
1 652
1 20
1 462
1 740
1 599
1 961
1 429
1 459
1 588
1 752
1 263
1 185
1 533
1 136
1 408
1 81
1 765
1 492
1 100
1 542
1 914
1 110
1 535
1 175
1 179
1 826
1 857
1 835
1 111
1 552
1 727
1 968
1 989
1 643
1 104
1 87
1 666
1 829
1 343
1 996
1 518
1 302
1 465
1 79
1 219
1 374
1 608
1 501
1 738
1 156
1 164
1 450
1 349
1 541
1 880
1 153
1 764
1 630
1 603
1 576
1 362
1 950
1 631
1 247
1 559
1 709
1 570
1 148
1 31
1 642
1 274
1 486
1 800
1 515
1 102
1 207
1 962
1 516
1 271
1 694
1 97
1 275
1 584
1 562
1 609
1 685
1 169
1 354
1 719
1 473
1 413
1 568
1 839
1 494
1 341
1 384
1 970
1 347
1 770
1 226
1 310
1 865
1 527
1 213
1 939
1 114
1 24
1 604
1 480
1 810
1 15
1 443
1 627
1 48
1 992
1 18
1 208
1 710
1 178
1 133
1 232
1 716
1 944
1 707
1 832
1 301
1 257
1 493
1 519
1 387
1 665
1 787
1 581
1 204
1 234
1 194
1 107
1 331
1 12
1 889
1 453
1 357
1 469
1 352
1 423
1 378
1 189
1 447
1 468
1 37
1 58
1 366
1 691
1 348
1 952
1 67
1 324
1 919
1 531
1 401
1 540
1 333
1 675
1 871
1 489
1 289
1 92
1 250
1 539
1 80
1 564
1 554
1 530
1 964
1 243
1 292
1 157
1 881
1 936
1 982
1 40
1 947
1 170
1 109
1 690
1 432
1 154
1 16
1 33
1 957
1 677
1 487
1 458
1 617
1 743
1 115
1 216
1 389
1 942
1 433
1 82
1 222
1 246
1 244
1 636
1 254
1 759
1 356
1 548
1 161
1 55
1 224
1 888
1 777
1 17
1 119
1 664
1 528
1 894
1 205
1 325
1 294
1 300
1 876
1 543
1 463
1 71
1 669
1 990
1 188
1 330
1 500
1 578
1 470
1 228
1 392
1 673
1 997
1 668
1 655
1 995
1 283
1 103
1 587
1 124
1 977
1 849
1 455
1 662
1 611
1 926
1 174
1 851
1 364
1 651
1 601
1 255
1 923
1 60
1 577
1 864
1 149
1 600
1 403
1 452
1 448
1 121
1 767
1 359
1 211
1 747
1 398
1 589
1 774
1 918
1 712
1 214
1 615
1 490
1 491
1 407
1 298
1 999
1 772
1 684
1 152
1 27
1 524
1 192
1 400
1 704
1 98
1 318
1 991
1 925
1 90
1 688
1 746
1 869
1 943
1 63
1 512
1 538
1 385
1 645
1 650
1 335
1 201
1 83
1 556
1 94
1 396
1 129
1 792
1 618
1 905
1 251
1 520
1 517
1 754
1 817
1 874
1 418
1 729
1 933
1 679
1 101
1 934
1 113
1 32
1 278
1 814
1 258
1 858
1 196
1 641
1 217
1 64
1 139
1 391
1 199
1 555
1 369
1 927
1 663
1 406
1 125
1 789
1 183
1 614
1 895
1 717
1 13
1 654
1 659
1 771
1 336
1 682
1 843
1 994
1 806
1 838
1 605
1 319
1 635
1 634
1 674
1 89
1 381
1 941
1 921
1 477
1 56
1 195
1 395
1 265
1 376
1 586
1 59
1 225
1 145
1 270
1 268
1 620
1 920
1 534
1 623
1 924
1 339
1 763
1 510
1 799
1 344
1 287
1 508
1 177
1 19
1 736
1 705
1 661
1 427
1 863
1 730
1 768
1 815
1 370
1 146
1 36
1 931
1 284
1 821
1 521
1 790
1 11
1 277
1 88
1 386
1 483
1 78
1 537
1 591
1 25
1 594
1 628
1 34
1 371
1 819
1 696
1 446
1 773
1 326
1 106
1 375
1 74
1 861
1 451
1 744
1 563
1 173
1 903
1 151
1 966
1 845
1 233
1 808
1 472
1 332
1 220
1 625
1 824
1 303
1 728
1 73
1 892
1 421
1 525
1 828
1 573
1 595
1 813
1 404
1 96
1 571
1 616
1 86
1 572
1 481
1 68
1 116
1 804
1 607
1 282
1 975
1 801
1 909
1 700
1 439
1 184
1 202
1 424
1 221
1 402
1 901
1 706
1 612
1 252
1 419
1 703
1 971
1 35
1 830
1 91
1 365
1 638
1 506
1 132
1 167
1 906
1 695
1 2
1 84
1 253
1 355
1 420
1 474
1 323
1 42
1 633
1 476
1 180
1 907
1 954
1 640
1 77
1 762
1 382
1 162
1 935
1 353
1 585
1 816
1 296
1 7
1 745
1 223
1 231
1 550
1 841
1 908
1 678
1 198
1 466
1 793
1 75
1 803
1 482
1 522
1 514
1 273
1 442
1 182
1 784
1 998
1 566
1 986
1 314
1 547
1 46
1 206
1 3
1 697
1 860
1 181
1 812
1 340
1 410
1 426
1 755
1 144
1 782
1 379
1 460
1 613
1 847
1 14
1 597
1 526
1 940
1 414
1 761
1 862
1 165
1 922
1 980
1 130
1 629
1 215
1 457
1 498
1 796
1 76
1 54
1 441
1 30
1 28
1 118
1 639
1 393
1 509
1 891
1 99
1 883
1 687
1 57
1 321
1 329
1 51
1 405
1 786
1 825
1 956
1 750
1 346
1 960
1 557
1 285
1 917
1 985
1 434
1 657
1 660
1 61
1 753
1 976
1 742
1 368
1 850
1 160
1 266
1 958
1 723
1 647
1 756
1 856
1 8
1 969
1 416
1 637
1 912
1 334
1 844
1 877
1 166
1 748
1 415
1 536
1 915
1 574
1 444
1 702
1 437
1 741
1 648
1 893
1 239
1 963
1 5
1 261
1 390
1 38
1 619
1 878
1 6
1 875
1 621
1 456
1 724
1 807
1 658
1 987
1 718
1 899
1 872
1 363
1 882
1 440
1 722
1 797
1 44
1 377
1 929
1 311
1 866
1 264
1 126
1 676
1 409
1 435
1 240
1 10
1 372
1 822
1 203
1 288
1 653
1 511
1 342
1 646
1 475
1 840
1 951
1 305
1 731
1 134
1 551
1 583
1 417
1 692
1 785
1 689
1 545
1 293
1 120
1 499
1 879
1 683
1 235
1 699
1 780
1 190
1 210
1 241
1 967
1 193
1 598
1 397
1 504
1 317
1 26
1 502
1 23
1 230
1 978
1 854
1 9
1 307
1 884
1 671
1 948
1 565
1 749
1 49
1 596
1 760
1 781
1 315
1 269
1 72
1 938
1 505
1 672
1 238
1 485
1 802
1 897
1 242
1 412
1 818
1 461
1 870
181 982
597 959
721 116
754 900
41 715
334 325
949 78
676 234
570 834
693 899
84 694
186 173
158 140
192 316
76 53
628 960
304 703
75 1
675 33
121 312
886 375
489 81
431 928
96 281
285 359
718 719
595 50
19 312
348 480
788 853
349 216
766 208
842 965
459 302
967 793
929 57
741 228
403 356
372 387
66 693
464 491
949 551
342 852
793 327
194 157
62 571
947 603
448 802
397 107
661 974
164 369
580 140
926 212
889 486
957 495
652 615
57 946
713 207
343 750
429 712
561 361
152 253
874 399
314 335
36 779
38 666
176 981
641 354
511 16
217 38
472 240
64 128
889 436
487 668
836 887
535 64
831 801
218 147
456 657
359 581
16 24
682 191
484 890
287 777
936 705
1000 253
582 623
385 87
855 530
894 631
639 289
244 587
362 305
103 739
580 279
428 418
758 169
612 257
657 283
318 309
138 323
510 243
528 846
498 397
411 829
325 436
652 585
762 784
227 179
402 46
184 887
156 38
586 310
455 219
333 720
758 146
398 382
332 371
659 456
490 891
43 731
434 509
539 952
887 366
913 389
58 769
872 114
259 454
86 219
556 495
255 165
66 612
272 319
163 796
662 961
331 41
172 73
823 468
452 432
705 409
452 945
95 240
202 447
961 525
237 829
500 485
649 815
509 475
519 204
269 892
467 844
732 295
80 618
968 232
596 686
378 516
909 813
897 646
292 350
867 563
460 257
524 345
608 833
817 652
188 806
36 227
968 997
834 279
705 904
597 113
6 375
871 472
398 28
520 505
89 170
945 776
1 725
145 960
179 346
37 347
186 152
731 713
417 966
978 562
287 657
115 941
667 303
934 657
342 601
83 169
883 423
366 375
203 519
790 694
325 645
106 59
251 446
852 961
440 977
101 758
562 532
344 718
421 214
670 682
597 189
396 731
732 428
937 758
105 224
443 718
987 603
470 80
753 970
730 921
383 752
978 480
933 628
175 653
541 818
527 268
465 85
673 410
676 103
228 310
847 169
476 633
783 834
614 424
829 460
920 87
486 93
433 530
731 134
550 551
294 583
342 742
354 997
239 860
895 151
123 376
510 712
621 34
948 386
484 745
269 402
992 124
43 479
107 26
291 740
109 95
623 648
649 393
747 466
42 210
386 350
459 893
872 562
304 399
181 838
158 496
443 465
236 25
310 410
363 796
651 349
790 816
222 485
803 816
300 409
261 758
10 485
49 361
788 599
996 915
280 632
89 505
895 305
464 487
611 5
985 773
201 996
661 911
913 889
59 446
85 881
749 996
901 820
653 677
74 828
171 639
209 89
683 335
57 108
616 14
55 704
559 576
390 484
323 554
611 702
673 420
580 280
552 324
836 137
137 724
183 841
331 729
833 779
388 755
468 395
253 992
968 159
189 699
351 477
541 477
32 86
580 261
275 759
804 640
349 744
26 412
3 717
309 171
297 111
200 561
657 620
435 590
473 86
506 93
375 500
4 671
941 959
732 15
248 444
326 57
594 109
725 560
768 866
39 990
604 460
622 617
360 666
561 931
138 353
765 255
156 788
165 413
397 344
927 907
154 547
197 482
282 113
799 392
892 885
740 199
813 66
379 12
645 194
856 833
386 844
441 574
345 708
533 541
531 592
689 883
383 883
390 792
942 328
868 81
715 801
244 230
255 952
579 607
478 407
529 941
570 212
17 176
938 921
621 459
976 285
29 52
234 242
413 268
966 233
514 728
395 819
101 907
241 497
289 891
935 655
732 573
650 302
992 564
817 844
355 356
916 279
416 548
217 835
973 288
438 57
453 252
916 624
169 167
649 429
387 478
372 711
209 689
502 492
70 632
896 481
406 635
776 172
688 110
648 410
156 178
248 257
1000 273
456 851
264 251
377 794
698 770
758 723
386 966
287 864
947 730
649 843
741 371
706 646
344 221
291 910
372 780
428 134
60 459
553 592
123 455
326 173
363 321
209 914
128 94
63 189
779 665
895 538
230 190
901 246
605 308
335 444
577 121
194 215
211 593
668 689
982 362
735 829
493 201
356 450
934 456
291 984
395 48
730 330
793 779
80 789
575 884
958 694
724 563
826 384
365 797
942 529
754 497
263 476
146 540
554 677
774 947
752 33
102 633
742 88
15 897
45 429
911 681
868 96
314 561
575 643
600 961
934 139
980 438
875 539
270 859
377 127
160 366
716 672
315 680
348 864
170 158
314 471
174 586
239 334
172 404
745 607
566 272
108 170
148 271
175 338
716 160
976 595
971 253
858 764
166 169
249 723
944 152
360 820
347 747
977 323
766 169
700 101
518 709
316 343
68 119
294 151
559 940
953 76
726 36
577 346
546 663
913 499
213 869
858 400
308 665
143 279
7 570
763 846
270 176
204 905
74 860
511 345
323 343
298 405
921 908
880 709
448 856
279 964
705 719
685 234
300 439
374 338
910 828
700 246
156 500
508 220
44 701
868 653
831 983
517 123
417 376
172 300
483 588
122 874
66 147
894 748
214 325
47 96
122 726
687 308
545 953
893 229
467 61
819 223
263 670
792 411
805 657
760 509
559 986
876 644
465 562
855 189
594 915
83 6
10 493
549 582
907 483
987 413
434 342
822 362
67 825
806 428
320 872
661 470
782 533
607 44
397 338
809 301
484 705
380 492
687 150
292 469
492 596
546 663
379 902
915 217
989 569
522 91
614 765
72 777
862 373
85 702
313 267
677 693
145 547
573 844
146 837
157 816
701 182
913 252
400 823
713 348
746 707
300 604
361 486
843 917
899 673
805 919
311 718
312 79
664 746
737 449
451 969
621 763
698 71
790 177
669 125
891 111
196 840
276 817
183 598
586 34
846 847
786 28
255 211
502 854
348 330
229 104
996 541
545 895
950 101
37 517
946 116
337 830
55 157
798 606
408 881
67 934
848 737
666 886
341 246
700 84
383 692
956 497
594 535
148 603
232 534
605 538
43 443
168 290
867 663
720 711
109 590
908 435
296 183
30 296
773 471
731 471
148 84
5 455
843 253
434 975
623 685
591 446
859 81
115 483
933 883
620 509
588 960
533 464
228 48
98 704
41 139
773 759
599 212
240 78
963 879
371 794
847 479
195 437
360 7
154 992
174 299
746 290
435 622
377 833
798 830
72 640
757 963
31 956
937 831
966 857
799 832
576 422
283 522
401 843
816 474
564 141
750 479
939 830
877 204
44 554
459 257
992 584
322 60
28 166
882 439
272 657
479 160
801 465
393 681
282 679
962 935
373 519
871 702
750 286
693 275
273 757
813 452
659 981
31 768
627 927
49 445
293 857
779 963
484 892
912 438
754 15
392 260
569 677
645 697
632 861
825 651
937 457
36 585
774 603
707 738
860 249
166 34
609 848
961 768
697 679
758 194
173 753
503 35
628 7
97 650
95 958
271 900
850 829
918 864
855 697
400 628
700 498
810 330
688 129
414 56
1 132
29 862
168 807
775 261
218 641
494 60
57 399
436 644
965 575
210 934
724 291
188 459
748 320
969 923
402 963
131 440
963 304
597 785
130 561
793 997
640 835
177 216
564 597
947 707
885 503
981 279
729 978
428 966
461 324
509 75
508 495
890 175
903 2
732 155
584 311
974 20
852 615
966 970
989 141
767 70
743 385
462 758
677 998
810 29
324 926
881 696
537 318
193 51
175 337
795 768
999 566
45 516
732 870
77 262
12 657
794 566
546 150
156 368
236 363
254 232
608 384
698 638
669 822
818 410
911 864
286 636
225 271
307 294
323 364
654 644
677 313
710 549
910 304
310 596
187 466
609 108
207 310
810 175
430 610
673 595
41 688
757 483
817 417
796 447
241 647
510 361
169 502
383 432
574 362
974 951
585 687
677 401
508 591
886 602
694 933
95 665
963 632
790 496
844 284
958 689
978 971
917 547
746 484
705 909
112 996
982 1000
160 314
862 558
371 479
647 604
512 830
474 116
542 872
756 606
573 341
522 787
596 285
991 171
364 330
117 783
949 231
212 91
728 73
943 92
690 375
12 988
508 624
115 395
13 898
17 151
599 712
267 625
255 436
241 523
834 582
340 383
60 75
537 619
862 221
523 857
268 544
978 780
189 536
794 497
22 721
962 888
387 294
929 552
445 285
7 227
308 232
26 796
519 645
768 970
521 103
120 773
907 875
835 11
604 254
259 97
141 595
969 940
570 20
766 271
761 102
229 121
643 893
834 341
367 152
602 47
264 201
243 945
427 631
185 850
414 73
875 572
387 249
868 354
43 668
602 44
457 147
10 737
830 511
679 701
252 868
480 285
635 616
790 942
553 883
503 268
138 352
601 699
485 442
376 314
844 959
975 112
689 236
321 104
223 741
167 455
114 517
829 418
554 962
970 413
612 277
480 943
75 746
660 530
229 47
969 795
477 827
923 623
307 964
627 536
876 558
827 378
265 193
585 639
693 385
980 265
995 871
276 309
821 716
440 844
533 756
747 954
959 443
255 752
114 570
883 892
19 134
142 720
447 313
6 80
