1000
61458 61499
26344 26381
16981 17067
51687 51755
33064 33118
82045 82049
35598 35684
76267 76352
73724 73736
95587 95669
94023 94114
32401 32492
61390 61441
77714 77802
77083 77158
49584 49663
84121 84177
22731 22820
90370 90442
75946 75985
15322 15366
90390 90430
64807 64851
56743 56783
53325 53378
71213 71227
20136 20216
97175 97181
90868 90917
30775 30862
49373 49404
95227 95238
98040 98108
10936 11027
38590 38670
63076 63111
50939 51006
77632 77665
14545 14583
74374 74404
25625 25634
59258 59280
86350 86441
81998 82035
48734 48784
68600 68636
78802 78854
2294 2389
98667 98723
52252 52256
31062 31125
36708 36799
23715 23788
45414 45507
7852 7854
71673 71724
48871 48897
69930 70022
54896 54904
9762 9785
96681 96752
72361 72405
41674 41707
52908 52911
95111 95129
75651 75735
54356 54429
26142 26181
71853 71930
65977 65979
8540 8629
89238 89268
69262 69320
16188 16204
98196 98211
21868 21926
21575 21578
19903 19994
94489 94575
67063 67076
70421 70455
96400 96427
8045 8102
26342 26411
81802 81865
92536 92538
92414 92467
23138 23225
38723 38748
99702 99783
77713 77717
12453 12480
68339 68375
96129 96146
8092 8155
87666 87703
5583 5595
23318 23368
43821 43921
29426 29435
37687 37761
80983 80984
80794 80861
61840 61863
24929 24997
80301 80356
91340 91407
54999 55071
49544 49561
81273 81303
6398 6460
65701 65792
5529 5530
97482 97543
80159 80164
10146 10170
74241 74275
6082 6139
29285 29309
91126 91158
38012 38040
63356 63372
99030 99052
80459 80537
68980 68991
68290 68353
10875 10972
21217 21311
85325 85331
12929 12930
7224 7301
72126 72203
79041 79099
71645 71689
83651 83687
84343 84421
48976 49053
52277 52365
58343 58354
38492 38497
90592 90649
17983 18061
52443 52469
2280 2349
96450 96486
31517 31598
92387 92401
79323 79364
83603 83613
55110 55191
70249 70328
45016 45101
23801 23849
60284 60317
30164 30259
83005 83092
62639 62707
61167 61173
20911 20966
88460 88485
63480 63574
19237 19277
80945 81042
59022 59071
80081 80105
7576 7599
77895 77932
63018 63070
64768 64835
90602 90656
61909 61943
87969 87997
54430 54454
78641 78730
89965 90010
2117 2184
22437 22469
31953 31973
49786 49792
53546 53608
25066 25166
6633 6726
67810 67862
39685 39760
61505 61597
99775 99827
56979 57006
10526 10602
53017 53027
67577 67667
18753 18780
45549 45585
36091 36112
15643 15681
59388 59443
54239 54301
97216 97262
69152 69200
74429 74511
32917 32929
13629 13716
5438 5516
9890 9921
11093 11112
81848 81872
31426 31493
92191 92258
26437 26486
14450 14504
1023 1031
10168 10264
79147 79194
57403 57484
65150 65166
4458 4490
15795 15875
27515 27533
18300 18400
42209 42218
79385 79386
27959 27993
19939 20004
32664 32666
99257 99312
56199 56266
55537 55548
5423 5452
45646 45726
65950 66000
17221 17267
34518 34554
43392 43447
8131 8177
35153 35172
35534 35591
63295 63393
50129 50204
65503 65574
51544 51628
12791 12877
42128 42191
21043 21142
91707 91750
2674 2699
56619 56705
37626 37643
18485 18537
73238 73252
87082 87130
87322 87349
89943 89990
68198 68262
47574 47647
82618 82694
2756 2826
66086 66155
82619 82648
72127 72153
98369 98434
21999 22046
31174 31235
34469 34529
3254 3273
67919 67945
3244 3306
93262 93346
5124 5211
11513 11606
36095 36131
89343 89429
78295 78333
78294 78391
56043 56143
15991 16043
37074 37089
28127 28162
79240 79325
97015 97040
62654 62716
79075 79147
7116 7183
11185 11266
53452 53529
36554 36573
12360 12390
44292 44326
18603 18624
64727 64748
60639 60705
75083 75105
48615 48694
75238 75281
34185 34213
74665 74709
39424 39452
35486 35569
1490 1513
84290 84371
97143 97202
83369 83420
61547 61555
41979 41996
43386 43406
27491 27506
61457 61551
68948 68986
36280 36347
70461 70561
77893 77985
38631 38680
79823 79861
30941 30950
29326 29380
7136 7228
30090 30155
91679 91761
47719 47782
39270 39360
44546 44552
75663 75716
46574 46609
96193 96251
70116 70188
74444 74523
76731 76732
30857 30890
13450 13520
11934 12011
69284 69324
55656 55726
68890 68893
12485 12498
43755 43780
56029 56103
15644 15733
14514 14571
73797 73817
1738 1756
94005 94068
76440 76505
43934 43996
27965 28027
35238 35320
77754 77796
10740 10812
35655 35690
79019 79045
26990 27006
3185 3198
20384 20452
72841 72934
32508 32602
11118 11142
72605 72609
73392 73448
1603 1670
17351 17370
70590 70633
30028 30035
9195 9221
3081 3107
83003 83009
4741 4802
68934 68964
13307 13341
71823 71919
60243 60282
87332 87382
31436 31447
91144 91201
29365 29393
146 203
50109 50160
920 999
34161 34223
42995 43049
10964 11051
4401 4426
99623 99626
54544 54562
85055 85155
87248 87300
82962 83027
32270 32331
88794 88820
71207 71216
97471 97502
69766 69852
88344 88345
31789 31879
30369 30370
18324 18337
89942 89979
1317 1349
46703 46709
35093 35146
68721 68802
41527 41584
17495 17576
38180 38188
21862 21891
61263 61274
37733 37804
14030 14064
91577 91665
92593 92688
38204 38284
64652 64654
4813 4855
56178 56200
30180 30217
50828 50928
21125 21218
73782 73872
15861 15930
21683 21689
97161 97225
57859 57904
28373 28385
5688 5723
55798 55801
7880 7909
20339 20419
87335 87428
46490 46506
46379 46442
86751 86810
19484 19508
88267 88270
55657 55660
42368 42378
8110 8180
52033 52045
67481 67534
28692 28755
77679 77686
89496 89520
97056 97146
13063 13103
12534 12549
15233 15331
56379 56477
61397 61404
45575 45633
25692 25737
55487 55555
92582 92655
98999 99036
24771 24812
61778 61821
63255 63289
38415 38430
84466 84494
212 301
50533 50623
57933 57992
51166 51201
49655 49709
59317 59340
98028 98060
1481 1543
31126 31202
68795 68893
82109 82142
55471 55529
42856 42903
28591 28650
41136 41161
22063 22075
21805 21845
65705 65767
51095 51154
31151 31219
27768 27850
82661 82755
52406 52482
32245 32337
28078 28161
56997 57079
93609 93654
24376 24394
24462 24475
79188 79285
92137 92217
77697 77753
82895 82913
54122 54179
46598 46622
57269 57365
63054 63111
70296 70328
84327 84340
47014 47057
62960 63056
30271 30298
49927 49963
31269 31289
83915 83936
8102 8119
82353 82358
11739 11771
40402 40459
65327 65368
89555 89651
67981 68062
71629 71645
39442 39539
82859 82875
18224 18307
95077 95145
30747 30817
34508 34549
76881 76929
58641 58671
23156 23177
27037 27107
33734 33758
43658 43730
71023 71063
14265 14362
66758 66782
3059 3108
78435 78523
4144 4205
62653 62747
66191 66287
11855 11922
21740 21827
71740 71824
98583 98650
57976 57983
8946 8956
5536 5567
8490 8526
98415 98512
63203 63208
88898 88962
15903 15991
42402 42435
98073 98147
24477 24567
51586 51667
71376 71405
38573 38611
65119 65203
93703 93784
161 169
96746 96794
22770 22869
27111 27139
18196 18279
70775 70847
47975 48059
8988 9066
7721 7789
59895 59933
39976 40017
92030 92056
46538 46621
56601 56692
4340 4376
59796 59888
41180 41253
39421 39453
21329 21337
30772 30858
70640 70680
85877 85919
8544 8607
33425 33491
11420 11508
27605 27623
13992 13994
88964 88980
95819 95880
8878 8891
42716 42795
61506 61537
2155 2166
51443 51477
70877 70957
31728 31794
90806 90826
81393 81404
50355 50445
98155 98182
70587 70650
94591 94614
29586 29623
97751 97847
84017 84022
43193 43229
72177 72259
88209 88277
81384 81477
29523 29537
63742 63814
92626 92649
24013 24028
25012 25104
98030 98092
98359 98456
82104 82190
71568 71641
40337 40382
42669 42679
13985 14070
13313 13398
36909 36944
89750 89849
90750 90790
98741 98784
115 171
6540 6577
66314 66339
11232 11233
99648 99676
24451 24522
8896 8958
36020 36106
33174 33177
22232 22268
14953 15016
62216 62269
35781 35808
3261 3274
79902 79964
59396 59441
5470 5539
46322 46397
21500 21538
46666 46741
94152 94155
94174 94175
83933 83976
38390 38442
40181 40232
24539 24602
18698 18714
30892 30945
56187 56203
82000 82045
57028 57080
57571 57625
27815 27903
95510 95565
59478 59551
96462 96552
20692 20701
22703 22708
48214 48238
94598 94640
91818 91827
61272 61284
10469 10565
8352 8423
6709 6767
30104 30189
54777 54848
79017 79105
39157 39231
11102 11148
38393 38457
93035 93041
72988 73042
32860 32916
51733 51748
59670 59725
98149 98189
77176 77177
43438 43461
88498 88561
86210 86273
294 297
61191 61235
47356 47402
50387 50481
6899 6991
24854 24882
16541 16555
13391 13412
84114 84153
39676 39696
51594 51620
26964 26981
32443 32501
22381 22414
90342 90412
27366 27390
39960 39961
37734 37776
29271 29364
36053 36076
67547 67582
81087 81151
26643 26680
55491 55504
11138 11197
34993 35063
67100 67125
34226 34261
80671 80675
86168 86174
45744 45801
17984 18008
56828 56919
16007 16091
72103 72134
31645 31715
14388 14478
31038 31129
87748 87810
79100 79170
73215 73279
7921 8012
68158 68210
24452 24511
20862 20896
7766 7835
29923 29960
20159 20229
80432 80506
10149 10173
59507 59509
31098 31197
19232 19325
74099 74121
12102 12109
89935 89947
90249 90274
17313 17347
82720 82776
34273 34292
37084 37175
56459 56528
42230 42315
36587 36652
69328 69418
63749 63813
68515 68530
18039 18066
78284 78354
57778 57849
59001 59041
3459 3540
51367 51415
77027 77031
43076 43159
87456 87497
29396 29477
23788 23828
59743 59811
24117 24168
73079 73103
35554 35579
52872 52886
59998 60044
1542 1604
48896 48904
11179 11207
75077 75109
26991 27038
54893 54926
19764 19774
23879 23929
24436 24476
87738 87837
40985 41010
48955 48979
36747 36814
44106 44198
78878 78955
70446 70503
56037 56044
33531 33577
52442 52460
86404 86475
70535 70565
48439 48507
79713 79779
22131 22132
52023 52038
95739 95798
34944 34964
8567 8591
16196 16203
31514 31533
47685 47775
62500 62554
41668 41670
65845 65922
5480 5484
47257 47276
34107 34168
82930 82959
27743 27754
51887 51936
75071 75107
50482 50574
24232 24253
54538 54574
69524 69542
23472 23525
34589 34623
13355 13378
67851 67916
15047 15143
3956 4002
2296 2392
1664 1726
67594 67683
28298 28379
78706 78804
57110 57206
2174 2208
85650 85677
11795 11873
21302 21383
8402 8484
32239 32323
79137 79236
88920 89005
31215 31311
11270 11327
83955 84038
63798 63866
46393 46458
45150 45228
11171 11217
46227 46327
87081 87103
96304 96397
23210 23297
33860 33906
29592 29664
53174 53269
66291 66362
45100 45116
11700 11748
11374 11444
93357 93403
6934 6975
23714 23735
81206 81294
27054 27059
68062 68124
67840 67920
53632 53671
74591 74635
96078 96172
93895 93906
39248 39289
61411 61501
93222 93282
26493 26502
9960 10026
28050 28081
31808 31842
84217 84307
48008 48023
2836 2847
63051 63122
11320 11398
47520 47612
35965 36037
9281 9298
89242 89246
69758 69835
28013 28063
75987 76071
37069 37094
28430 28445
80482 80523
95379 95471
72193 72241
78334 78424
64902 64976
22239 22267
58382 58436
49841 49858
83500 83578
45571 45602
12173 12192
25554 25580
87662 87740
82047 82136
16308 16397
59183 59261
26412 26471
17568 17635
85431 85496
63089 63127
80406 80442
54621 54706
35603 35663
84659 84714
18172 18227
53275 53300
22734 22760
29792 29850
81921 81991
86895 86926
66247 66308
3814 3863
80967 80973
18421 18519
95313 95391
73358 73410
99540 99575
10059 10135
97701 97731
12174 12186
16128 16134
48844 48855
3184 3197
15928 15936
60833 60920
15326 15410
90679 90711
89273 89342
23897 23986
81168 81191
75736 75833
50697 50772
8689 8750
97536 97553
22699 22762
25932 25998
43956 44027
92757 92818
44978 45076
75259 75309
33204 33256
34894 34915
47902 47927
44962 45058
30310 30372
41785 41806
51715 51793
53540 53601
51180 51245
35953 35989
42654 42752
43171 43230
29563 29619
74998 75082
84248 84273
99322 99369
5143 5159
41315 41335
8316 8381
59888 59940
89035 89118
69403 69458
20502 20556
40133 40206
38118 38161
14925 14957
49202 49284
37508 37525
30641 30684
89042 89061
75218 75266
3430 3502
33901 33905
49814 49907
82879 82911
31025 31076
88987 89038
35487 35544
93409 93430
6085 6162
26075 26124
15940 16009
34335 34375
32669 32686
35861 35899
56909 56986
1732 1815
11430 11480
58774 58806
45704 45709
21607 21674
28975 29003
6743 6840
43351 43446
35708 35797
21058 21123
68166 68185
57288 57328
91532 91541
32093 32178
56145 56226
53179 53274
32098 32111
56263 56346
50660 50675
37790 37884
57591 57641
22392 22455
