1000
593905539 593905549
552739210 552739220
193022169 193022179
914317918 914317928
915834010 915834020
850306623 850306633
678438518 678438528
426952065 426952075
529233047 529233057
156943000 156943010
968388904 968388914
570163375 570163385
313034755 313034765
206816092 206816102
734950741 734950751
785771435 785771445
229005377 229005387
66826853 66826863
155624080 155624090
698054972 698054982
735829180 735829190
753037885 753037895
999159701 999159711
679940412 679940422
331719581 331719591
498291452 498291462
911212571 911212581
443712718 443712728
922945632 922945642
14994731 14994741
573950822 573950832
609508662 609508672
98613773 98613783
678740883 678740893
460026972 460026982
266428703 266428713
251133300 251133310
957841465 957841475
423228017 423228027
325602196 325602206
750633878 750633888
142170550 142170560
652297513 652297523
916289328 916289338
573304659 573304669
529471133 529471143
603460344 603460354
955125493 955125503
299630290 299630300
521782746 521782756
113044164 113044174
660486595 660486605
270809852 270809862
746444080 746444090
544500566 544500576
999655650 999655660
440571847 440571857
25534474 25534484
584592499 584592509
390341522 390341532
964069746 964069756
235350333 235350343
421313614 421313624
180904087 180904097
263196525 263196535
945534782 945534792
397343817 397343827
639878776 639878786
985792301 985792311
439398221 439398231
330816271 330816281
882198302 882198312
978825660 978825670
493380712 493380722
46910851 46910861
26571862 26571872
937031696 937031706
763383330 763383340
43332607 43332617
126804888 126804898
637094342 637094352
728403790 728403800
33717202 33717212
338597839 338597849
92289385 92289395
394658355 394658365
403394442 403394452
479366580 479366590
341678008 341678018
550699803 550699813
588389423 588389433
808012048 808012058
649543631 649543641
31493404 31493414
246596481 246596491
545208335 545208345
279240684 279240694
291543051 291543061
541361133 541361143
969181809 969181819
934169108 934169118
434885166 434885176
852393078 852393088
607310300 607310310
213418664 213418674
141171826 141171836
525343615 525343625
412044410 412044420
803136725 803136735
744843447 744843457
152680374 152680384
230760677 230760687
789367158 789367168
589117444 589117454
199606017 199606027
229683902 229683912
706016460 706016470
994319268 994319278
727186762 727186772
786978402 786978412
449000982 449000992
299126555 299126565
373628195 373628205
117172863 117172873
824847274 824847284
910896653 910896663
186198257 186198267
754383997 754384007
324067536 324067546
371692250 371692260
438193756 438193766
528083344 528083354
721295982 721295992
653920694 653920704
533952224 533952234
858274153 858274163
608539016 608539026
96821206 96821216
827133187 827133197
696915822 696915832
837925583 837925593
301211815 301211825
549013202 549013212
67869433 67869443
486484434 486484444
300607647 300607657
944234078 944234088
821600608 821600618
52215156 52215166
229693207 229693217
124178866 124178876
558524015 558524025
80033160 80033170
180896889 180896899
404035226 404035236
47680318 47680328
668779091 668779101
134446864 134446874
178496408 178496418
221978063 221978073
155296066 155296076
40824863 40824873
127893344 127893354
132884857 132884867
928338660 928338670
566843754 566843764
948834760 948834770
632098610 632098620
436050899 436050909
67275610 67275620
109198098 109198108
172102986 172102996
525018366 525018376
516140496 516140506
556036490 556036500
664176668 664176678
221303342 221303352
857386430 857386440
740325835 740325845
840702920 840702930
893987538 893987548
424847758 424847768
593910906 593910916
645408520 645408530
303526198 303526208
903263895 903263905
356911149 356911159
814592192 814592202
916528137 916528147
693298225 693298235
755613792 755613802
324386704 324386714
648707157 648707167
361084057 361084067
679172115 679172125
872195699 872195709
83697009 83697019
42645843 42645853
967499955 967499965
615817765 615817775
563134665 563134675
198013352 198013362
672048439 672048449
678846256 678846266
26219630 26219640
304360069 304360079
568898513 568898523
646165245 646165255
930606666 930606676
230397276 230397286
216059791 216059801
704845623 704845633
439104971 439104981
889156607 889156617
247175720 247175730
471230384 471230394
887316815 887316825
384623837 384623847
537414181 537414191
65021685 65021695
802375821 802375831
796565011 796565021
840714746 840714756
886019489 886019499
624964856 624964866
624252405 624252415
548713662 548713672
821007505 821007515
317434591 317434601
45494768 45494778
209457234 209457244
935292411 935292421
935153497 935153507
861774409 861774419
683129733 683129743
83675129 83675139
387218153 387218163
743666737 743666747
424743527 424743537
717076626 717076636
938845550 938845560
261979217 261979227
318040581 318040591
8579840 8579850
443836577 443836587
488576152 488576162
504602541 504602551
502443599 502443609
724938640 724938650
426080202 426080212
912767289 912767299
459194627 459194637
955743606 955743616
728035192 728035202
411376490 411376500
320562462 320562472
534869400 534869410
754186254 754186264
348835666 348835676
633391873 633391883
171458330 171458340
6962639 6962649
897368615 897368625
775097533 775097543
93438556 93438566
306280093 306280103
642292279 642292289
496540894 496540904
75338255 75338265
27125470 27125480
429125993 429126003
934175585 934175595
242991376 242991386
193888718 193888728
457844161 457844171
313140704 313140714
777195967 777195977
969786771 969786781
327874337 327874347
717822075 717822085
919706049 919706059
35645589 35645599
67711719 67711729
777891482 777891492
775559033 775559043
547864144 547864154
732760097 732760107
692543895 692543905
249569237 249569247
832081806 832081816
632390847 632390857
505774706 505774716
534973748 534973758
460187923 460187933
314728404 314728414
925750886 925750896
855640247 855640257
637777524 637777534
570482945 570482955
326399060 326399070
822718384 822718394
156477353 156477363
889880172 889880182
789553411 789553421
813761785 813761795
626316270 626316280
596663081 596663091
722766186 722766196
91037017 91037027
464538390 464538400
46731598 46731608
412627105 412627115
708037756 708037766
694695650 694695660
796379277 796379287
700354370 700354380
591210777 591210787
921619533 921619543
536129575 536129585
365334769 365334779
816910432 816910442
878986283 878986293
639016598 639016608
725847914 725847924
614523517 614523527
92878404 92878414
198590045 198590055
979283363 979283373
175945171 175945181
496211650 496211660
457807798 457807808
313892615 313892625
910089938 910089948
678569967 678569977
656339181 656339191
202498190 202498200
707976708 707976718
20335138 20335148
558162376 558162386
103211998 103212008
915392014 915392024
989489801 989489811
440361379 440361389
889608108 889608118
579927469 579927479
634866817 634866827
830882508 830882518
853355080 853355090
365809041 365809051
476389463 476389473
421044972 421044982
766438275 766438285
892886733 892886743
211892422 211892432
886049782 886049792
518700950 518700960
753723319 753723329
724206023 724206033
79311131 79311141
237812637 237812647
335061910 335061920
441088271 441088281
466415925 466415935
103895014 103895024
521921716 521921726
727539774 727539784
778302726 778302736
266784863 266784873
870479812 870479822
980185355 980185365
976665591 976665601
227779804 227779814
277967393 277967403
623191284 623191294
445306251 445306261
919392477 919392487
973408496 973408506
705241377 705241387
622640325 622640335
786465575 786465585
835474524 835474534
451415191 451415201
167429105 167429115
213943404 213943414
68741541 68741551
503225314 503225324
17102266 17102276
391483104 391483114
267399438 267399448
934383919 934383929
516590596 516590606
941257803 941257813
979503995 979504005
394456618 394456628
165655243 165655253
592307837 592307847
437382898 437382908
621978814 621978824
141847597 141847607
800423535 800423545
569663055 569663065
917081449 917081459
505873695 505873705
292782839 292782849
195350451 195350461
88890667 88890677
173155013 173155023
643946195 643946205
712075515 712075525
689106133 689106143
104971419 104971429
241673202 241673212
109908342 109908352
26087689 26087699
816465205 816465215
516092086 516092096
765631804 765631814
508596654 508596664
742298876 742298886
516096154 516096164
909396303 909396313
767833150 767833160
856019552 856019562
582304635 582304645
3061478 3061488
840390240 840390250
510592658 510592668
66515087 66515097
763398677 763398687
774732760 774732770
765921154 765921164
867958843 867958853
219424932 219424942
508726549 508726559
788087052 788087062
284917360 284917370
823248823 823248833
7087555 7087565
810794510 810794520
554697551 554697561
921278448 921278458
517657879 517657889
344960264 344960274
825706088 825706098
121794954 121794964
257996598 257996608
186931485 186931495
144908337 144908347
190212561 190212571
51961193 51961203
597372183 597372193
745857317 745857327
808564350 808564360
702412558 702412568
833857322 833857332
992208731 992208741
861590763 861590773
219103 219113
483807309 483807319
172564110 172564120
295938770 295938780
287840568 287840578
511185146 511185156
256326867 256326877
731367002 731367012
871559654 871559664
560407743 560407753
153335175 153335185
62159909 62159919
46803469 46803479
196928837 196928847
797055958 797055968
138272222 138272232
407158666 407158676
495774567 495774577
393504208 393504218
306061322 306061332
796492835 796492845
751889430 751889440
961736069 961736079
892112191 892112201
924590144 924590154
745337982 745337992
645685890 645685900
718134911 718134921
752455472 752455482
550215854 550215864
581118902 581118912
493740264 493740274
274976195 274976205
114562194 114562204
470842011 470842021
670578358 670578368
281535635 281535645
443824101 443824111
254093140 254093150
309440359 309440369
841965439 841965449
830719681 830719691
195764462 195764472
419635261 419635271
641539562 641539572
416886726 416886736
462186970 462186980
629586440 629586450
799432907 799432917
43130461 43130471
547935174 547935184
513240850 513240860
325478871 325478881
499944527 499944537
77895927 77895937
281325025 281325035
35290214 35290224
516694047 516694057
732756027 732756037
394373451 394373461
565444739 565444749
79148071 79148081
285238581 285238591
786801534 786801544
34624431 34624441
636480407 636480417
550115626 550115636
32453982 32453992
345846862 345846872
673980377 673980387
374671583 374671593
173880864 173880874
998761317 998761327
430684179 430684189
947326389 947326399
73490095 73490105
848550904 848550914
84854497 84854507
903826755 903826765
44333695 44333705
297906746 297906756
117931344 117931354
930916737 930916747
374603675 374603685
715106110 715106120
180947232 180947242
56823754 56823764
792393739 792393749
343804516 343804526
283764726 283764736
439007866 439007876
429460408 429460418
836134308 836134318
252957874 252957884
819441373 819441383
131677969 131677979
17016573 17016583
617673452 617673462
462506032 462506042
917046836 917046846
475984020 475984030
603524471 603524481
693176126 693176136
389847418 389847428
529923895 529923905
89772307 89772317
142480204 142480214
318729894 318729904
488375866 488375876
678934291 678934301
413255690 413255700
89615018 89615028
885521589 885521599
472292767 472292777
741133269 741133279
508120757 508120767
116957392 116957402
888210769 888210779
439410331 439410341
217888003 217888013
875011374 875011384
320238256 320238266
984692830 984692840
835934946 835934956
141661226 141661236
637890445 637890455
121782934 121782944
711297404 711297414
178722444 178722454
698795473 698795483
890976544 890976554
278937109 278937119
311967280 311967290
368743729 368743739
1655577 1655587
141143997 141144007
592896041 592896051
817018580 817018590
632479185 632479195
703789703 703789713
595628153 595628163
779771100 779771110
313231561 313231571
160859716 160859726
669411845 669411855
904977436 904977446
193554338 193554348
913901693 913901703
933377229 933377239
365350088 365350098
321099652 321099662
779225665 779225675
119001193 119001203
199376876 199376886
47975743 47975753
762951997 762952007
223063442 223063452
336962770 336962780
975610234 975610244
766403734 766403744
303283142 303283152
315729479 315729489
691800031 691800041
552525561 552525571
208066049 208066059
867205539 867205549
841960560 841960570
604000343 604000353
327938410 327938420
398566792 398566802
235977236 235977246
575898052 575898062
829579769 829579779
394639278 394639288
875194573 875194583
358600118 358600128
723201128 723201138
111397966 111397976
316460641 316460651
119680105 119680115
341312884 341312894
511177591 511177601
324198844 324198854
846246545 846246555
323057313 323057323
490498491 490498501
984612161 984612171
248862579 248862589
747780053 747780063
231178898 231178908
46663545 46663555
220606342 220606352
566185873 566185883
551567952 551567962
827083080 827083090
50704733 50704743
140136724 140136734
622012373 622012383
345705935 345705945
449283897 449283907
393491344 393491354
11810964 11810974
210616764 210616774
870767204 870767214
369588934 369588944
826770274 826770284
977146606 977146616
116283418 116283428
652199535 652199545
590103220 590103230
521542809 521542819
246117578 246117588
540144015 540144025
989663140 989663150
543162070 543162080
43790731 43790741
368047493 368047503
809352623 809352633
100466453 100466463
616877993 616878003
786648327 786648337
580356372 580356382
589634475 589634485
767130791 767130801
934611389 934611399
669550346 669550356
109205574 109205584
969867456 969867466
735310489 735310499
715459696 715459706
132508704 132508714
391399538 391399548
80805521 80805531
835215297 835215307
135170468 135170478
846149048 846149058
218015878 218015888
431034024 431034034
354112684 354112694
521201810 521201820
907487323 907487333
565185738 565185748
456517058 456517068
508089775 508089785
768706134 768706144
655445189 655445199
447554814 447554824
2884588 2884598
179690211 179690221
5361942 5361952
501237732 501237742
112338803 112338813
317134554 317134564
777686550 777686560
39863446 39863456
142425389 142425399
414904167 414904177
776360547 776360557
559735850 559735860
494174433 494174443
31748815 31748825
123706902 123706912
828844431 828844441
362730714 362730724
751953284 751953294
786315542 786315552
525144825 525144835
550514833 550514843
488176107 488176117
793024308 793024318
627765099 627765109
298579294 298579304
928402306 928402316
796072028 796072038
136504798 136504808
181285649 181285659
704138588 704138598
293806475 293806485
714677890 714677900
436194851 436194861
948314542 948314552
804125782 804125792
99298413 99298423
467161562 467161572
363565817 363565827
234770423 234770433
943218034 943218044
354204870 354204880
93508977 93508987
487584382 487584392
723985361 723985371
639396440 639396450
544658610 544658620
493577938 493577948
640677430 640677440
654459460 654459470
240070270 240070280
815829603 815829613
724078992 724079002
15591604 15591614
3976915 3976925
82235720 82235730
785376691 785376701
723915689 723915699
840656910 840656920
72874561 72874571
83496297 83496307
374399892 374399902
707377127 707377137
903034689 903034699
981346922 981346932
507470616 507470626
754251621 754251631
689389423 689389433
267067166 267067176
617487239 617487249
170577818 170577828
185824483 185824493
926256205 926256215
509320239 509320249
196055931 196055941
680856267 680856277
257883916 257883926
812404901 812404911
472408985 472408995
980705729 980705739
917936397 917936407
721130525 721130535
873300827 873300837
560896681 560896691
582981963 582981973
1146471 1146481
747102656 747102666
456732713 456732723
79640269 79640279
898953636 898953646
956263149 956263159
337874855 337874865
735495705 735495715
386781071 386781081
59373971 59373981
89633955 89633965
550575465 550575475
937882300 937882310
687269736 687269746
969842971 969842981
155049361 155049371
323075174 323075184
846806036 846806046
772901287 772901297
226507012 226507022
96526566 96526576
155643470 155643480
608186869 608186879
543797251 543797261
643020528 643020538
283603752 283603762
580243941 580243951
367049470 367049480
878332045 878332055
263659139 263659149
679580630 679580640
213630964 213630974
557841361 557841371
62820424 62820434
956980302 956980312
510853555 510853565
564468655 564468665
803373936 803373946
471483922 471483932
488593404 488593414
209801539 209801549
251011340 251011350
686298805 686298815
446833199 446833209
427880043 427880053
446258586 446258596
131737703 131737713
658940828 658940838
516967623 516967633
780584049 780584059
490224900 490224910
170296150 170296160
300187075 300187085
92284652 92284662
109202741 109202751
448901370 448901380
363142407 363142417
942041277 942041287
867488465 867488475
836202603 836202613
99933552 99933562
291062748 291062758
789026951 789026961
298348078 298348088
29179632 29179642
382746987 382746997
490087441 490087451
920663580 920663590
471740158 471740168
647815188 647815198
256662885 256662895
233637966 233637976
843066304 843066314
220933376 220933386
14289037 14289047
891546082 891546092
199352400 199352410
317341088 317341098
789782542 789782552
504254456 504254466
129361105 129361115
994521876 994521886
371284955 371284965
827800831 827800841
391817984 391817994
437831939 437831949
640890838 640890848
944154662 944154672
374886815 374886825
160330955 160330965
573584956 573584966
429840722 429840732
203838809 203838819
721403524 721403534
503840591 503840601
950811675 950811685
250822562 250822572
21606861 21606871
779650356 779650366
746323379 746323389
857038680 857038690
444744589 444744599
714439304 714439314
429980114 429980124
221672574 221672584
577552054 577552064
213632262 213632272
899602935 899602945
351439385 351439395
773133584 773133594
810379520 810379530
9869012 9869022
385104003 385104013
259880179 259880189
84844349 84844359
919194837 919194847
490172703 490172713
680430862 680430872
966878765 966878775
96421603 96421613
880949837 880949847
717799509 717799519
59316825 59316835
949010327 949010337
575181841 575181851
873029810 873029820
258425778 258425788
114987873 114987883
706695250 706695260
503330009 503330019
462063272 462063282
603924528 603924538
435551888 435551898
486756660 486756670
863750857 863750867
181465186 181465196
121758669 121758679
963272189 963272199
48786224 48786234
327380832 327380842
673962505 673962515
694453137 694453147
926318905 926318915
878106133 878106143
114817794 114817804
217862432 217862442
371764846 371764856
70915567 70915577
319319045 319319055
976639929 976639939
991882489 991882499
519951803 519951813
274469759 274469769
991026613 991026623
253332643 253332653
710784951 710784961
364344941 364344951
595694006 595694016
9885128 9885138
504850390 504850400
118703537 118703547
117467210 117467220
952848615 952848625
510736545 510736555
705347882 705347892
996089909 996089919
873856429 873856439
187054989 187054999
430796900 430796910
526364507 526364517
961639869 961639879
270492919 270492929
417990643 417990653
398461759 398461769
739523310 739523320
145334107 145334117
852032993 852033003
528177382 528177392
994404855 994404865
78264394 78264404
362698291 362698301
62496948 62496958
263551964 263551974
365531068 365531078
730685012 730685022
890760935 890760945
89010221 89010231
208192032 208192042
292476789 292476799
263361190 263361200
466997578 466997588
984891396 984891406
259103199 259103209
36466988 36466998
681186505 681186515
308922543 308922553
560112260 560112270
446166952 446166962
99853033 99853043
538629582 538629592
75391410 75391420
589086294 589086304
74629447 74629457
966399442 966399452
424954209 424954219
10253152 10253162
309328375 309328385
544508340 544508350
133019729 133019739
381461870 381461880
343531615 343531625
76749196 76749206
