1000
665793180 665793181
644692521 644692522
114844360 114844361
677181269 677181270
321576839 321576840
381416945 381416946
762219313 762219314
94038597 94038598
728288152 728288153
79467268 79467269
962825358 962825359
268570282 268570283
339043430 339043431
57943605 57943606
392938149 392938150
918849681 918849682
54251882 54251883
510062529 510062530
143583640 143583641
224519639 224519640
49013587 49013588
788958702 788958703
446988412 446988413
796507259 796507260
499195583 499195584
633305204 633305205
871423631 871423632
446336448 446336449
398648485 398648486
692458471 692458472
792766109 792766110
740778439 740778440
831954338 831954339
636434708 636434709
415238222 415238223
538540915 538540916
388149112 388149113
646385063 646385064
306578189 306578190
238618900 238618901
69691987 69691988
524549410 524549411
804913436 804913437
319499533 319499534
422797671 422797672
989333533 989333534
706563151 706563152
116566322 116566323
813447797 813447798
252919423 252919424
823365455 823365456
570065058 570065059
825268440 825268441
536748127 536748128
774234029 774234030
707448540 707448541
370232549 370232550
998337723 998337724
774477155 774477156
899106036 899106037
736945323 736945324
492151563 492151564
773866294 773866295
650432820 650432821
368269558 368269559
731831280 731831281
254791263 254791264
855862724 855862725
877006448 877006449
470026783 470026784
86392127 86392128
832773534 832773535
628179752 628179753
733590798 733590799
278631753 278631754
434856630 434856631
51174543 51174544
924374865 924374866
22549789 22549790
124680723 124680724
526127781 526127782
198720351 198720352
716663319 716663320
547416589 547416590
758075623 758075624
454240082 454240083
123508633 123508634
193526565 193526566
775053454 775053455
782500175 782500176
426244630 426244631
390990738 390990739
836018837 836018838
40692428 40692429
688871486 688871487
177064135 177064136
736189051 736189052
103966948 103966949
633455630 633455631
355044179 355044180
237149778 237149779
319382362 319382363
680874369 680874370
571226771 571226772
823651547 823651548
945823277 945823278
692689577 692689578
902913578 902913579
112259916 112259917
794874614 794874615
201147635 201147636
828846436 828846437
728518294 728518295
812189916 812189917
906361774 906361775
607007311 607007312
126212187 126212188
120983242 120983243
284005938 284005939
855268596 855268597
409230010 409230011
736020155 736020156
49818343 49818344
66185473 66185474
728928113 728928114
229339807 229339808
634280854 634280855
922437211 922437212
178931219 178931220
929707532 929707533
441132728 441132729
843904765 843904766
44895501 44895502
615930736 615930737
999547472 999547473
924894571 924894572
62310883 62310884
482145528 482145529
546695693 546695694
580145535 580145536
676550259 676550260
127396075 127396076
46568047 46568048
206331516 206331517
117847892 117847893
241511058 241511059
407446500 407446501
698995507 698995508
30265041 30265042
635693341 635693342
564167415 564167416
191541027 191541028
287958157 287958158
768635639 768635640
132823756 132823757
258090306 258090307
471270424 471270425
609241864 609241865
627402798 627402799
295847798 295847799
1623666 1623667
620766160 620766161
992236266 992236267
643997031 643997032
671174944 671174945
42329929 42329930
494527486 494527487
232189435 232189436
337354097 337354098
603473153 603473154
413917652 413917653
585795595 585795596
452565320 452565321
948262308 948262309
334093289 334093290
617635873 617635874
865655821 865655822
601111410 601111411
672621946 672621947
566752996 566752997
129047731 129047732
338096853 338096854
636328501 636328502
664879236 664879237
164646699 164646700
591461330 591461331
726575375 726575376
666846497 666846498
608410475 608410476
282135119 282135120
833844241 833844242
893879014 893879015
433734605 433734606
409073638 409073639
155154712 155154713
222666613 222666614
247221723 247221724
909229478 909229479
935001026 935001027
609794916 609794917
465009845 465009846
23418726 23418727
154959751 154959752
410436198 410436199
81009980 81009981
303710773 303710774
791316600 791316601
46977644 46977645
172911024 172911025
340830724 340830725
709797973 709797974
443824698 443824699
619505530 619505531
685078690 685078691
107704676 107704677
22730704 22730705
870427212 870427213
929461620 929461621
523524816 523524817
148734265 148734266
782493972 782493973
588952525 588952526
715709338 715709339
400054811 400054812
617572020 617572021
126645655 126645656
227104052 227104053
754240291 754240292
246573232 246573233
799673439 799673440
189681585 189681586
791157454 791157455
374729450 374729451
639705160 639705161
577174208 577174209
656500696 656500697
717092180 717092181
257587581 257587582
198958951 198958952
877842124 877842125
844611503 844611504
556359976 556359977
555262404 555262405
508850044 508850045
639051080 639051081
966573556 966573557
851115795 851115796
106803868 106803869
801239807 801239808
140031916 140031917
517453159 517453160
978280262 978280263
95629839 95629840
796759034 796759035
678949800 678949801
598161325 598161326
300517419 300517420
767966784 767966785
829601615 829601616
328188828 328188829
379202436 379202437
968858788 968858789
843258122 843258123
383826198 383826199
292387940 292387941
760530954 760530955
307245886 307245887
235661209 235661210
998947602 998947603
76933242 76933243
461021597 461021598
358678045 358678046
500139462 500139463
113793357 113793358
636818319 636818320
734392215 734392216
974020581 974020582
809643006 809643007
508055387 508055388
373324592 373324593
755122138 755122139
313067219 313067220
157388269 157388270
804961586 804961587
63854309 63854310
669557029 669557030
818983523 818983524
708113570 708113571
758489313 758489314
751408675 751408676
675684223 675684224
803465340 803465341
606360982 606360983
363679905 363679906
344764579 344764580
161780846 161780847
717525421 717525422
342369240 342369241
249182232 249182233
224178270 224178271
502934412 502934413
380084004 380084005
582605214 582605215
721947888 721947889
747486265 747486266
960326776 960326777
936644526 936644527
565577200 565577201
864132694 864132695
189218514 189218515
388041653 388041654
829767420 829767421
198413347 198413348
460301399 460301400
97754487 97754488
686867701 686867702
216960865 216960866
761877249 761877250
595151929 595151930
903242007 903242008
150785147 150785148
937888991 937888992
715289987 715289988
855669481 855669482
207482194 207482195
608763924 608763925
213505525 213505526
590531399 590531400
199622180 199622181
650169341 650169342
202774993 202774994
995909616 995909617
537829764 537829765
624672538 624672539
650053800 650053801
57809956 57809957
368724769 368724770
878847200 878847201
159779909 159779910
900973711 900973712
71206256 71206257
928637113 928637114
950999332 950999333
866551195 866551196
897486477 897486478
964347333 964347334
911545764 911545765
930351109 930351110
978017807 978017808
43826808 43826809
132918727 132918728
796557748 796557749
537644837 537644838
130538486 130538487
567516216 567516217
85712260 85712261
445133 445134
265501990 265501991
833076099 833076100
80082082 80082083
502529535 502529536
54383291 54383292
120603626 120603627
902100150 902100151
405645012 405645013
778756430 778756431
250776568 250776569
585964702 585964703
689005455 689005456
73197312 73197313
926463762 926463763
147613244 147613245
137426178 137426179
455030949 455030950
690659529 690659530
274672845 274672846
702101743 702101744
33584034 33584035
915569253 915569254
153130863 153130864
778371322 778371323
621496029 621496030
237578076 237578077
963386231 963386232
820691877 820691878
374981030 374981031
265785681 265785682
53716393 53716394
915989395 915989396
10736510 10736511
337696850 337696851
96518692 96518693
463871298 463871299
905975407 905975408
156097506 156097507
518055832 518055833
577959924 577959925
27730155 27730156
259686802 259686803
568024348 568024349
507953155 507953156
492716027 492716028
848155420 848155421
211990460 211990461
410205452 410205453
428517754 428517755
58019812 58019813
495768615 495768616
624820668 624820669
451795461 451795462
842926266 842926267
51083914 51083915
85842615 85842616
341507246 341507247
119141199 119141200
297319413 297319414
58654947 58654948
208760369 208760370
458236356 458236357
881051788 881051789
87435249 87435250
972712401 972712402
304216895 304216896
148702029 148702030
941593498 941593499
689911098 689911099
506903714 506903715
539538808 539538809
98877386 98877387
714371473 714371474
963479890 963479891
415467501 415467502
904344060 904344061
665112866 665112867
976978408 976978409
921429167 921429168
620266134 620266135
708663335 708663336
366377063 366377064
526600618 526600619
954305767 954305768
574112485 574112486
498675932 498675933
304551054 304551055
558608698 558608699
894190809 894190810
838524359 838524360
983860584 983860585
945999363 945999364
142067852 142067853
364456677 364456678
786019122 786019123
175867363 175867364
630598448 630598449
168838999 168839000
124547069 124547070
381413950 381413951
167142643 167142644
264519509 264519510
588696648 588696649
353682419 353682420
91485437 91485438
248636247 248636248
661302855 661302856
400427826 400427827
153629603 153629604
78944800 78944801
828241782 828241783
135754452 135754453
821353266 821353267
741159111 741159112
453974329 453974330
118068544 118068545
972708470 972708471
834040480 834040481
451830134 451830135
900265335 900265336
318607157 318607158
312821665 312821666
850235415 850235416
933747486 933747487
609646256 609646257
609619020 609619021
326617446 326617447
323093900 323093901
57466011 57466012
624583698 624583699
992096520 992096521
513959119 513959120
598806567 598806568
389460931 389460932
644325850 644325851
21047718 21047719
52750352 52750353
992328676 992328677
507666152 507666153
799499317 799499318
114253100 114253101
393301440 393301441
128323234 128323235
294477141 294477142
936697871 936697872
321634214 321634215
75470438 75470439
900446754 900446755
491037370 491037371
250213368 250213369
249781576 249781577
130512511 130512512
747312 747313
988416593 988416594
672508052 672508053
195533421 195533422
506064118 506064119
735289259 735289260
793657026 793657027
942175743 942175744
880737459 880737460
3327052 3327053
958372524 958372525
877320305 877320306
952065152 952065153
225481840 225481841
887508763 887508764
958783726 958783727
829889177 829889178
233246238 233246239
565319726 565319727
128543564 128543565
860933165 860933166
96406710 96406711
242799434 242799435
85594514 85594515
369247492 369247493
551068893 551068894
649365075 649365076
137245598 137245599
844100849 844100850
814549402 814549403
438426236 438426237
166837592 166837593
799150212 799150213
970750233 970750234
814875504 814875505
365660683 365660684
607376974 607376975
255230689 255230690
801494949 801494950
374228606 374228607
109972615 109972616
361109280 361109281
765690567 765690568
106324141 106324142
343585912 343585913
158532708 158532709
459477798 459477799
939331881 939331882
957423422 957423423
227783339 227783340
223745139 223745140
40359831 40359832
569267693 569267694
49590069 49590070
976804476 976804477
991487031 991487032
573390634 573390635
731991142 731991143
306178330 306178331
23569914 23569915
176513618 176513619
896328146 896328147
691366668 691366669
514590904 514590905
918298236 918298237
449991207 449991208
622160064 622160065
411403690 411403691
416556077 416556078
62049556 62049557
782065179 782065180
580665698 580665699
486137480 486137481
675604678 675604679
308321397 308321398
939442669 939442670
657168358 657168359
915170567 915170568
107929086 107929087
922603455 922603456
99017951 99017952
908488909 908488910
63902519 63902520
71369643 71369644
129086037 129086038
912150973 912150974
120617534 120617535
170095102 170095103
624610855 624610856
921393202 921393203
385675006 385675007
667943512 667943513
684702834 684702835
747736757 747736758
975762053 975762054
950667324 950667325
8842174 8842175
973582786 973582787
157289275 157289276
806442720 806442721
216566704 216566705
354104957 354104958
541537659 541537660
300026066 300026067
582701291 582701292
302249207 302249208
677723454 677723455
843960866 843960867
475590728 475590729
134121999 134122000
563697702 563697703
239335850 239335851
676748256 676748257
485310672 485310673
126783608 126783609
597712812 597712813
738692703 738692704
505837168 505837169
96407454 96407455
54266213 54266214
772902669 772902670
768796126 768796127
126763152 126763153
541728356 541728357
973357985 973357986
978702191 978702192
41869550 41869551
194246860 194246861
347933612 347933613
905633103 905633104
485070604 485070605
690489098 690489099
47731831 47731832
168968083 168968084
673042535 673042536
86585815 86585816
70674163 70674164
736299253 736299254
100616168 100616169
963936154 963936155
245411546 245411547
118156101 118156102
201283132 201283133
895716168 895716169
712719883 712719884
540626315 540626316
11124713 11124714
211268117 211268118
444229521 444229522
747919593 747919594
57185903 57185904
285686312 285686313
261129316 261129317
463998847 463998848
748153143 748153144
79457705 79457706
402157887 402157888
335413779 335413780
493497420 493497421
487863137 487863138
846395337 846395338
886958484 886958485
126621103 126621104
613906994 613906995
319787091 319787092
491604695 491604696
262070945 262070946
586476260 586476261
969662699 969662700
958246760 958246761
685005135 685005136
907741993 907741994
975152570 975152571
57290357 57290358
212979488 212979489
693137241 693137242
234464072 234464073
82893438 82893439
533176482 533176483
433991626 433991627
375051859 375051860
45872046 45872047
765790712 765790713
907732478 907732479
348876469 348876470
507154482 507154483
588834139 588834140
605367509 605367510
300438590 300438591
604895036 604895037
258142477 258142478
871164686 871164687
31322737 31322738
357063750 357063751
327012183 327012184
464629243 464629244
517857590 517857591
752520686 752520687
569229408 569229409
316972685 316972686
160119650 160119651
233483025 233483026
219741215 219741216
257610496 257610497
796457610 796457611
300342073 300342074
869342038 869342039
306175136 306175137
924288774 924288775
124625253 124625254
817729427 817729428
614377450 614377451
412414914 412414915
772383714 772383715
122432804 122432805
54504086 54504087
899223881 899223882
169761435 169761436
170444812 170444813
474460766 474460767
354279382 354279383
846874747 846874748
853979946 853979947
821170074 821170075
475217236 475217237
562946080 562946081
350929745 350929746
222546012 222546013
247009648 247009649
484525462 484525463
689456578 689456579
997626314 997626315
439252694 439252695
254881668 254881669
909732729 909732730
925833403 925833404
339639140 339639141
298590191 298590192
350018763 350018764
556218273 556218274
21589953 21589954
277343590 277343591
769190287 769190288
597624034 597624035
918264140 918264141
587247019 587247020
718395727 718395728
410982779 410982780
148844434 148844435
619749304 619749305
148745879 148745880
762663047 762663048
974175645 974175646
538046897 538046898
168042883 168042884
668075211 668075212
308684064 308684065
794624042 794624043
304406449 304406450
880682723 880682724
334901542 334901543
844629629 844629630
355065418 355065419
171418380 171418381
518782175 518782176
211936170 211936171
351973060 351973061
856297823 856297824
742699138 742699139
922468295 922468296
563425892 563425893
558165699 558165700
85940668 85940669
572919903 572919904
873182122 873182123
294050239 294050240
631408583 631408584
166594167 166594168
608910349 608910350
543538716 543538717
213645300 213645301
201038740 201038741
888350660 888350661
456423607 456423608
518954310 518954311
902752056 902752057
376988183 376988184
102103913 102103914
462081614 462081615
737706309 737706310
384823533 384823534
497402366 497402367
828981772 828981773
395380564 395380565
394473411 394473412
378185657 378185658
183166428 183166429
642216946 642216947
290330047 290330048
424612979 424612980
831445363 831445364
305386623 305386624
277183681 277183682
166906923 166906924
722550490 722550491
993768226 993768227
811860147 811860148
351820084 351820085
892847843 892847844
825982560 825982561
931536124 931536125
781038890 781038891
587390274 587390275
648154617 648154618
733658763 733658764
388977445 388977446
539233038 539233039
186177213 186177214
253010824 253010825
218231580 218231581
833839149 833839150
45095685 45095686
550626214 550626215
683311854 683311855
553746988 553746989
914246378 914246379
992839155 992839156
553037723 553037724
559725452 559725453
128985129 128985130
750124380 750124381
163878264 163878265
22936765 22936766
597746364 597746365
717301121 717301122
120703851 120703852
877471016 877471017
976733850 976733851
703456401 703456402
142210993 142210994
673826740 673826741
291669359 291669360
865148035 865148036
333725260 333725261
341094089 341094090
917335654 917335655
34315899 34315900
329006862 329006863
415074446 415074447
662829523 662829524
493472565 493472566
438660742 438660743
832682648 832682649
729838711 729838712
253002163 253002164
998517604 998517605
488597126 488597127
649927131 649927132
604093676 604093677
849991142 849991143
609733240 609733241
782861897 782861898
936317995 936317996
413878647 413878648
724558223 724558224
637508476 637508477
947008301 947008302
43496484 43496485
587110040 587110041
316115120 316115121
903969575 903969576
752820790 752820791
111399627 111399628
857573464 857573465
64492572 64492573
824135280 824135281
848849204 848849205
311262180 311262181
807735836 807735837
158693244 158693245
193630088 193630089
240501032 240501033
215481 215482
497652088 497652089
766587576 766587577
861935915 861935916
872225758 872225759
990194509 990194510
487781415 487781416
23562900 23562901
437921251 437921252
71843401 71843402
42195877 42195878
291084114 291084115
273871722 273871723
585948011 585948012
787030860 787030861
477388281 477388282
145098507 145098508
861769669 861769670
31137275 31137276
680281759 680281760
423435922 423435923
609483477 609483478
201348145 201348146
628572638 628572639
302089821 302089822
231902593 231902594
866044226 866044227
246423781 246423782
204479315 204479316
966205719 966205720
553230010 553230011
922826132 922826133
442917667 442917668
982890903 982890904
479138777 479138778
472924807 472924808
796814310 796814311
31621179 31621180
393000024 393000025
887063262 887063263
937349020 937349021
160574328 160574329
130867586 130867587
650427976 650427977
868462738 868462739
636262571 636262572
601805655 601805656
289414651 289414652
311327686 311327687
581308045 581308046
152989967 152989968
582067905 582067906
568081575 568081576
490947636 490947637
892114479 892114480
151323983 151323984
519144750 519144751
561154738 561154739
837905245 837905246
456343118 456343119
761706367 761706368
571026388 571026389
385174129 385174130
482905854 482905855
481123192 481123193
281071630 281071631
594797100 594797101
630237715 630237716
892316966 892316967
222257245 222257246
887494504 887494505
765728081 765728082
352163070 352163071
330072635 330072636
287672880 287672881
485457482 485457483
880471962 880471963
918841955 918841956
790135200 790135201
271675904 271675905
177381344 177381345
978453344 978453345
15814780 15814781
548272503 548272504
454648609 454648610
479074901 479074902
870453810 870453811
753195290 753195291
315044423 315044424
648540612 648540613
902818244 902818245
426385584 426385585
153056788 153056789
464289876 464289877
501821894 501821895
355974864 355974865
386473853 386473854
294536031 294536032
422326930 422326931
51099189 51099190
123001359 123001360
586041873 586041874
116280971 116280972
238143405 238143406
323298284 323298285
711963954 711963955
180773001 180773002
748619002 748619003
782048294 782048295
