1000
6695 6742
6995 7025
9000 9026
2665 2732
5627 5647
6795 6862
9831 9845
1026 1074
2030 2036
4581 4675
1095 1164
8090 8112
5286 5294
6445 6486
2441 2536
7532 7551
5474 5511
6385 6412
1629 1705
5952 6048
6472 6551
7749 7778
152 235
2878 2891
9701 9741
7840 7912
6618 6673
5697 5749
6668 6682
9881 9912
3439 3486
3545 3636
3736 3744
2262 2337
8308 8340
3468 3524
3721 3778
4200 4230
2036 2131
2019 2104
1473 1523
782 824
3255 3298
3381 3460
263 310
684 746
8660 8679
3032 3066
68 119
8451 8499
2601 2642
6528 6608
2891 2969
7552 7590
5997 6045
6515 6614
73 124
7478 7486
8897 8957
7413 7500
9675 9681
5006 5028
9327 9384
6166 6253
7955 7996
1142 1239
5291 5369
7851 7867
8874 8902
9617 9717
4877 4921
8158 8222
1312 1407
6957 6986
4680 4712
7738 7824
2955 3039
9455 9532
4048 4113
9245 9254
6810 6897
4705 4724
8758 8850
9723 9749
735 778
4229 4303
9218 9245
9338 9364
2295 2375
8283 8361
9061 9150
4182 4230
2462 2481
8101 8138
8494 8528
6406 6449
4426 4437
5814 5891
6374 6380
2387 2427
129 140
5164 5199
5222 5236
4823 4865
8220 8295
7070 7101
5690 5700
713 723
5678 5731
2997 3028
8875 8891
8022 8033
415 419
3782 3825
3744 3766
3264 3314
2377 2431
9007 9086
5324 5325
7066 7131
8168 8173
5305 5355
2079 2129
6809 6906
5197 5202
270 309
2384 2426
5821 5850
4880 4922
2523 2576
5911 5988
8740 8809
3779 3862
9069 9151
5470 5529
8134 8219
8774 8864
276 302
6559 6626
1582 1602
7871 7934
5285 5370
5253 5298
9001 9090
7792 7803
8825 8908
521 573
8942 8967
8806 8827
8899 8904
4197 4258
3834 3896
1747 1760
4530 4542
2518 2530
3215 3251
3379 3422
8739 8788
8549 8577
8185 8237
7040 7130
2731 2783
9315 9341
766 839
599 629
6780 6802
2280 2371
4586 4678
4164 4204
6907 7000
392 406
3061 3157
294 296
9548 9563
2584 2613
6492 6590
3028 3115
6297 6317
5769 5838
5346 5383
6101 6126
9377 9473
1405 1478
2694 2762
2411 2508
8445 8476
2472 2559
972 1052
8081 8090
7539 7614
9334 9432
6656 6732
7113 7209
7943 7970
6647 6728
4949 5014
459 524
5079 5132
761 772
6089 6127
7044 7098
6561 6607
595 614
6335 6353
2196 2277
2670 2726
4818 4890
8552 8619
6255 6266
7890 7962
2867 2873
6466 6514
473 527
4894 4946
3516 3613
8458 8542
6169 6205
9070 9071
2977 3044
8575 8644
5384 5484
236 287
618 636
2447 2522
2846 2943
9386 9463
2917 2923
1254 1345
4357 4438
6967 7023
9464 9509
8327 8403
1099 1184
5551 5636
2439 2514
8629 8655
6128 6173
8411 8450
8542 8579
9067 9115
4706 4790
9053 9072
9432 9506
4636 4734
7182 7271
6676 6714
2068 2073
7554 7563
9083 9183
4881 4884
9875 9938
3075 3129
8609 8643
8864 8956
8173 8249
3199 3281
6479 6488
2498 2549
7861 7957
7477 7534
3820 3891
2113 2200
1939 1972
5933 5992
7834 7852
9661 9673
7238 7327
3014 3106
4893 4943
9821 9850
7148 7149
6530 6581
1783 1862
2781 2787
1593 1666
1850 1940
4981 5061
7310 7318
8380 8474
5311 5410
9511 9512
8591 8623
4829 4923
1354 1443
9302 9372
3237 3250
2918 2959
5930 5952
3256 3335
5026 5070
9679 9725
2784 2866
1820 1873
9772 9845
8381 8436
5988 5998
8360 8423
7542 7613
9928 10009
122 189
2172 2201
4244 4324
5433 5457
3077 3096
1729 1731
8952 8983
1412 1471
3772 3807
7377 7436
506 524
9707 9781
490 546
6212 6307
2069 2086
9882 9934
315 320
8979 9026
4784 4866
5653 5706
9922 10015
3469 3537
2606 2647
7729 7767
2433 2527
4958 4967
1149 1216
2778 2864
1320 1341
5774 5871
6207 6243
9255 9300
9424 9444
7817 7876
2620 2676
5943 6042
809 816
501 581
8674 8689
693 711
3502 3533
2372 2424
2858 2875
350 408
2737 2837
1177 1205
3230 3288
7230 7237
8312 8334
1094 1124
1623 1645
6607 6703
4153 4235
2206 2290
3021 3060
7947 8040
2413 2452
6643 6677
9393 9407
1990 1993
2900 2917
1818 1827
3428 3453
9077 9129
9361 9388
8463 8542
5259 5349
6389 6392
9874 9882
5531 5570
2474 2487
9073 9122
3472 3546
3672 3747
5353 5390
2686 2764
6537 6545
6886 6923
1790 1839
6470 6555
4126 4200
8462 8494
5606 5661
6441 6461
5191 5236
7772 7831
6327 6380
1785 1851
9735 9832
4454 4476
7677 7688
5762 5850
4148 4213
2626 2658
2720 2771
8803 8845
3063 3065
5628 5702
5704 5705
1935 1936
9812 9850
6871 6939
1730 1764
4534 4615
9056 9103
463 523
7609 7639
922 930
5387 5418
1992 2070
818 900
5638 5702
7391 7442
5550 5571
6729 6784
4951 4986
6659 6715
1759 1833
3092 3101
8152 8252
5968 6006
6514 6542
3967 3981
3142 3197
216 222
7452 7454
11 20
3565 3646
8852 8855
9104 9172
313 385
334 379
7376 7446
9098 9105
3629 3687
2719 2809
3038 3099
4084 4143
3966 4025
4941 4965
7534 7591
7584 7596
4643 4692
3626 3658
9423 9434
3391 3422
9669 9692
8072 8142
9456 9513
9678 9687
3213 3231
7402 7418
8059 8110
4554 4561
8991 9007
8612 8659
7447 7523
4393 4400
5862 5874
8005 8071
4298 4344
5739 5792
4764 4773
256 260
6026 6070
4005 4034
8669 8682
6132 6195
9833 9840
751 755
872 951
6070 6134
3963 4028
9351 9385
1388 1408
5684 5738
9307 9379
7636 7698
8051 8101
8743 8745
3478 3484
9535 9561
6063 6079
7720 7761
5044 5076
7582 7677
8946 8962
8711 8741
3463 3526
535 629
5790 5890
8528 8628
8321 8396
6994 6999
5750 5778
714 767
2709 2727
907 967
8483 8567
2972 3032
9710 9802
912 991
3048 3096
3710 3735
7336 7339
627 702
4295 4375
9545 9590
2131 2183
3825 3857
643 654
5354 5424
9198 9298
2688 2730
2114 2170
221 313
2659 2714
5980 6033
3084 3088
274 281
5773 5809
692 762
5055 5092
3098 3104
8232 8307
1840 1892
5312 5399
361 383
2875 2955
3183 3240
7406 7468
4696 4758
6840 6897
6109 6206
6316 6324
626 651
1555 1556
6836 6863
8317 8355
114 123
2755 2799
8505 8541
6353 6384
5588 5667
9837 9910
5729 5823
5437 5531
3784 3862
5812 5909
7357 7369
6344 6367
8853 8934
6160 6210
8467 8548
9029 9114
3764 3847
7690 7748
9543 9610
4874 4945
5214 5286
4550 4620
5680 5765
3818 3867
849 903
2542 2559
2786 2826
9810 9887
1281 1351
4235 4254
5061 5152
4825 4918
3560 3580
9472 9516
1370 1400
6185 6205
206 217
1743 1759
9851 9950
9898 9954
5502 5570
1655 1656
6447 6488
5357 5427
6402 6489
704 705
9229 9312
9856 9956
5358 5405
157 171
7441 7524
9917 9924
8752 8832
309 385
4493 4546
9290 9384
7789 7874
4198 4265
2304 2355
861 923
9785 9877
1546 1563
4092 4176
4928 4986
7920 7976
9217 9311
4802 4846
6349 6409
3094 3156
5849 5882
4261 4313
6236 6267
6047 6078
8292 8339
943 1026
980 1020
9762 9842
6115 6190
4686 4705
2729 2749
7998 8027
6004 6085
7292 7370
3247 3296
5186 5217
6037 6119
6574 6618
1259 1301
320 388
6579 6596
2655 2741
9151 9242
3001 3038
7900 7954
62 64
4415 4447
9706 9719
8969 8986
3509 3531
5874 5950
3670 3708
6347 6411
217 234
3607 3664
1799 1816
7805 7896
8902 8918
4421 4504
6392 6464
2083 2127
5463 5531
9037 9121
5234 5262
3620 3643
1853 1870
1359 1433
7474 7509
3950 4037
3278 3325
2734 2834
8127 8144
6117 6163
3512 3583
5024 5072
64 69
3632 3635
1765 1811
5385 5481
2945 2990
790 802
5537 5543
7214 7306
8100 8169
6263 6289
3832 3852
1670 1698
8132 8139
3661 3688
3202 3290
7443 7524
2445 2488
6001 6052
308 377
2687 2785
3843 3915
7034 7051
6206 6217
8963 8993
7829 7858
6670 6722
2589 2618
6104 6147
3147 3183
2940 3028
9501 9541
3015 3051
4265 4335
532 536
3103 3146
2645 2670
5375 5418
1938 2004
6231 6307
3903 3952
7326 7387
7218 7292
2889 2946
4755 4807
2586 2626
8982 9031
6414 6511
3422 3435
1336 1427
741 785
6662 6691
6843 6923
1924 1934
6006 6089
6246 6256
6546 6622
4560 4636
8592 8691
2887 2946
1581 1673
2475 2556
9790 9846
4310 4350
2248 2262
1762 1793
4314 4381
7117 7202
3969 4035
6419 6459
8459 8524
1530 1569
9698 9742
5885 5903
9739 9765
4658 4694
9143 9192
2221 2231
1839 1841
2483 2489
9949 10007
5484 5567
8870 8893
9749 9832
9188 9221
1157 1218
5175 5238
1578 1612
3804 3851
5343 5377
1506 1561
4181 4216
6880 6963
1667 1706
5122 5220
2648 2679
2973 2992
1628 1668
6122 6186
4512 4524
432 446
4468 4483
3575 3647
5319 5320
836 886
3118 3175
8827 8922
4163 4176
5951 5956
2797 2881
3351 3386
7483 7525
8638 8677
762 857
2471 2531
4896 4927
3132 3166
1848 1852
5403 5415
5941 5949
1621 1661
1166 1257
1046 1077
5828 5855
3713 3731
629 644
5844 5886
4969 4972
3589 3674
3190 3285
6061 6106
4731 4829
7739 7749
7674 7762
7349 7444
9144 9169
1062 1150
8652 8690
7970 8000
9279 9305
4331 4335
8958 9032
2794 2877
9443 9459
6051 6056
7928 7995
5446 5478
9503 9577
1403 1458
7330 7399
2813 2880
3551 3591
9485 9510
6794 6849
1436 1518
7777 7807
9450 9493
8654 8657
988 1079
8329 8418
4394 4407
559 589
9884 9931
5244 5270
8180 8213
2007 2027
2770 2794
1216 1292
8977 9071
2779 2879
9569 9651
1178 1223
9291 9379
2532 2544
6820 6826
9372 9472
4908 4969
9696 9705
9725 9822
1677 1743
4662 4700
4224 4239
235 252
7733 7757
3588 3640
1929 1941
3303 3350
8217 8307
7311 7394
7889 7955
18 53
6333 6398
2948 3026
620 684
8851 8945
9574 9594
8216 8247
8476 8530
7411 7469
6612 6653
9682 9702
1125 1223
8339 8413
5057 5073
5887 5922
1246 1291
8167 8247
8331 8362
4376 4436
6451 6520
7424 7473
8924 8993
3605 3671
863 941
2826 2854
6024 6120
5520 5594
7139 7183
8181 8211
6204 6220
9131 9141
5380 5421
1333 1419
3776 3856
20 106
7197 7219
5284 5341
6194 6249
6485 6491
8274 8357
5158 5180
3046 3073
1900 1948
7262 7290
6195 6238
1001 1032
7263 7344
4248 4291
6539 6622
6977 7009
9087 9168
2862 2915
8620 8713
6386 6398
6484 6524
1340 1401
5800 5851
8140 8188
9815 9818
2334 2352
966 1011
7849 7865
2559 2602
3067 3079
3362 3366
3795 3884
4102 4106
5722 5730
7017 7040
8393 8427
8253 8276
8388 8446
7396 7446
9809 9901
3627 3658
9621 9644
8469 8558
5568 5639
5707 5739
7395 7419
2557 2611
6483 6549
7109 7171
4901 4980
1721 1728
7908 7940
2547 2612
923 957
3086 3135
8861 8950
412 498
933 1021
8529 8620
7397 7487
9760 9782
9761 9823
4995 5087
50 122
9283 9288
576 620
8862 8947
3393 3465
7123 7158
9998 10017
4322 4324
1829 1835
1632 1695
8262 8340
8668 8678
4034 4098
9366 9390
8916 8989
8714 8744
1194 1278
7096 7116
9132 9141
9135 9229
7678 7762
5266 5324
8941 9036
6116 6123
2692 2759
5429 5432
1806 1895
6035 6133
8355 8404
3988 4064
4022 4078
1200 1270
7236 7269
2115 2206
5915 5959
1430 1441
286 318
4300 4376
4114 4137
3803 3898
7958 7995
4610 4667
8077 8119
1117 1134
3461 3463
4225 4258
8236 8240
5900 5969
3809 3881
8079 8147
569 655
5352 5394
