1000
394516754 1000000000
814642779 1000000000
396172145 628421130
683950078 1000000000
416834911 997980929
349050901 638825682
380693640 1000000000
740414996 1000000000
146623238 1000000000
999367296 1000000000
208270593 381350676
682889721 1000000000
169311137 502180147
110588550 947584585
524786476 1000000000
606625695 1000000000
933732043 1000000000
764147508 795358728
84650396 780721329
312658654 902161016
779469772 904056022
969166008 1000000000
680672586 1000000000
644119088 1000000000
897357301 1000000000
181608894 770722596
299778372 1000000000
190571059 760132997
313170722 653815822
286701345 768631393
963729780 1000000000
521103648 1000000000
90388184 248085797
870441212 1000000000
763594903 1000000000
739308561 1000000000
553795143 563882172
119363578 477212758
524238240 793516478
714199501 1000000000
283594511 318350559
468755094 678049181
660273336 1000000000
149066801 403467746
123226876 683438960
417491696 843770332
446342205 1000000000
417597879 992138964
975485239 1000000000
140502345 825823467
549391259 1000000000
172652864 847925226
134596623 710187456
39846432 554169543
415087519 1000000000
922014348 1000000000
77927931 367677093
503043954 955534426
271242289 499247454
970978474 1000000000
328146 141015919
807769141 1000000000
548774881 580764826
130628162 671400526
392909829 885307279
596269112 976002795
903421282 1000000000
584228549 813990611
847689958 1000000000
759707503 1000000000
253300684 309610766
890504845 1000000000
873630006 1000000000
490815540 1000000000
962904697 994418399
640597963 839995148
806912923 1000000000
198412269 368741910
394348887 979510646
459830428 513997317
868961443 1000000000
146362919 512417060
285677755 1000000000
309599530 928228741
259441092 433679900
30208611 612101703
122046130 909752563
258166501 787274439
37619562 143911439
578919450 579367387
262992722 935522040
991467595 1000000000
921709829 1000000000
365275306 479439674
505554332 1000000000
353795797 438115527
385692636 1000000000
119947225 777326618
498629353 1000000000
770887870 1000000000
379122051 1000000000
585013838 723980831
528263017 1000000000
695795762 1000000000
154169938 1000000000
270012992 1000000000
552505603 1000000000
269031146 1000000000
813770367 1000000000
331370352 1000000000
705106536 1000000000
408783176 1000000000
833242511 1000000000
937543657 1000000000
622700662 1000000000
479651097 1000000000
191693885 325457997
826710560 1000000000
933194160 1000000000
843243366 1000000000
751512446 1000000000
189772376 896613344
575227077 798918497
808813833 831187393
454705636 502463604
206254160 772372262
612230468 990201159
859652357 1000000000
504557816 1000000000
364348904 1000000000
188567494 196164900
31815692 553354507
941847945 1000000000
859546002 986197053
139388604 872155895
443375091 890487985
236959244 1000000000
894064619 1000000000
826560181 1000000000
27047790 223791379
31237936 879596367
517671509 1000000000
782768633 1000000000
958701384 1000000000
341519154 1000000000
878164957 951206363
248045839 1000000000
284593505 631865955
22941947 728114742
942560789 1000000000
579312167 930116216
504679512 772688584
33704040 1000000000
612837376 1000000000
73221788 379515351
795745500 1000000000
791091578 1000000000
513751206 1000000000
770661377 870390414
282450678 898355955
848871927 883291269
750968562 1000000000
136288793 567104977
177451155 1000000000
7618475 498626417
641821581 900632942
110899386 802685245
27357762 521344464
762060174 1000000000
604223689 1000000000
776548882 1000000000
709616567 903591097
944003152 1000000000
188775499 815231293
483747827 841351719
871242887 1000000000
118265814 142757293
106479148 674606924
117279510 271341736
674458674 710513276
359931810 680107366
491412448 710395826
430749100 1000000000
143993746 361432391
447362956 780586367
121723308 570766160
198727978 781375230
456690336 503252089
176801237 264578235
471772648 1000000000
489594878 1000000000
761473360 1000000000
627396043 1000000000
706695499 1000000000
295659526 371137557
242081894 1000000000
609368497 1000000000
137475872 399983891
969319634 971148417
252802560 877300141
929697332 1000000000
958837541 1000000000
1881495 863174219
42520462 498780965
3541459 523802522
97059862 638896352
697571495 1000000000
542059389 1000000000
875687969 1000000000
871013913 904520913
189913633 287980245
143518751 683617914
680923184 1000000000
215457851 1000000000
365876966 692454631
36381985 741545114
431719839 1000000000
425264198 964995231
588316446 1000000000
753270003 781549887
158422372 1000000000
567562106 1000000000
533705374 1000000000
24290629 317697530
817998586 989290146
682516895 1000000000
94357901 343548954
383523045 1000000000
255166724 763301637
62007143 470132510
349682297 867139298
190736192 833719659
699816995 1000000000
628708264 758258917
117994431 963683290
107929171 834150958
13334761 441983112
815447829 836004511
358316765 509525335
761690224 1000000000
21455903 714555250
260207832 1000000000
917409525 1000000000
912482503 1000000000
753496900 1000000000
68684086 742491002
538805951 1000000000
145273166 270197599
48843981 330410857
421706828 572286045
509191480 1000000000
201601884 858529783
556718494 596602463
371286903 687473292
577708595 1000000000
342311775 574828979
826515761 959722860
143618874 1000000000
965451813 1000000000
781178752 981167355
704308641 1000000000
105697341 961506030
55479932 1000000000
390917707 698800479
926462102 978243835
43401013 1000000000
441391643 602561907
695882100 1000000000
388700029 1000000000
888472547 1000000000
131884804 905757914
409940663 1000000000
426862934 909194900
929865035 1000000000
635189909 650048730
74231890 834952916
245843887 1000000000
469191226 1000000000
22562948 142222092
445154055 479674042
887036151 927573893
352644061 633353068
312228614 982349238
701230496 791406728
276819587 1000000000
602189485 1000000000
711335878 1000000000
98150165 184385250
592623411 1000000000
869940019 1000000000
392508683 793945902
291242964 373567930
839145896 888926551
794983370 1000000000
710088518 1000000000
316843716 1000000000
605021158 1000000000
751210208 1000000000
375876700 1000000000
496153993 855544392
269999116 881935415
150881655 1000000000
622213361 1000000000
695169630 1000000000
180196277 376793092
884311243 1000000000
568130069 795159539
473521180 803071371
625188102 1000000000
773947891 1000000000
965727153 1000000000
633874753 1000000000
754153014 1000000000
373093089 791634851
428518801 975525299
172545054 441565480
324309045 437133332
573675384 1000000000
758596406 1000000000
243872164 1000000000
998441727 1000000000
364168477 844894178
340014020 1000000000
135018390 686629438
508423962 872846257
42554985 157035307
802098291 1000000000
656699062 1000000000
652123743 1000000000
379952935 645396213
523917114 999968408
186343462 827721220
780167524 1000000000
591354672 1000000000
922000105 1000000000
443573423 611209365
579302687 962365937
675225250 996886873
971001629 1000000000
696922179 1000000000
528313801 1000000000
553754273 776843781
45194304 682292930
956286675 963796736
481356668 604857169
658112159 1000000000
923480017 1000000000
599787670 1000000000
389813925 901451347
932747854 1000000000
544309322 754102147
543890497 1000000000
95800642 789072145
489409702 1000000000
745248477 1000000000
117177050 861717573
446879757 1000000000
796596336 1000000000
991201958 1000000000
406191019 944325734
546126317 642475892
772161651 1000000000
738275136 1000000000
410760074 892631225
501790844 1000000000
586047502 1000000000
371477754 1000000000
129679291 359476665
386720077 1000000000
54982212 697747763
154440491 697795099
83648261 245588522
262741223 495300105
351329864 989248187
523652481 692877565
628405316 1000000000
574274150 998399143
956136867 1000000000
427512978 862512227
657938582 850013322
183254680 701538521
297875077 878956417
963967351 1000000000
855740591 893384817
447268995 1000000000
663311427 864396927
486146232 1000000000
228434008 824857211
293953962 483576441
479935181 1000000000
801053591 1000000000
119933938 1000000000
286699949 579494363
520713194 1000000000
38838509 420812601
491922451 563754899
300133833 807326193
649351135 1000000000
934605294 1000000000
652252831 1000000000
321906454 371837710
576867213 1000000000
910684461 1000000000
180089507 389393341
359729305 388906350
772391160 1000000000
391975095 1000000000
753731616 1000000000
181003568 286809527
841717322 1000000000
804604902 1000000000
264557079 651072572
810414904 1000000000
834051963 1000000000
488559723 670154115
60936550 410861389
303885648 732330383
182499464 1000000000
675601940 1000000000
348078470 456613042
21546364 762897662
773345145 1000000000
239521722 424489782
121721705 491807609
192551529 718618926
36921886 897437931
166060580 882929564
361509337 990758939
542693441 628918808
874074312 1000000000
286389129 1000000000
349279746 630537961
371788867 737367503
169467560 202820225
869505820 1000000000
733606862 1000000000
704209580 1000000000
711120882 1000000000
539438165 1000000000
916702971 1000000000
476136032 1000000000
387153989 496842705
107398727 976127295
50620820 340569382
229746382 244844711
631639808 1000000000
749828688 1000000000
891183712 1000000000
44102306 894086734
264073599 404592675
158949992 603921953
247634914 1000000000
54317845 184384127
488161989 775748271
977314828 1000000000
690487878 819733587
988812874 1000000000
779239395 1000000000
571409133 1000000000
479272210 1000000000
74429133 974224518
456060134 1000000000
291900031 697762838
243681853 502835808
374375270 1000000000
206514744 1000000000
410227507 1000000000
879510085 1000000000
857474316 1000000000
971898439 1000000000
478441562 1000000000
426694295 1000000000
663402829 1000000000
655106149 686907919
319456236 1000000000
572876268 1000000000
752557562 1000000000
731615894 1000000000
897222360 1000000000
679743562 1000000000
531813426 752609310
820472513 1000000000
664139304 1000000000
446901659 1000000000
172032633 242414092
97970545 194376932
916703388 1000000000
965168759 1000000000
650700588 1000000000
509346583 1000000000
375979186 522637137
376009557 893336368
957883957 1000000000
955596786 1000000000
62857332 269330122
812679287 853716012
313800809 888031467
993674980 1000000000
85714292 821118004
665494205 899454077
216544109 675988137
866718713 899140928
256671736 566386639
43332582 122225241
404422505 1000000000
396400583 404178837
488717056 1000000000
784505267 1000000000
900550924 1000000000
418138411 586648747
798243280 801204588
92703267 814643243
24144400 128471859
608696543 1000000000
559663472 845592233
840312165 1000000000
478235694 1000000000
669081786 1000000000
164987177 701797902
827763802 1000000000
299638530 331815860
274257055 513264927
552070038 1000000000
343325924 886754592
194483390 1000000000
53847603 919341700
713405354 1000000000
280616448 942170184
748440539 787713095
973170902 1000000000
785118230 1000000000
418832799 483072446
700230526 794622951
976067900 1000000000
545376009 1000000000
922260718 1000000000
324702977 1000000000
905447914 1000000000
372380130 408017788
723238177 1000000000
112740550 722647403
336986921 939223583
300963726 1000000000
770461953 1000000000
340094546 385141895
181472202 891159425
188127648 220716068
502134656 752988942
790899992 1000000000
837682318 1000000000
243731892 738897441
46012445 924460562
533872334 675262482
768645744 787607796
372560246 716201045
395553604 1000000000
90113291 165098623
174999559 960518628
828246171 1000000000
561980744 1000000000
204905472 903929008
369954847 1000000000
763881378 1000000000
57099549 86246106
241493013 952212293
938950142 952569513
241615809 1000000000
649253589 1000000000
973422238 1000000000
587169440 1000000000
262056776 1000000000
865665077 1000000000
903694580 1000000000
200074437 384630922
252580782 461768700
478019478 1000000000
659886037 987528932
349372794 823611026
856616486 1000000000
694960674 852006827
749526833 1000000000
465233062 635402573
287730406 572181091
726473677 823152141
971701671 1000000000
389127074 728545000
722525999 1000000000
85306553 164535370
144638850 603461073
995865189 1000000000
651401223 1000000000
783903210 1000000000
942730971 1000000000
316931933 354663040
951008217 1000000000
77821375 388348605
115150085 319861474
840805077 1000000000
232819646 416572413
629135470 1000000000
511509108 922393035
610080168 1000000000
938268478 1000000000
17543959 659809573
980911657 1000000000
34419704 928938140
17841073 582751313
476981760 652119692
95926277 599410954
381841796 620045810
215093847 1000000000
976091890 1000000000
947678473 1000000000
924658137 1000000000
195891970 638527130
595768710 808713550
290033044 1000000000
19092904 188638494
282615036 413785233
484485866 1000000000
591751158 1000000000
952281709 1000000000
358952970 619776982
340065163 638981875
21545460 350876108
28847940 934652058
346648795 1000000000
975272698 1000000000
880720422 1000000000
952712749 1000000000
159285859 1000000000
341125197 535621400
95813173 696921036
139848799 1000000000
831598666 1000000000
242020798 871975088
162089114 195546573
193804892 861772299
639598574 913203078
255647925 1000000000
119411914 797937177
708600717 1000000000
226669869 350484336
964281196 1000000000
658801949 697671999
769639916 892827641
677154788 1000000000
64797819 984590705
923685536 1000000000
920604624 1000000000
57575783 910446676
526462455 1000000000
840610616 1000000000
544211455 1000000000
922427310 1000000000
415271845 1000000000
824485291 1000000000
53705410 447882042
106169668 352231265
975954629 1000000000
582234727 699141252
607378556 848055861
613870103 948428105
408526490 1000000000
667432283 742897824
74819291 682730498
191562218 588114541
334686580 1000000000
257342362 1000000000
894233830 922913785
993364541 1000000000
176817213 1000000000
300707189 771137614
243990758 288245244
151910945 256361544
963532943 1000000000
280997189 549288092
648759404 787830245
643729878 1000000000
823409122 1000000000
12011392 158389469
145980509 622996612
376189532 780911971
897873243 1000000000
735698643 1000000000
622306374 1000000000
717628964 829741851
586704306 986967881
346081607 474964192
441255308 859453186
787453862 872987271
947230446 1000000000
436715125 877944319
379027650 915622686
585729599 1000000000
777157450 1000000000
826721411 845647003
196654046 638699973
363573869 732359919
736824552 1000000000
650020548 1000000000
590603562 1000000000
656720945 1000000000
796991407 1000000000
833913063 1000000000
750605496 926212300
166901463 536663067
200030296 1000000000
907298187 1000000000
23377818 431324514
607152668 1000000000
773668602 1000000000
92588621 168522264
93355859 633226429
512581535 1000000000
33946980 921938454
255770493 758439801
167805528 1000000000
226859103 427630779
635429349 840747437
425989048 1000000000
129886096 683066490
519821090 836545527
139756606 715900449
351653275 1000000000
96798648 706555906
712199611 1000000000
426747617 596236192
65167779 962109604
890622525 1000000000
929799272 1000000000
578955048 826509118
362091430 859360657
51880042 237970203
687898422 917141024
131723041 458449807
928462364 1000000000
309505655 1000000000
701961482 1000000000
86365294 280878777
139067920 790472029
800305553 971324802
920125941 1000000000
387840042 765929385
650846216 1000000000
818988500 1000000000
29674097 238734181
940138310 1000000000
365596514 671129166
874002132 1000000000
566515545 725119722
393494120 1000000000
316287520 717635900
270321921 309643169
212169788 1000000000
428466535 1000000000
174864096 1000000000
577819098 1000000000
890253817 1000000000
342934037 875752174
225620841 461427662
793348281 1000000000
36999636 1000000000
869491333 1000000000
580066454 1000000000
21297593 312691141
46357140 811905449
836111305 1000000000
438680009 1000000000
360296661 1000000000
670226979 967807944
49233928 780188978
325609739 933081584
245453646 1000000000
142351637 681248719
860053280 1000000000
261073036 977243969
889460114 1000000000
988555918 1000000000
502942744 1000000000
281988417 856300856
806210670 1000000000
362180209 723197929
584367374 1000000000
201672190 685258504
177742059 595976614
16831479 401686557
768916601 1000000000
267764230 327904243
641231894 894643097
909595965 1000000000
870945347 1000000000
437867655 1000000000
735712375 827015345
631688359 1000000000
148178656 1000000000
808062021 1000000000
691044177 1000000000
337181772 576424928
359388064 1000000000
190793261 221568590
928996363 961137026
100062367 910031979
211012299 257880357
661133964 820552708
994524120 1000000000
993967150 996775857
140508378 1000000000
212346487 630459128
466279054 557854380
125192008 629170439
901902610 1000000000
308988279 565627077
834846092 1000000000
894413110 1000000000
314025313 991806413
575641347 1000000000
706336763 1000000000
907852099 910906964
943714961 1000000000
457313916 1000000000
974256201 1000000000
823960867 1000000000
468662155 955983630
51741914 895376601
615096264 939348924
711378058 1000000000
339884209 837448276
957057330 1000000000
691546132 943251338
657981547 876370209
98298912 145836750
755005453 1000000000
249458749 665800927
347432467 1000000000
123008887 480637500
560892081 1000000000
44831345 1000000000
645362245 671753134
13344882 133330083
170125270 587737634
752823578 1000000000
341108869 1000000000
517040561 627173693
712345730 1000000000
873473055 1000000000
685985172 1000000000
288406957 620377935
804691235 1000000000
831588017 1000000000
719620369 1000000000
68007394 641072528
265645161 407619564
815073174 1000000000
184076985 924024365
964581541 1000000000
51838255 878926390
528377569 1000000000
278054380 325492960
627549626 1000000000
13845788 221953722
120901266 263252052
613619342 1000000000
539559614 871765700
798526436 1000000000
158407304 792956463
11785208 338874180
860510755 1000000000
560641871 804642153
545845779 1000000000
396723732 404458868
913846856 1000000000
3223524 557722916
605638349 1000000000
933323222 1000000000
761634989 1000000000
198472196 431996621
600846302 609490396
894026806 1000000000
946875400 1000000000
858513630 1000000000
878103233 1000000000
752349410 1000000000
648821171 1000000000
731784149 1000000000
662882737 1000000000
957660467 1000000000
847327180 1000000000
308485704 1000000000
289589495 339464527
361637182 825466927
845133400 867264643
285098417 945297012
647619474 1000000000
944545544 1000000000
723520038 1000000000
648185570 808707385
261736780 753052244
51091207 258138228
285645927 991980742
538919631 680369921
693534447 1000000000
112586149 480731813
74556636 415128194
622853639 657820773
402381099 1000000000
996880560 1000000000
606945862 1000000000
656715485 1000000000
657051287 1000000000
167316559 631111329
106572362 859893816
193752531 418801253
844082904 1000000000
33620061 330429124
82815006 406688818
99965193 1000000000
197926134 804764582
92598906 411439379
283149985 613513413
959269915 1000000000
276994319 1000000000
895829432 998505957
439114580 1000000000
236213170 1000000000
348785002 373215719
875806208 989927801
967819733 1000000000
34678126 968717964
808715264 1000000000
274203100 1000000000
517373640 608408035
39960085 880563380
309599921 809290477
747393203 1000000000
122312694 538541927
743482283 1000000000
908850827 935027025
147476429 309441977
347041054 889789374
998584813 1000000000
73013442 175282353
381726775 815592584
730121901 1000000000
118796639 963509761
475992793 854146285
427579583 1000000000
224675808 394558069
830157827 1000000000
671928730 816507951
291623524 1000000000
851268639 1000000000
916108431 1000000000
720784087 1000000000
95400088 609579314
15866368 399971897
839395907 1000000000
769352907 1000000000
9509850 639328596
838061891 1000000000
758345374 1000000000
489629651 1000000000
511657644 1000000000
402185269 1000000000
507906476 620596059
357226411 544993432
597846548 613748232
682783837 1000000000
99502283 522464340
744756501 958717799
672019982 1000000000
333153287 709861779
678403306 1000000000
835328280 1000000000
125586708 860527322
357139429 1000000000
55434790 256610446
785313395 1000000000
695727992 1000000000
593919436 1000000000
910529406 998299771
739763555 763389840
834577516 1000000000
129453168 532972757
230238991 1000000000
194772032 1000000000
373044194 438355505
696828589 760973410
649902983 1000000000
197887412 456723651
457434221 1000000000
551413212 746497813
362947139 432508976
101119425 991014883
296984754 1000000000
403996032 575540161
750277215 1000000000
820687874 1000000000
449224240 831311616
208760441 938498717
