0
0
86
68
54
4
86
85
12
82
46
91
51
49
75
79
24
58
30
39
35
0
16
40
53
11
80
0
49
4
31
11
16
55
59
0
67
33
12
30
9
19
91
37
50
36
50
40
56
4
0
91
53
93
2
35
26
92
0
23
71
44
33
3
0
84
73
39
11
0
89
30
58
16
15
35
3
91
86
13
34
27
57
69
63
2
53
87
25
81
0
27
22
0
53
0
12
50
100
0
74
0
67
23
68
55
67
72
17
9
62
91
0
41
5
24
34
57
0
32
28
0
16
31
5
63
97
93
6
1
73
69
0
44
36
50
74
88
11
5
57
78
0
69
36
65
14
39
10
81
79
25
21
33
70
65
68
6
55
25
94
0
97
30
24
23
0
14
67
7
34
28
24
89
20
67
14
20
6
7
62
93
52
64
46
44
20
37
10
85
27
36
6
38
55
62
37
48
82
12
87
64
31
19
7
67
41
15
26
8
91
0
81
0
32
80
18
93
9
1
34
10
2
55
40
0
29
80
50
46
5
1
0
19
22
98
44
71
84
86
63
99
0
25
13
17
18
0
27
27
11
52
35
76
70
69
0
0
0
47
16
60
0
25
62
64
87
93
19
86
0
37
40
34
0
1
40
25
0
42
67
49
77
19
30
34
21
21
66
0
79
15
0
44
0
83
0
64
56
51
0
17
0
15
50
22
67
58
92
10
38
5
16
45
65
82
7
71
6
0
0
58
72
12
1
28
70
77
4
70
0
13
25
74
52
57
0
0
63
65
62
34
82
0
72
6
0
16
1
33
93
94
0
4
38
66
19
0
7
26
0
0
61
30
34
95
39
33
0
43
13
32
51
79
55
54
24
25
3
0
100
52
65
0
26
9
31
17
1
85
0
0
32
32
0
53
81
57
81
8
29
11
43
0
88
33
80
2
42
0
0
100
76
90
55
6
23
45
6
35
3
29
80
46
16
45
59
24
0
0
10
25
7
53
63
7
24
90
40
15
98
98
0
31
45
26
73
37
41
43
34
0
28
89
49
59
35
46
23
32
62
5
91
0
58
47
59
25
12
18
0
59
17
82
61
76
14
80
73
45
18
0
49
80
56
2
57
1
96
0
0
0
43
96
27
36
0
21
0
5
23
57
41
96
81
4
86
16
28
68
70
20
48
30
0
69
24
72
40
97
24
49
88
61
40
96
49
87
84
67
0
0
28
36
56
5
64
61
33
39
45
39
29
38
84
81
0
42
49
28
52
72
84
78
68
0
41
26
83
91
36
77
73
32
0
41
30
42
0
66
64
18
0
0
61
13
43
0
0
34
80
66
20
0
90
0
63
23
4
96
0
0
56
68
93
14
72
0
15
92
32
97
54
73
45
0
85
57
35
99
40
43
56
37
0
0
28
46
62
69
3
36
59
53
11
0
62
0
23
70
38
75
3
1
40
52
26
35
16
53
0
10
1
54
53
55
73
66
9
0
24
26
9
10
96
42
41
34
71
88
74
36
15
6
54
56
0
55
40
1
14
63
63
0
44
46
36
92
28
14
14
39
20
0
17
9
33
70
24
1
0
93
0
35
64
37
0
49
70
25
35
4
6
57
0
91
48
31
70
90
53
0
23
64
91
52
0
34
46
37
13
64
3
0
68
93
22
7
12
25
34
21
19
81
51
85
65
90
0
15
5
70
71
40
38
48
4
83
41
81
40
68
51
24
0
14
46
61
7
0
2
32
33
10
50
40
97
25
24
15
92
77
48
0
46
0
34
4
68
66
1
15
59
20
0
0
19
90
54
2
77
0
19
61
29
11
49
25
92
21
36
18
53
34
0
0
96
46
3
56
16
81
74
96
24
27
78
72
61
84
66
43
76
57
62
52
16
78
20
100
22
93
72
46
41
95
54
15
48
46
46
0
21
88
0
62
58
39
44
94
11
41
60
60
9
66
18
0
90
0
11
52
71
92
48
17
0
77
36
84
25
15
0
80
0
33
74
0
54
0
78
17
19
26
78
87
89
78
59
59
65
5
36
85
0
55
55
25
0
58
70
31
21
49
0
98
78
52
35
76
30
0
6
11
13
0
87
44
32
69
57
23
97
75
61
10
63
66
31
61
18
28
52
21
25
96
62
21
38
61
44
36
98
59
56
84
0
47
0
20
65
52
80
40
54
73
43
32
82
17
43
0
48
72
0
93
32
51
33
0
21
23
49
18
40
17
38
67
83
0
32
0
67
28
73
95
89
0
0
0
9
85
81
5
0
80
15
80
16
41
