10
2
0
0
0
13
0
0
0
39
14
0
0
0
9
17
0
1
32
6
0
0
46
0
0
16
0
0
0
0
21
23
0
47
0
0
31
0
27
34
5
0
2
38
0
44
0
0
0
23
16
0
14
0
0
24
2
0
1
13
0
0
0
43
0
16
0
0
0
66
0
0
56
0
0
57
11
26
15
0
0
0
18
0
11
38
0
0
4
4
29
0
0
0
0
0
0
0
0
0
0
0
0
0
0
0
0
0
25
0
0
0
0
0
0
0
7
0
0
1
0
0
0
44
0
0
0
0
0
17
19
21
6
1
0
50
14
0
4
0
0
21
12
19
0
44
0
0
0
0
23
0
0
0
0
0
36
44
0
0
79
0
0
0
0
18
34
3
0
37
0
42
0
0
1
35
9
10
0
0
0
1
20
0
77
2
23
26
0
23
48
4
38
0
25
28
26
0
0
0
0
0
0
0
71
0
24
0
0
5
0
0
3
1
30
43
0
0
5
16
57
0
0
0
62
0
0
53
57
23
0
7
20
42
0
0
0
0
0
0
32
0
33
56
62
0
0
0
32
0
0
0
0
6
0
0
0
0
45
10
0
69
0
4
0
0
21
62
0
0
0
0
29
0
0
45
47
0
51
40
0
0
5
16
0
0
0
0
37
0
8
0
0
3
0
0
5
0
0
65
0
21
0
0
0
0
0
0
0
0
39
19
54
0
0
0
0
37
4
59
11
5
5
19
0
0
27
0
21
0
0
0
0
29
50
0
35
0
0
0
49
0
20
3
0
0
0
0
0
0
77
22
13
0
45
0
0
0
0
0
0
0
0
0
0
51
0
0
0
0
0
9
39
0
23
0
0
0
35
24
0
0
0
0
7
53
0
10
0
0
27
13
0
0
0
0
35
0
0
0
16
21
69
0
0
0
0
0
66
43
0
0
0
42
0
0
69
0
33
0
0
0
22
0
0
9
10
0
0
0
0
2
0
13
24
0
30
0
0
40
0
0
0
0
0
0
32
0
0
0
0
9
0
0
0
0
0
0
31
0
0
0
0
0
0
0
0
0
0
10
1
0
0
0
0
0
21
30
0
0
0
0
0
0
63
0
28
40
48
19
61
35
0
0
5
0
16
9
0
21
24
0
0
0
18
40
0
0
0
0
14
56
0
0
78
0
0
0
0
0
16
5
0
0
0
0
0
12
43
0
24
0
59
7
0
0
0
0
0
0
0
0
28
9
58
47
0
19
0
0
0
4
6
24
69
0
33
22
48
5
34
0
3
0
0
0
6
0
60
28
0
0
0
0
0
0
40
0
3
0
0
3
25
0
1
6
0
0
24
0
23
8
42
72
43
7
0
20
32
0
33
6
14
13
0
0
0
0
0
0
0
0
5
0
10
0
0
0
0
33
26
6
0
0
0
0
3
0
62
13
0
0
0
9
0
0
0
41
20
13
0
0
0
22
0
57
52
0
0
7
0
0
0
0
0
85
0
25
0
0
37
0
0
0
0
0
0
0
0
35
22
0
0
0
0
1
5
0
0
4
59
21
17
11
0
0
0
0
0
13
0
59
9
0
11
0
0
0
0
56
0
37
0
0
0
0
13
0
22
0
8
7
0
17
0
4
0
0
16
47
0
61
0
0
0
0
0
5
0
0
0
0
8
17
0
0
0
0
0
0
0
0
36
0
0
0
0
18
34
0
0
38
0
24
1
68
3
0
0
0
0
0
0
1
0
0
18
14
0
0
2
35
0
0
72
0
0
0
0
0
0
0
18
0
0
0
0
0
0
27
45
0
39
0
64
45
0
71
0
0
0
0
0
0
0
0
19
0
36
15
5
0
0
0
47
40
0
0
0
27
15
0
0
0
0
0
0
0
14
35
15
41
0
0
0
0
40
0
0
20
37
0
0
0
0
0
0
15
55
24
0
33
18
0
29
23
0
0
0
0
0
0
39
0
0
0
0
0
0
0
9
0
4
0
18
0
31
24
0
0
0
0
0
12
9
53
0
0
0
0
17
0
0
8
0
0
0
17
0
8
0
0
0
22
0
0
0
0
0
0
0
0
0
0
0
0
22
0
0
15
0
0
0
0
24
0
0
10
3
0
0
0
0
40
34
0
0
36
0
0
5
86
30
0
41
0
0
26
16
0
0
0
5
0
2
0
0
0
33
0
20
0
32
3
21
0
0
46
0
0
43
0
0
0
33
13
0
27
14
0
0
6
0
0
5
1
0
14
0
0
0
0
0
0
0
19
0
5
26
0
