1000
551497105 1000000000
230804446 244054300
20895108 433895920
522054860 619764498
979655883 1000000000
432557161 1000000000
66162329 422885460
613840963 874507696
284111861 475118396
594632274 637319871
908368509 1000000000
717175461 1000000000
117215447 937753465
813117866 1000000000
657542440 1000000000
613875051 1000000000
710265074 1000000000
567418643 1000000000
423794049 792559190
56923946 456622171
601362314 816459350
759800665 1000000000
786849284 1000000000
331586672 387789054
514021722 1000000000
206622167 1000000000
803869054 1000000000
752205520 1000000000
870759707 1000000000
992119866 1000000000
494245297 760955869
928642383 1000000000
799436679 1000000000
876159108 1000000000
188062865 441306591
322692232 685526306
841082992 1000000000
346365211 1000000000
48785980 240244135
711769453 1000000000
139339503 278650912
794187435 1000000000
783693768 960882872
287835189 315659924
64634228 672599669
702899036 1000000000
855290319 1000000000
456884375 858063787
654040758 992598411
500371710 805314416
571774706 843605452
713966337 1000000000
631229802 1000000000
799802150 1000000000
953971113 1000000000
165762271 683433388
778984314 1000000000
919712974 1000000000
111909600 857101395
31545491 351289943
527853278 887121195
183832259 363277176
500672987 1000000000
600969084 1000000000
405335192 1000000000
874946625 1000000000
731114069 1000000000
356973559 595957790
440588531 1000000000
436135611 543673852
843536487 1000000000
165684426 342455646
713916485 1000000000
140894265 356792468
462773203 1000000000
158381692 1000000000
136842391 940457340
735500524 755248513
808421147 885769060
12637974 974013414
520210955 1000000000
49518002 570453215
501307487 755499240
760762018 1000000000
32830975 229542073
4097268 657542253
512803694 1000000000
761901775 1000000000
194901879 764004279
197848619 911890454
106667853 751485609
323206860 714083877
722471746 1000000000
758580501 1000000000
877704119 1000000000
318173712 733010420
52316910 797639364
831644659 1000000000
590669405 632203690
383514915 538517276
211937105 1000000000
901479238 1000000000
9543105 356824510
363992885 796105832
456717495 1000000000
324540789 1000000000
99277079 994622986
364988922 506682998
657306421 1000000000
863093846 1000000000
679972579 1000000000
856214778 860566573
351141730 799363960
832402367 861310978
843943191 1000000000
771424285 1000000000
510698875 1000000000
544431555 719618985
498440403 905294993
38446296 566114892
704970412 1000000000
488917649 789980965
835639362 1000000000
426961703 750569866
943338961 1000000000
107150619 489606266
86451465 584084148
111327781 200981537
373681402 813750247
557721706 803673425
986310479 1000000000
229206998 1000000000
718051423 1000000000
749757126 826251061
693856643 1000000000
62064170 353300400
820423394 1000000000
359252002 548310399
481750291 982216731
91545306 542022537
176392409 797444483
526931961 1000000000
828881323 904886446
457348628 818442701
453631560 872156074
733668100 922770511
93625394 1000000000
612479289 1000000000
965404163 1000000000
519731426 715466792
695341235 1000000000
586570023 1000000000
351168069 1000000000
488616345 1000000000
699692325 879741981
741382796 1000000000
838716489 964455241
941301508 1000000000
517393568 541010273
144334791 1000000000
449632022 935400106
382755004 1000000000
448653322 1000000000
54003361 383501400
149969646 838236071
571773877 809520217
622049154 1000000000
216372615 633160836
339338326 610483496
829980269 1000000000
463796472 513088128
652381830 774307446
442248655 1000000000
47266567 87729167
979315751 1000000000
647582439 817208442
336502620 600754096
155267244 382891014
488323455 1000000000
885578905 1000000000
402857338 1000000000
299855986 327807185
762151380 874491128
998632475 1000000000
749264137 1000000000
771029460 814916112
221208847 1000000000
587797762 1000000000
189779833 708086626
734914910 1000000000
933600202 1000000000
937824585 1000000000
946239640 985945285
291889750 714397403
61410751 207497025
731595374 959067016
227209848 1000000000
917209812 1000000000
206763995 394417126
857159504 1000000000
72688598 275335643
788592 660091849
667373319 1000000000
19768281 255449962
402990438 1000000000
741721063 885848646
414719833 951291573
900464044 1000000000
509350691 748426856
216561764 1000000000
101455984 729989936
789351747 1000000000
640831861 930405968
672652185 1000000000
441236434 544754781
373012035 601071438
728150183 941906362
712961938 1000000000
501748923 823348065
920246643 1000000000
765102436 1000000000
882565894 1000000000
762766074 1000000000
596211591 716255506
877522594 878434000
190648650 1000000000
798688304 1000000000
273753196 340809143
432654592 461624007
245190804 689983650
654579729 1000000000
971380786 1000000000
936282730 1000000000
364947960 521681368
428306576 678792879
43634374 300763958
943589354 1000000000
443181175 534909600
723450653 1000000000
120045304 256663914
161537459 1000000000
701878707 1000000000
311936892 1000000000
570007718 1000000000
693824876 743324602
544299671 1000000000
787315032 1000000000
951306388 1000000000
827944904 1000000000
896934778 908201185
57258782 891358787
360624742 438486514
498908707 1000000000
450547742 1000000000
576677235 1000000000
655486461 1000000000
115033247 505381363
597807811 1000000000
364378542 1000000000
798428367 1000000000
409220376 654946472
466592345 1000000000
692093805 1000000000
166492054 714743842
246656084 840111125
838274503 892621769
32990392 1000000000
219719157 591243091
944037426 1000000000
971409018 1000000000
315295053 782060729
822232927 840804191
363383658 979826010
750202973 781411548
236659900 587946505
487422328 630834513
148507568 932326790
269102106 1000000000
118653079 598516382
961431679 1000000000
812145366 1000000000
531001257 883976250
847833655 1000000000
784093337 870744241
147247069 253898439
661735447 1000000000
284991078 1000000000
786439714 1000000000
92867084 343988664
131023202 421223885
694817617 1000000000
36653869 428329896
314569399 668065361
580209290 1000000000
997751666 1000000000
713581831 834461289
642170770 791577466
91864062 458841162
804665446 1000000000
745752174 1000000000
902917891 1000000000
671038753 1000000000
533215922 841010613
356595020 968175965
491599586 665988903
242939916 1000000000
311957090 1000000000
504958632 661664652
580867448 1000000000
645907268 1000000000
252460842 1000000000
860986057 1000000000
231731458 976853316
766983652 1000000000
706559336 1000000000
514205614 950102637
432904640 1000000000
822180303 1000000000
22183798 587517048
101540729 622267095
33417777 134066863
982806201 1000000000
515509021 597355416
101323135 914315066
140241885 770088235
65501646 569481162
76960291 896586389
840860589 1000000000
748587390 1000000000
492110909 1000000000
470229972 1000000000
3849202 329611911
485315033 853213417
488513394 1000000000
338436121 1000000000
281592879 707326974
332559266 607950445
581983096 704559993
164965369 780232679
895767843 1000000000
973598224 1000000000
571375908 939423097
75254533 590752546
696746808 1000000000
328732887 1000000000
681110134 837275918
290260696 1000000000
7677668 294800333
90325274 907240925
65582146 646957773
29451469 545134090
900318343 1000000000
450753963 1000000000
148061855 1000000000
486269899 1000000000
515510575 1000000000
252980607 727100980
505932007 755771612
839677159 1000000000
110752548 155620493
562348027 842100983
919235349 1000000000
463597251 869588033
100903987 740848068
515497616 967588728
952125104 1000000000
498335161 1000000000
755587154 1000000000
169256390 745131095
802722100 1000000000
580018647 1000000000
601826695 1000000000
646075498 758659204
437104904 902653955
903477288 1000000000
975381842 1000000000
683160460 1000000000
407565467 487710297
460615519 1000000000
367256275 603310087
560749079 811033474
308049857 661187868
928933107 1000000000
262049531 908428791
240374068 763986756
784435130 1000000000
292138614 886812061
764965291 1000000000
133550880 551510914
380312278 1000000000
826615706 1000000000
762333246 1000000000
247314388 580423342
434411809 442673873
322010551 389510575
69630513 618193544
114602124 656882281
365954334 897870706
628193177 1000000000
742040936 1000000000
671649022 943250441
788949134 1000000000
443324846 995274856
162716151 727741829
850689317 1000000000
713355600 1000000000
413010636 791511725
67857543 1000000000
174265158 637642140
564588246 1000000000
186911822 783219274
771040317 1000000000
461600469 1000000000
95430210 917945157
153825158 676938347
386457815 1000000000
584160257 855825829
660579081 1000000000
505138844 1000000000
789286933 1000000000
55247782 215103659
630615911 800079023
608604658 1000000000
338583767 953926172
317935014 1000000000
119241413 208648766
736694139 1000000000
847288710 1000000000
750720843 984823023
632225868 1000000000
326441095 1000000000
936983878 1000000000
105630212 230634258
102184750 540479432
464789008 597351504
783958495 915054041
238700067 1000000000
390514819 802109694
278842174 1000000000
70692384 535894471
199268466 484794521
247469740 1000000000
518215238 532781307
748718466 1000000000
706251999 1000000000
984447102 1000000000
985223575 1000000000
635517241 992382115
414036609 1000000000
319518822 721618002
93520780 598417848
820875286 1000000000
835619662 1000000000
979889685 1000000000
433687269 775580280
535034601 1000000000
291256490 1000000000
896481001 951658106
663754545 1000000000
65524010 966434385
235568803 673408050
566907021 881842411
589606434 1000000000
983332369 1000000000
969591624 1000000000
902474433 1000000000
494289132 629558442
96838508 950488944
158149530 609586111
64775309 990708093
425800245 1000000000
441983329 1000000000
202347544 850779187
398124370 905433555
94222486 614103517
448042826 601351506
63368327 191654861
693686461 865730629
541625378 1000000000
752014862 1000000000
407573795 1000000000
3752259 354849238
481639295 1000000000
628053403 646470644
491624321 576570340
958317185 1000000000
799467664 1000000000
124538115 485864297
820045867 1000000000
52613227 491493753
755161394 1000000000
11657475 737015880
595178722 801302877
157009761 232756024
676443337 1000000000
463566198 993055151
80000372 198608564
294103918 879141724
204776475 1000000000
437816019 964221914
135825662 292347766
371010705 1000000000
386513719 806738441
440717527 1000000000
851579478 1000000000
235443149 432626315
993521663 1000000000
305625423 1000000000
411325675 903386632
809812646 1000000000
213697892 266993654
376626350 833454533
91705778 590792299
197323331 775027715
964223504 1000000000
953784310 1000000000
650861680 665035866
885760303 1000000000
382525015 501672741
90055631 210168357
379032929 1000000000
184070099 767245769
450958437 778064219
534038067 1000000000
114917111 130773715
384530843 901818925
939184161 1000000000
300035451 445162052
674771565 1000000000
126993848 736541280
989797510 1000000000
431157015 1000000000
922510207 1000000000
18946442 995134979
434860749 1000000000
191379605 733824524
247548731 990315660
708106491 907154462
369626893 1000000000
190881253 669397964
930374438 1000000000
896436533 943724373
181365496 742049202
831564063 832597221
779588141 1000000000
520241247 1000000000
571623311 1000000000
843670353 875071187
336349947 1000000000
575784592 1000000000
825006070 1000000000
121286721 902265105
811543132 1000000000
513451689 649602050
636071679 869671396
563261214 1000000000
702476522 1000000000
228545590 807520025
671739783 1000000000
207905673 748088480
740266385 1000000000
592322193 1000000000
943861419 1000000000
174495019 971052414
642450667 645948237
468916776 1000000000
690132633 1000000000
260470751 685645097
397971935 777505260
425687646 1000000000
813346586 1000000000
868289466 1000000000
772700764 948852559
951732844 1000000000
645183995 1000000000
749072296 1000000000
106035975 1000000000
573980298 637058790
683776687 1000000000
436979247 1000000000
750766591 1000000000
477621916 1000000000
411429665 1000000000
762191582 1000000000
386962232 1000000000
197384601 916776658
21912211 54767723
324419440 663612661
466121381 1000000000
479099793 1000000000
315375637 1000000000
386806619 1000000000
75123829 1000000000
678548729 929064615
513030363 1000000000
497263693 1000000000
695248268 1000000000
330252472 734258048
373202393 1000000000
132625420 380621458
898870185 1000000000
885793318 1000000000
783387192 1000000000
645798949 1000000000
942771781 1000000000
632436937 865248332
338913527 1000000000
642919361 1000000000
57574627 861936681
630213887 880340521
544400607 831947207
277681600 861643730
216082063 689614034
283021848 1000000000
799860194 845593414
859664105 933380762
234993189 898271984
154086247 422696400
343663419 945590852
330915015 694720294
146482342 369546942
722033743 1000000000
821964484 1000000000
255905355 865146335
857050093 959727540
638279435 1000000000
921056904 1000000000
306343339 1000000000
804037852 1000000000
151855501 198503338
703042434 1000000000
482188366 719037559
113348568 510313450
912604227 1000000000
778036048 1000000000
233678011 669819579
526949986 1000000000
433747643 591233575
425129807 436056216
887756436 1000000000
516216032 803584492
75914947 594610468
222408583 1000000000
535547169 1000000000
560481048 1000000000
384649489 869663252
131891102 177270324
919713862 1000000000
254867333 592847812
975204246 1000000000
298377898 569896013
887046071 1000000000
852480033 868584609
181312422 201198615
991346010 1000000000
499903865 802675482
157916395 288298932
15805920 200908232
837411906 1000000000
623823547 1000000000
401372671 928798558
28640712 828297140
81316383 917316229
166621203 1000000000
90757067 1000000000
429926079 991419323
630551229 929750586
109953879 694061769
12899644 678928908
538303957 1000000000
301325024 349807430
104903993 924178202
532030657 1000000000
796817834 1000000000
947465278 1000000000
33507901 475416141
471382207 1000000000
779738354 1000000000
375669293 1000000000
951062255 1000000000
193027696 342614816
760063866 797267266
243833181 791930541
566054461 1000000000
182777199 442377439
310819974 606584218
578905385 1000000000
326771103 1000000000
964119529 1000000000
536946493 591163595
879561411 1000000000
405572945 1000000000
23568308 738184193
116630450 1000000000
235126420 454778957
603144820 693585961
912735398 1000000000
64191031 694097698
847680101 850789346
633159128 1000000000
66817639 569800721
28839234 262354795
616458996 1000000000
561870626 887741850
636287620 812441975
667276414 717611005
239921742 742985203
532693732 822855763
231388498 818241996
563491636 1000000000
672335189 1000000000
276007231 1000000000
639080038 1000000000
938312837 1000000000
859419131 975203371
753131885 1000000000
213925829 866529363
541963681 1000000000
391167479 801393592
288567315 545251039
345094906 1000000000
504444010 1000000000
725251856 1000000000
752413556 1000000000
967397865 1000000000
729465263 1000000000
858277446 989426395
128751879 954983896
51766597 709175324
160601289 284440139
391446164 711368367
839337634 1000000000
674675112 1000000000
694819689 1000000000
161494700 956492082
401516014 733506664
450902114 1000000000
273155380 1000000000
964187604 1000000000
632050282 1000000000
13227165 706920804
483132619 490801217
40594180 544467450
500331013 1000000000
449463405 742142600
557407367 1000000000
175817286 525807328
617749031 1000000000
882526540 1000000000
582879880 991154111
111350373 713032307
27750518 1000000000
357163302 679797885
11413409 352845472
660252306 1000000000
587378579 1000000000
599474049 1000000000
552982891 806168058
896681659 1000000000
283074798 826458599
658046217 986405782
682769663 1000000000
386377405 1000000000
620283210 700582556
685662456 811609012
781419889 1000000000
778094551 1000000000
677699097 1000000000
881063235 1000000000
11931889 585372999
723027769 1000000000
858003595 1000000000
347840813 1000000000
255855677 1000000000
524267435 914137795
362983515 1000000000
190617960 528747022
709838961 736223963
665478961 1000000000
763253550 1000000000
186655914 877173028
51027810 640177113
880505704 1000000000
6462075 110732211
285360158 636240591
419395313 687547973
788225986 1000000000
501988590 1000000000
136588105 624567795
692433987 1000000000
194860927 967419893
474234853 1000000000
534095340 1000000000
475295795 1000000000
345884145 710023284
908587871 1000000000
300181042 399815670
497198650 970412427
875765369 1000000000
860534222 1000000000
283802533 754969475
48553098 284542406
629148797 1000000000
404645131 1000000000
34161351 914837827
865010253 1000000000
87466517 918446938
897856793 1000000000
159103217 977625265
734063464 1000000000
19397539 193213370
790067536 1000000000
887024791 1000000000
299008262 925486069
815963676 1000000000
914304396 1000000000
805072323 1000000000
834189547 1000000000
740126608 761932608
381237238 460902334
986644710 1000000000
95964018 587630374
194183060 949247673
552756812 1000000000
786994026 1000000000
636591538 1000000000
130063821 982371268
155666422 566363006
897823405 1000000000
439019429 987361296
682539440 1000000000
274565671 911202773
794240495 1000000000
715010131 795801240
227103994 628827722
750137319 1000000000
980024605 1000000000
96071098 1000000000
61169323 583712271
7777463 252426414
643798195 1000000000
544020491 1000000000
257894942 348615891
312948322 1000000000
237491616 1000000000
485402744 696818448
247959116 822151892
417648584 1000000000
372062143 493079542
979839701 1000000000
851852897 1000000000
44956728 207559521
409574951 1000000000
800249841 1000000000
74651996 547729316
471220400 766136134
711791797 815815556
129246183 853293671
762238928 935434804
608621914 672734355
621973709 951692420
125732501 1000000000
781096092 1000000000
104210203 504590968
212955232 307430492
436726225 1000000000
17835849 619219875
219917993 257428678
928343153 1000000000
230186943 568296473
253167701 1000000000
293679815 711297658
974340062 1000000000
832998593 1000000000
436123654 575882096
340690994 1000000000
469120833 1000000000
947316505 1000000000
357359407 1000000000
982044032 1000000000
883069656 1000000000
647950457 1000000000
989242945 1000000000
464050288 1000000000
971122132 1000000000
914956120 1000000000
476941276 909830357
611786303 1000000000
703425103 1000000000
291269026 457389401
391063052 504839502
787837795 1000000000
451630218 799133324
252824961 697647148
308953837 1000000000
657241680 1000000000
712992011 1000000000
797391953 1000000000
449682053 1000000000
221713665 395655319
710344263 712887538
363715418 829433330
960191626 1000000000
181948918 821205900
119719681 555500713
505998595 1000000000
527575064 1000000000
319666766 435981877
21974590 1000000000
555889750 780147202
585492767 937446286
433301390 955934590
729151215 1000000000
861484340 1000000000
757518341 1000000000
488913820 764339804
461166359 1000000000
67635990 497883556
3124820 79884203
433096103 435585484
390311458 568397361
129207684 484571437
333252650 1000000000
537839969 714506560
720881348 747067467
544898070 1000000000
213429566 803506741
758186351 847914544
698747830 1000000000
31819960 149233371
514720083 1000000000
268955897 520680212
556709323 1000000000
959341659 1000000000
404892442 1000000000
559552944 1000000000
363507229 622606322
43194891 80375391
531104248 935611920
257681492 547217467
397957096 1000000000
409998205 1000000000
991878353 1000000000
379576510 936310997
909997322 1000000000
289503596 1000000000
147216994 1000000000
867677049 1000000000
410195396 1000000000
40532221 325476343
825458521 1000000000
367876395 1000000000
353016522 1000000000
340683040 366186091
387781860 1000000000
61387382 472960303
345351452 911681930
710831600 878240439
933963680 1000000000
940699391 1000000000
476019965 1000000000
328218484 828969644
569417212 820573120
823583692 1000000000
45102071 162336589
149330331 871328827
320862047 715153333
756180996 961694386
677515318 1000000000
399811068 1000000000
711019171 1000000000
170220858 319334310
307717068 379543826
634938998 1000000000
895322558 1000000000
391034152 1000000000
43852052 589523017
347694073 956326870
845057483 1000000000
557238541 656001914
10719848 63005096
251458072 611289915
407280316 1000000000
579036903 911204770
15242293 239802940
987988626 1000000000
682833750 1000000000
484851469 1000000000
185570596 1000000000
101746302 269149495
707277917 1000000000
632783001 1000000000
670495164 1000000000
778614087 1000000000
646666878 1000000000
886852018 1000000000
127482386 607379778
573598430 1000000000
692564415 1000000000
522328796 1000000000
