500
500 75609
499 99022
498 35699
497 54802
496 36266
495 82827
494 95733
493 55334
492 65434
491 6004
490 55157
489 61637
488 30686
487 55157
486 85947
485 65576
484 60183
483 212
482 66413
481 95351
480 68695
479 4036
478 6221
477 31449
476 81661
475 1721
474 89366
473 58661
472 66413
471 81661
470 5414
469 56997
468 51555
467 79366
466 65576
465 23711
464 17219
463 66413
462 94541
461 96066
460 55157
459 26563
458 33527
457 3889
456 22541
455 33862
454 35078
453 83083
452 21405
451 339
450 57300
449 97823
448 70419
447 40947
446 51299
445 48377
444 99375
443 72029
442 87949
441 42249
440 71948
439 57265
438 75914
437 34778
436 24691
435 83949
434 83949
433 48819
432 92502
431 45159
430 27023
429 74581
428 70941
427 22346
426 27968
425 16339
424 212
423 17219
422 41213
421 22521
420 98243
419 91742
418 81489
417 33568
416 3876
415 42305
414 72029
413 17219
412 88938
411 86688
410 60060
409 80363
408 91742
407 71948
406 58773
405 7765
404 61298
403 82390
402 89366
401 76002
400 52113
399 80363
398 83657
397 63362
396 12708
395 37340
394 12363
393 29068
392 71186
391 94442
390 83657
389 18471
388 87741
387 34258
386 8207
385 69060
384 38953
383 97375
382 66927
381 2355
380 83657
379 67461
378 59193
377 57497
376 3700
375 36266
374 9573
373 83453
372 57567
371 44302
370 49486
369 23123
368 69878
367 85100
366 7876
365 12446
364 82390
363 7163
362 14631
361 54437
360 45337
359 34778
358 38209
357 72176
356 28847
355 78293
354 83124
353 81025
352 72115
351 84713
350 69371
349 5736
348 87812
347 28156
346 79560
345 5145
344 38866
343 45649
342 60683
341 42030
340 23211
339 2906
338 17581
337 61975
336 10128
335 38404
334 48682
333 83917
332 26047
331 18824
330 37197
329 44251
328 37114
327 77592
326 26689
325 84552
324 6794
323 12852
322 11419
321 23351
320 6491
319 40339
318 6130
317 68248
316 68746
315 41852
314 26563
313 69013
312 96232
311 5216
310 60186
309 32802
308 71948
307 1573
306 2357
305 74397
304 24376
303 59188
302 94101
301 78209
300 35769
299 29625
298 56132
297 79546
296 33894
295 63362
294 87230
293 65521
292 49832
291 22056
290 4351
289 61565
288 68517
287 14716
286 71803
285 79838
284 21273
283 6221
282 64021
281 37340
280 55165
279 63531
278 71364
277 89599
276 43196
275 32141
274 14441
273 88888
272 35950
271 70462
270 8894
269 44378
268 1911
267 43914
266 25207
265 39391
264 28317
263 3717
262 22939
261 8009
260 82441
259 77233
258 15153
257 61438
256 60200
255 15229
254 83876
253 3139
252 60392
251 23044
250 39722
249 8940
248 12301
247 49409
246 11316
245 99263
244 41432
243 80513
242 4569
241 60397
240 89894
239 86392
238 94222
237 52928
236 85214
235 55046
234 93689
233 28159
232 59629
231 86683
230 9576
229 26047
228 42875
227 23907
226 72756
225 15552
224 95395
223 93430
222 86615
221 86750
220 24340
219 66345
218 22872
217 52837
216 32306
215 36266
214 17576
213 9573
212 50010
211 22016
210 2285
209 16701
208 57300
207 59629
206 93996
205 74805
204 37576
203 63110
202 16181
201 34701
200 31217
199 86823
198 95351
197 25207
196 21957
195 16896
194 60738
193 57466
192 34979
191 20642
190 63179
189 97767
188 97023
187 14483
186 9269
185 25207
184 3694
183 68114
182 24508
181 68567
180 45269
179 61819
178 89323
177 41988
176 58961
175 93294
174 12787
173 92563
172 91731
171 40947
170 35191
169 24726
168 5880
167 22671
166 34466
165 86750
164 78413
163 78987
162 6967
161 25804
160 63241
159 58993
158 20536
157 92333
156 62526
155 84813
154 26937
153 22886
152 82409
151 14074
150 57852
149 87741
148 54709
147 41259
146 23434
145 58411
144 54538
143 10860
142 65309
141 23140
140 84380
139 84380
138 98240
137 94181
136 25207
135 59857
134 58350
133 36478
132 80961
131 69220
130 93886
129 38857
128 25896
127 93612
126 30771
125 83581
124 86615
123 15862
122 44065
121 92539
120 22050
119 2770
118 43665
117 26047
116 22794
115 64300
114 23907
113 49725
112 54702
111 93139
110 63417
109 39115
108 37832
107 53063
106 6918
105 70545
104 77768
103 27878
102 63556
101 37275
100 60982
99 18997
98 19196
97 15006
96 85473
95 4708
94 41248
93 12960
92 47601
91 41607
90 52854
89 68746
88 61680
87 16701
86 28565
85 3974
84 92745
83 88588
82 25348
81 27934
80 27122
79 83077
78 23779
77 75079
76 94567
75 26873
74 57581
73 19696
72 3721
71 9573
70 82175
69 69734
68 25275
67 27107
66 98723
65 65544
64 92652
63 74248
62 25503
61 83657
60 17470
59 8940
58 28950
57 91953
56 91502
55 85397
54 8940
53 97798
52 8384
51 9302
50 91502
49 52431
48 75559
47 26131
46 31322
45 46599
44 42802
43 36337
42 32361
41 70579
40 76951
39 72413
38 73071
37 44065
36 60603
35 63693
34 1884
33 29310
32 72632
31 39376
30 79836
29 23032
28 50000
27 41790
26 93381
25 94835
24 63548
23 35385
22 11886
21 59795
20 56617
19 89732
18 98540
17 15767
16 22339
15 59627
14 77138
13 8829
12 8009
11 80493
10 73821
9 99124
8 5419
7 19753
6 96059
5 38912
4 68050
3 73106
2 99022
1 52751
