500
500 39722
499 64691
498 25086
497 89969
496 86384
495 23700
494 35204
493 268
492 23974
491 69186
490 14259
489 44669
488 62527
487 71651
486 94067
485 7447
484 94699
483 16384
482 66541
481 66296
480 43755
479 86384
478 72024
477 45082
476 81624
475 52954
474 80999
473 38207
472 33316
471 65472
470 86454
469 10636
468 21003
467 1811
466 21003
465 57106
464 86623
463 77921
462 13531
461 44669
460 38935
459 48675
458 44669
457 65199
456 12504
455 23974
454 75980
453 22682
452 82407
451 18803
450 90120
449 78724
448 60621
447 62919
446 64691
445 28642
444 25312
443 19508
442 57493
441 98835
440 48337
439 44526
438 85953
437 20220
436 83217
435 13531
434 31995
433 55963
432 19758
431 62667
430 25312
429 64691
428 6026
427 35204
426 72975
425 79607
424 82028
423 33316
422 72313
421 6026
420 35204
419 69430
418 49
417 82221
416 70193
415 68220
414 3
413 48944
412 70027
411 92672
410 92672
409 40958
408 6864
407 21003
406 44075
405 94537
404 69856
403 48785
402 48785
401 87364
400 75342
399 89781
398 3919
397 603
396 32118
395 73471
394 22578
393 30348
392 90619
391 4808
390 76058
389 78055
388 87461
387 40350
386 95877
385 78294
384 96808
383 45675
382 80999
381 90525
380 64787
379 6525
378 90691
377 59692
376 39990
375 28561
374 90489
373 69856
372 2631
371 25312
370 95300
369 40967
368 58829
367 90286
366 33316
365 44609
364 86939
363 40470
362 6525
361 73792
360 78093
359 48944
358 78294
357 4336
356 53545
355 74119
354 35958
353 81836
352 91689
351 39225
350 79611
349 18245
348 59591
347 80916
346 95942
345 24554
344 54043
343 93078
342 86384
341 23667
340 13628
339 62919
338 98086
337 44953
336 16777
335 49039
334 98101
333 66540
332 28429
331 39855
330 28642
329 268
328 99214
327 13606
326 23099
325 85973
324 863
323 1201
322 89544
321 1811
320 68749
319 88551
318 72162
317 57818
316 12220
315 93363
314 48590
313 61907
312 62527
311 11782
310 23284
309 69682
308 13900
307 38117
306 63718
305 30326
304 66872
303 17450
302 79724
301 4404
300 81140
299 60290
298 48676
297 32941
296 49
295 80675
294 98000
293 91171
292 33508
291 21003
290 38672
289 36553
288 62749
287 1823
286 5053
285 62418
284 87322
283 13176
282 22354
281 77467
280 10742
279 74328
278 19670
277 19670
276 89544
275 4404
274 16973
273 57075
272 92040
271 81190
270 66131
269 43363
268 20292
267 76992
266 26704
265 23700
264 38672
263 62667
262 14630
261 28927
260 59492
259 53545
258 62784
257 79724
256 89544
255 22719
254 99108
253 3529
252 73471
251 70098
250 36794
249 20077
248 82112
247 88551
246 82171
245 95673
244 67362
243 20186
242 16332
241 8488
240 12271
239 34952
238 29013
237 79724
236 38522
235 61205
234 21151
233 44411
232 3
231 35397
230 52665
229 40944
228 46295
227 62784
226 69002
225 69910
224 55626
223 16333
222 9149
221 69856
220 22888
219 65038
218 74067
217 28152
216 94840
215 78652
214 73116
213 77405
212 37340
211 13947
210 19720
209 49835
208 37419
207 84636
206 17547
205 60349
204 2562
203 97688
202 7973
201 39651
200 13165
199 63234
198 41507
197 11430
196 78000
195 45647
194 1637
193 63391
192 80709
191 97960
190 69407
189 80513
188 45071
187 58171
186 21906
185 75844
184 68488
183 98560
182 8951
181 10856
180 36502
179 24329
178 21235
177 37072
176 24440
175 20186
174 93919
173 10515
172 66857
171 32997
170 31600
169 88405
168 27351
167 28889
166 22180
165 32161
164 11633
163 63735
162 23835
161 97
160 11321
159 53809
158 71031
157 6864
156 6324
155 65027
154 97514
153 57818
152 96711
151 65339
150 31854
149 76959
148 17852
147 4571
146 47320
145 24639
144 37868
143 65092
142 67851
141 5907
140 53234
139 88430
138 57308
137 27018
136 57123
135 60360
134 19758
133 50366
132 643
131 88571
130 79206
129 65199
128 83549
127 21165
126 51025
125 35063
124 27105
123 6834
122 99180
121 13335
120 45042
119 30652
118 32701
117 59662
116 24363
115 45094
114 79887
113 85981
112 28841
111 14879
110 52005
109 93072
108 35204
107 89538
106 47304
105 68329
104 8041
103 20186
102 36512
101 35534
100 7447
99 52432
98 74759
97 89544
96 49054
95 9705
94 33059
93 69173
92 96168
91 92846
90 66683
89 77462
88 63981
87 15630
86 73271
85 14371
84 38489
83 80727
82 47508
81 96435
80 94723
79 13292
78 22354
77 62157
76 46339
75 48319
74 3950
73 16110
72 65113
71 39738
70 24151
69 96512
68 31319
67 75724
66 28373
65 25934
64 14977
63 56853
62 93273
61 73991
60 40350
59 91736
58 5275
57 24365
56 68625
55 88430
54 71912
53 63076
52 88664
51 24324
50 76558
49 48472
48 68289
47 19943
46 74898
45 87718
44 7298
43 55642
42 52651
41 90212
40 60577
39 32514
38 90662
37 86623
36 77842
35 41878
34 4240
33 92288
32 78563
31 50657
30 39990
29 69976
28 57535
27 35063
26 8041
25 14210
24 52426
23 85461
22 95457
21 86345
20 93216
19 86443
18 4090
17 53678
16 95891
15 31492
14 34535
13 65199
12 73792
11 64691
10 95711
9 14478
8 13050
7 88347
6 36374
5 91206
4 96808
3 4288
2 35534
1 64991
