500
500 70
499 2677
498 470
497 1335
496 1044
495 1080
494 3933
493 1335
492 499
491 1609
490 2074
489 2209
488 2390
487 2390
486 224
485 12883
484 3185
483 3308
482 3308
481 3734
480 3754
479 3919
478 1204
477 4435
476 4574
475 12664
474 5645
473 5729
472 6017
471 6050
470 14284
469 6142
468 6383
467 5126
466 6808
465 7312
464 17460
463 7346
462 7351
461 8053
460 8103
459 8547
458 9620
457 9620
456 9620
455 13135
454 10281
453 10470
452 10647
451 11282
450 12167
449 12088
448 11625
447 10153
446 12688
445 3044
444 14522
443 13232
442 13232
441 13386
440 13444
439 13810
438 13905
437 6090
436 14108
435 23631
434 15533
433 14653
432 14728
431 14827
430 20429
429 15027
428 15338
427 14653
426 15553
425 22505
424 24053
423 16223
422 15553
421 17855
420 16340
419 17277
418 18458
417 18521
416 24341
415 18580
414 18598
413 18571
412 19251
411 19652
410 19491
409 19947
408 14827
407 20198
406 24102
405 20029
404 20490
403 29144
402 21456
401 22137
400 6981
399 19766
398 23188
397 23437
396 6399
395 24081
394 23863
393 15685
392 23696
391 20372
390 22692
389 24356
388 24371
387 24428
386 24430
385 24650
384 25968
383 25169
382 25699
381 25717
380 25169
379 27961
378 27504
377 27347
376 27501
375 27605
374 26794
373 35117
372 35251
371 28037
370 28117
369 28139
368 28582
367 28706
366 28859
365 28859
364 28859
363 29691
362 29369
361 20952
360 30228
359 31609
358 43764
357 30347
356 26490
355 32929
354 31001
353 31198
352 31438
351 31454
350 30228
349 31633
348 31711
347 31735
346 32426
345 32465
344 33853
343 35280
342 30715
341 33502
340 43673
339 33441
338 33034
337 34024
336 32536
335 38170
334 35062
333 27713
332 30472
331 32844
330 35636
329 35567
328 37287
327 40096
326 35637
325 35759
324 35895
323 35895
322 36181
321 36383
320 36884
319 36994
318 37164
317 35345
316 34381
315 38629
314 44654
313 39186
312 39649
311 39885
310 35636
309 30356
308 40407
307 41316
306 40519
305 41317
304 41470
303 41470
302 41804
301 42377
300 42645
299 44920
298 43641
297 33097
296 40370
295 43836
294 44834
293 39146
292 46636
291 46306
290 43887
289 44976
288 47441
287 45551
286 45991
285 52334
284 54687
283 43268
282 46513
281 44920
280 47053
279 45463
278 47514
277 47579
276 50438
275 48016
274 51834
273 48424
272 48479
271 48487
270 52846
269 49004
268 49229
267 49926
266 50128
265 50284
264 50548
263 47978
262 53151
261 51885
260 48859
259 52717
258 51312
257 51691
256 53986
255 56731
254 50984
253 52194
252 50657
251 52710
250 51022
249 51022
248 57406
247 46254
246 53262
245 53474
244 51834
243 53536
242 54425
241 46576
240 62099
239 54915
238 54915
237 54955
236 62115
235 55213
234 55409
233 55443
232 61514
231 56006
230 56418
229 54687
228 48208
227 56979
226 56964
225 57022
224 57065
223 53064
222 60935
221 58250
220 58282
219 58310
218 64578
217 59265
216 59358
215 62634
214 60910
213 60652
212 60678
211 59674
210 61587
209 61115
208 61328
207 67067
206 61346
205 61375
204 55723
203 57971
202 59259
201 61701
200 56270
199 55213
198 65385
197 66336
196 67430
195 64145
194 64427
193 59746
192 61666
191 64970
190 64477
189 62363
188 73101
187 65479
186 65537
185 66044
184 69798
183 64991
182 66462
181 68204
180 66648
179 66684
178 67054
177 61237
176 67611
175 63070
174 67611
173 67286
172 66604
171 68184
170 68191
169 68132
168 68529
167 76009
166 68204
165 68546
164 68878
163 69798
162 69271
161 84781
160 69007
159 70338
158 66316
157 71054
156 72060
155 72102
154 79760
153 72322
152 72488
151 72898
150 72965
149 72167
148 74182
147 73241
146 73329
145 73454
144 73475
143 73553
142 65437
141 80425
140 73147
139 74292
138 74897
137 74975
136 75110
135 75642
134 80193
133 75856
132 78565
131 75920
130 68252
129 80458
128 77684
127 76667
126 76901
125 77077
124 76355
123 77954
122 77684
121 77758
120 84167
119 78271
118 78433
117 76337
116 78524
115 70352
114 78742
113 85238
112 78783
111 79029
110 77672
109 79263
108 79316
107 79349
106 79569
105 83176
104 75772
103 88373
102 79807
101 79900
100 80075
99 73585
98 80242
97 80292
96 80242
95 80242
94 73749
93 75892
92 80669
91 86861
90 81035
89 81503
88 81585
87 82345
86 82698
85 82945
84 86547
83 83253
82 83349
81 83504
80 84153
79 79242
78 84301
77 84347
76 84401
75 84470
74 84508
73 78641
72 78742
71 86722
70 85511
69 86276
68 86431
67 97594
66 96451
65 95294
64 85437
63 86771
62 89570
61 80802
60 86845
59 87070
58 87852
57 87153
56 88113
55 89766
54 88503
53 88659
52 88769
51 93956
50 89429
49 86994
48 89734
47 93434
46 90028
45 90444
44 90792
43 94494
42 91917
41 95935
40 99659
39 94213
38 92573
37 92660
36 92668
35 79776
34 93915
33 86449
32 94555
31 94011
30 92226
29 91403
28 89117
27 94869
26 95087
25 95288
24 95288
23 95288
22 86686
21 95597
20 96632
19 96390
18 79583
17 92416
16 96686
15 96785
14 99921
13 97258
12 97321
11 97535
10 93915
9 97758
8 98088
7 98444
6 98863
5 99497
4 96974
3 92237
2 99508
1 99661
