1000
707613308 950778096
645651829 1000000000
998716745 1000000000
811164585 1000000000
747599319 1000000000
779687135 1000000000
210026711 226541455
625720129 777626331
330393893 388344199
265162627 545582464
55737837 953716259
263441118 842238290
598118199 710959448
702166497 1000000000
106067952 214081965
175547962 923458228
35348083 598730956
439724148 1000000000
410334850 1000000000
959378001 1000000000
344726616 937861085
147640799 339759445
882440439 883460185
590100518 1000000000
184654024 491469597
923892226 1000000000
652276243 1000000000
373836905 1000000000
592148993 733106054
917398291 1000000000
774271710 1000000000
840707778 1000000000
471417522 1000000000
322739398 1000000000
56457200 897714171
854978050 1000000000
625502745 894967564
185776210 948961737
932962387 1000000000
298939766 359391221
898376485 1000000000
633854037 1000000000
929446186 1000000000
700862216 951157958
236971459 1000000000
340657988 1000000000
980976885 1000000000
706783680 802196999
25247859 653293371
23960537 670657370
336399880 721492141
806084925 870429408
941261207 1000000000
937208423 1000000000
483379907 1000000000
243626139 1000000000
553499469 1000000000
490799878 834429664
553317832 1000000000
707833719 922303861
376957261 850793215
703443724 755764274
826813846 1000000000
86479441 1000000000
112421647 1000000000
773815370 1000000000
716269504 1000000000
326217711 645871077
310460896 502170269
283287109 592480633
294829956 650402345
45157039 314218140
198580508 1000000000
616249952 775771446
504185914 1000000000
754375315 1000000000
78157260 986286531
824129471 1000000000
315018614 988265653
216197538 331552642
780662677 1000000000
204453260 300750161
60425055 641277367
436997929 953835537
452106334 1000000000
682698269 843610188
994362037 1000000000
276649777 1000000000
505913628 622875759
4693217 969410087
49454750 110623479
52277534 946791133
922257488 1000000000
402307951 722172498
655190051 994231812
373888029 1000000000
455289331 848134279
815806374 1000000000
225750161 724443036
935759661 1000000000
216013916 1000000000
143721229 574927883
412305417 1000000000
749453877 1000000000
956551177 1000000000
491637674 607567599
355999026 1000000000
783257170 1000000000
947057538 1000000000
649031281 1000000000
40930582 92510001
71330082 616534440
257467249 769111957
264259177 881296344
78898337 530625346
331106711 946297360
933179375 1000000000
751473603 1000000000
626156638 1000000000
573727333 1000000000
944730569 1000000000
416874096 1000000000
484842310 611824348
569374111 1000000000
810114031 1000000000
527062283 1000000000
151597163 389204292
507242686 1000000000
530058351 929657602
290784978 572164218
327880545 919571156
275904433 766404164
94815658 407756501
662039339 1000000000
2407269 722210265
932268792 1000000000
925989733 1000000000
755326402 1000000000
208320702 1000000000
518058035 1000000000
3641482 668368006
308943586 644533437
227362034 1000000000
460243717 821914996
656134412 1000000000
732979213 1000000000
705503904 1000000000
524904408 848354787
906939324 1000000000
221397323 915913172
874355477 1000000000
172914143 719765180
210960701 1000000000
668481028 785189642
99860779 1000000000
436735745 672793147
835017659 1000000000
204840044 262892622
257329314 278097786
633504240 1000000000
100723134 605986092
225227144 688180221
552699578 1000000000
947215248 1000000000
473555685 623392105
338626756 583196874
563559196 1000000000
349777599 655979221
188394856 773187233
626875839 802556826
868735213 1000000000
35587816 734015824
419854922 786153917
527051639 1000000000
729301714 1000000000
422323342 1000000000
743821367 1000000000
221384747 348115460
534311304 1000000000
349245352 516759554
68723557 693409084
14700839 964258142
86956768 996230161
811865085 1000000000
624675369 1000000000
668656670 1000000000
419179319 969285979
435252744 828013919
353274599 880823655
420544807 611790130
878874945 1000000000
639233102 827965521
431992649 927555964
672353086 1000000000
947301910 975890215
727403064 802162807
964974699 1000000000
337411117 682199491
178777163 466635466
45023089 669961687
892474067 1000000000
399550456 764546266
545846499 836659689
732347883 1000000000
471057499 1000000000
501951556 1000000000
616493225 658940081
425405125 1000000000
302709037 1000000000
822367732 1000000000
585850135 1000000000
287579219 1000000000
428404299 847105149
97191943 909979956
200988759 1000000000
140125508 684400946
329381844 424783341
851679634 860924787
740762723 983710146
651756845 1000000000
739578606 1000000000
395610077 839254434
462382810 1000000000
168885180 601000237
862709848 1000000000
580857220 844612644
918294712 1000000000
633627470 709999961
296267045 354068344
402885564 565675449
773594667 1000000000
455190454 513219834
239085590 867120936
988930085 1000000000
526252747 1000000000
907050689 923920265
950003477 1000000000
32671696 202775725
610439078 1000000000
762153408 1000000000
20956226 602357647
690095486 819770831
147164219 1000000000
929125995 1000000000
304767043 395773437
32192198 177539273
978015602 1000000000
969233720 1000000000
425959161 1000000000
724668806 1000000000
811212993 1000000000
930070815 1000000000
602551230 1000000000
316658545 745271370
623456291 1000000000
653956671 1000000000
347031236 724991147
14389954 436710078
91204272 533560824
802604233 1000000000
53061109 833779249
384339210 862916858
615141999 905258867
696118666 1000000000
366386588 1000000000
108670571 237007099
157793430 993778992
362417290 594750064
723051517 1000000000
306406945 510485365
895363324 1000000000
425347195 1000000000
226837692 453484987
495289303 758083365
903580580 1000000000
205827825 801052424
847999355 1000000000
479045828 1000000000
24693475 701740293
490815397 844657829
640959034 1000000000
49946700 763020333
676890564 1000000000
943404591 1000000000
365581874 1000000000
868077462 1000000000
576242498 715895056
303137892 447800874
329827308 1000000000
830810694 1000000000
519610896 743337415
520624466 1000000000
658545768 1000000000
149609277 709792471
334947299 495802917
895699754 925450524
702004723 1000000000
431710324 1000000000
311027360 1000000000
218040488 370444046
504831893 1000000000
366824123 740434380
494721256 1000000000
266969243 795309140
749459829 787488390
619541758 1000000000
596986401 1000000000
366086295 554312774
450203465 1000000000
524983223 1000000000
505998339 1000000000
425354532 1000000000
206306569 1000000000
200027780 848703204
549868285 1000000000
275488892 303087088
292100517 407965892
767204518 999610005
652806445 709323817
572905313 853317887
708071515 832263862
934103316 1000000000
768238377 1000000000
570665431 1000000000
187823700 779746632
529909604 1000000000
261053309 1000000000
506021817 905078904
140327566 347122546
475839633 1000000000
63019934 316486281
358720861 1000000000
419785867 684957017
806429859 1000000000
813591317 1000000000
183892610 424950178
927214176 1000000000
303171559 1000000000
221773452 1000000000
398628383 422716884
688911558 1000000000
414744895 1000000000
33649718 285880564
821066421 1000000000
153162445 1000000000
793215749 1000000000
732273949 837727817
422616968 892915441
809741062 1000000000
63472985 983094988
828771787 1000000000
506331030 1000000000
759085524 1000000000
25911411 367809067
679358720 1000000000
513731556 1000000000
970116526 1000000000
54879986 528638420
251108040 858321306
481380042 1000000000
732310210 1000000000
149419210 288932372
967965730 1000000000
223710392 1000000000
412900136 556541693
291675265 581227007
156515960 777962509
672509504 1000000000
476019937 1000000000
47222757 1000000000
243291775 628312975
894302827 1000000000
666560608 1000000000
959703737 1000000000
455861027 1000000000
899571555 991309124
736703969 1000000000
680967760 1000000000
69205431 837695867
636228664 1000000000
497021716 1000000000
37043494 495008120
541589040 1000000000
37077755 396770159
857811636 1000000000
868567440 1000000000
932606626 1000000000
332538299 800694985
753828745 1000000000
407572075 1000000000
861421942 1000000000
993662369 1000000000
172348951 871646871
808859744 920370708
741530814 971878904
329056300 1000000000
377399577 838715199
874043499 1000000000
943422356 1000000000
454891419 1000000000
200436542 821685659
648116618 1000000000
163569266 686689303
42639721 982081643
626628936 1000000000
164211559 968451553
559087376 846915345
994510571 1000000000
773113064 836624940
354169111 893690568
460848500 1000000000
588647016 1000000000
740331707 1000000000
294119175 1000000000
441539793 1000000000
670535155 1000000000
573894833 1000000000
479868724 1000000000
654027203 1000000000
497632432 589398277
942758207 1000000000
828806531 1000000000
859781953 1000000000
315444406 1000000000
673144042 886945695
673092584 1000000000
156466566 158170010
495164026 987493385
334982613 1000000000
177133213 903936882
80281820 1000000000
144269397 456882718
808579980 1000000000
277481682 499687797
625750453 1000000000
653600426 976133372
482955878 1000000000
249918344 982011046
797419940 1000000000
160763963 843451712
424532732 1000000000
122826284 854215224
945460120 1000000000
448201755 467766601
870818818 1000000000
120992399 599342789
949200288 1000000000
426620021 498823787
914434722 1000000000
582852796 1000000000
755561000 1000000000
931151698 1000000000
960959992 1000000000
647697966 1000000000
25196154 367369840
159952842 332061535
794725180 1000000000
960595650 1000000000
513394418 800313845
396620874 1000000000
940752017 1000000000
989030822 1000000000
592847321 1000000000
807934358 1000000000
678519940 850975428
162257285 365174201
493349845 1000000000
627116050 1000000000
46340517 378499332
347752406 568465081
231915803 1000000000
920587537 1000000000
842729132 1000000000
629223644 1000000000
644743610 750362638
767673917 1000000000
904382464 963076990
603643165 658798481
256357918 1000000000
11802376 72629078
254698254 674079524
741028581 1000000000
962571683 1000000000
881217950 1000000000
586472426 1000000000
326453475 740041138
441319543 1000000000
977659298 1000000000
831162864 901818771
824442123 1000000000
865203497 1000000000
8672185 1000000000
859149357 899329849
658162748 886767505
280684922 1000000000
30564009 699750950
646496305 1000000000
988755609 1000000000
413346447 737328942
353616786 696404891
918519875 1000000000
12339508 711399863
100876418 738687656
546520694 1000000000
996072850 1000000000
120198311 514638072
498239559 1000000000
191852764 1000000000
411786334 687605253
972313394 1000000000
598778325 1000000000
989757024 1000000000
197511726 669741794
14707367 978025217
512023080 1000000000
638086257 726129437
988433078 1000000000
550404944 1000000000
678665191 942905567
37631042 1000000000
257458843 569557499
681763678 1000000000
533933666 1000000000
968621603 1000000000
479728106 1000000000
986329906 1000000000
260919554 964452741
190791148 581765538
569884439 639454423
171793735 499853913
500318761 949235603
360431129 561290311
284210851 725145918
558140683 1000000000
451714994 518765793
685836496 1000000000
378119743 616441544
203611377 597368460
964790084 1000000000
4396222 584698465
122880905 708343731
228534301 840717567
275030919 1000000000
123587405 715782294
108065891 733600880
119264088 324011593
517627432 1000000000
101979830 960262244
525399262 882525597
839476120 1000000000
912946934 1000000000
529309740 1000000000
340818286 1000000000
520804761 693535810
448238219 966932743
325839051 971713121
287270759 670263221
378436691 937246452
168043316 580181007
487040286 1000000000
686083360 923450763
41146035 905988271
422066807 885797765
966301461 1000000000
931571494 1000000000
217064216 1000000000
507210354 1000000000
917254377 1000000000
283949323 1000000000
911061943 1000000000
531668034 1000000000
407330124 1000000000
110435073 374234379
693623799 999902993
805502761 1000000000
134352366 333365511
707210040 1000000000
436672046 553346945
171346583 388142322
852217967 1000000000
344315324 1000000000
551089639 1000000000
542093678 1000000000
771892973 1000000000
403156867 845836922
709559789 1000000000
419683800 686201694
620463106 1000000000
910388555 1000000000
290516413 419345719
308868429 904478261
432217417 524475659
968867418 1000000000
102899472 615197883
704714254 1000000000
912657016 1000000000
956591337 1000000000
400240081 436066467
370949115 500006330
802096169 1000000000
868415687 986109382
209426817 865880595
306407410 463279373
108819094 613336995
473678229 644639801
395228119 819010520
40176881 689208096
174227828 388101941
722355502 1000000000
604770403 737053283
183440459 586546875
400423545 793340578
972803153 1000000000
233005225 946314566
898433464 1000000000
136366934 452156330
167681716 514503168
421017986 1000000000
65384344 860682067
169505347 453611274
805292168 1000000000
178117501 1000000000
253432479 637553643
638028165 1000000000
111101394 331780505
443797724 584386166
810312006 1000000000
970833328 1000000000
967915817 1000000000
653162505 690578455
412985685 664373877
963153726 1000000000
613294334 732178499
885887412 1000000000
598111610 904821697
189304271 394130440
884799389 962223031
69985800 354627565
330624019 968817900
557642773 1000000000
795968779 1000000000
797860881 1000000000
970370434 1000000000
188048920 1000000000
801726581 1000000000
464976391 1000000000
256897262 728364422
667938651 678185338
380389828 1000000000
946593165 1000000000
920379964 1000000000
818934881 1000000000
522596456 1000000000
683362468 1000000000
830849319 1000000000
963866182 1000000000
912391978 1000000000
305870490 463107843
904913121 1000000000
409729762 875467797
137010783 537348385
109918499 834976867
988798818 1000000000
767194895 1000000000
949309592 1000000000
835569084 1000000000
273684949 627433849
198504972 808082902
840416563 1000000000
28949007 687195422
706965956 1000000000
364359644 1000000000
883223399 1000000000
607817646 945132080
91330926 779553908
167675421 1000000000
615122732 1000000000
433856936 630510634
976784534 1000000000
920943133 1000000000
464889703 1000000000
591603456 1000000000
861727376 1000000000
327897178 721501646
19741001 119383709
479079965 890752004
865413593 1000000000
269875021 672074189
675178056 1000000000
975659051 1000000000
651491736 786832853
243637004 893561609
645091887 1000000000
934966021 1000000000
327030213 1000000000
454160276 1000000000
278926923 503967198
871784555 1000000000
438055297 475118780
664084823 1000000000
723752904 1000000000
875417137 1000000000
992152509 1000000000
255958634 1000000000
340052167 1000000000
415766747 540224145
830045723 835824768
453052017 1000000000
245721718 1000000000
336198390 875901753
978656910 1000000000
445925098 597590654
623458610 1000000000
847150469 1000000000
44891291 653006532
611793328 671188527
84736171 225061884
973894951 1000000000
186779323 768756278
602547779 961868386
203095963 1000000000
479136846 868463554
960307065 1000000000
578714483 1000000000
866967601 1000000000
864691400 1000000000
362813897 1000000000
270949900 520567648
995325713 1000000000
945787613 1000000000
17709258 457080517
984433243 1000000000
617021240 1000000000
626689420 1000000000
718565745 1000000000
997834675 1000000000
252954053 594980938
142188003 298666098
840800330 892158756
155995133 650687202
153757011 220111749
768595057 1000000000
321363185 774068149
516690194 552287636
695810093 749154755
864544808 1000000000
223329237 251256008
411065585 725104162
158065970 349339851
54435298 301198948
245090608 744371142
907592491 924560633
158273970 1000000000
755352820 1000000000
281402738 1000000000
364744934 715171297
289844808 708219594
254019493 303573037
624781027 898255542
387556061 1000000000
234237505 882229341
955502031 1000000000
27924568 181921653
131918280 224839170
360478516 1000000000
695479270 1000000000
54971534 642367159
1552894 131727871
217005222 1000000000
979874172 1000000000
30902503 392434743
911624382 1000000000
583424033 1000000000
333196998 911246189
867070485 1000000000
622939673 1000000000
154521794 708435196
765001978 1000000000
819957553 1000000000
732306265 1000000000
176389875 1000000000
491037018 779793308
309497717 520112022
2312576 848702813
403607100 599104025
840434065 1000000000
146538556 671569171
16303576 132130503
746709811 1000000000
882943016 1000000000
866567775 1000000000
518475590 1000000000
359091532 1000000000
438223582 1000000000
439060915 1000000000
772737606 1000000000
339214025 688957672
803176003 1000000000
854630842 1000000000
856012318 1000000000
261516939 859092254
387024215 1000000000
644074406 1000000000
173683821 914412634
307685824 1000000000
721359866 1000000000
126512614 399876538
759109826 1000000000
966667829 1000000000
302589393 1000000000
705875581 1000000000
419706135 513394889
786694938 1000000000
813280332 866984950
654243374 1000000000
341531616 1000000000
782040950 910454514
548501212 1000000000
541859406 637076371
816074477 1000000000
410160747 644059639
805143749 1000000000
386598826 428518469
94734533 432444645
967812913 1000000000
806727085 1000000000
366587908 745681769
839635585 1000000000
883718149 972319630
987439150 1000000000
296194434 1000000000
395181828 1000000000
266176838 873302621
443178842 857765828
398856755 1000000000
663610990 1000000000
985910018 1000000000
803170217 1000000000
18466713 283760793
484709356 1000000000
662346985 1000000000
137582901 483785035
781816495 887724190
558896675 1000000000
743768415 938523263
71616438 154779470
281343966 470341436
458542288 1000000000
120735357 928163033
643961299 975547826
160519114 180231895
545939139 924363786
963397316 994811870
38145685 375706325
395265855 1000000000
102600028 578363223
12330639 971768283
234743524 944099585
187614321 700441463
543232075 552855458
458891200 892248400
283584753 842712507
604490879 961288371
250003815 412197344
976799238 992102824
73533293 631640898
727535902 1000000000
403717828 1000000000
499891370 1000000000
727816141 993489930
123055047 315318429
996696212 1000000000
367448311 861608675
65964339 301736725
781715449 953982948
527580581 1000000000
281351917 410687216
211596248 1000000000
819602173 965272447
191140955 741961715
910216886 945690895
383418778 1000000000
922762810 1000000000
277046328 1000000000
616381533 1000000000
763891553 1000000000
825868399 1000000000
238037460 832181579
606069138 1000000000
19690109 142192171
100919199 336618165
797826118 1000000000
386379874 760108449
718315805 1000000000
56457324 1000000000
302654564 587111026
590259799 638893865
672470659 1000000000
960797312 1000000000
37806302 557471504
973911280 1000000000
480323877 1000000000
57932402 600626539
101704504 988516612
303752709 729050069
216284545 345436181
594490969 1000000000
100356050 234231330
64206483 763022820
724294045 1000000000
671564264 1000000000
527602235 1000000000
660712215 873605848
797655555 1000000000
701561990 724327013
773371295 1000000000
66073655 436939731
878394876 1000000000
711810327 1000000000
443197809 1000000000
338618359 348741391
395675813 596809612
428145241 1000000000
938345087 1000000000
860137129 1000000000
158209016 650733045
565252318 1000000000
925433615 1000000000
187747710 319333981
206459833 960368762
505742653 536520377
782587751 1000000000
633298270 915916218
46860499 467721230
467951575 1000000000
66388216 909601636
526261320 927486963
382167795 794128097
82105763 1000000000
177528488 376556384
351351509 493003475
80339951 895104636
345348354 996952247
346075609 1000000000
988500309 1000000000
604117478 1000000000
686581613 953876683
731426354 1000000000
788895368 1000000000
759280223 1000000000
571144785 841298137
685227136 1000000000
970232866 1000000000
686174935 1000000000
898195564 1000000000
563316596 1000000000
566506095 1000000000
92623211 692300548
755724215 1000000000
181380872 317774001
13834201 774180757
278602365 429264176
707072153 1000000000
322438876 1000000000
64089559 527985980
919277294 1000000000
265801098 615877770
675529826 1000000000
243993742 790929623
80570589 91618962
913445455 1000000000
379970879 786269036
415318582 697879531
930087240 1000000000
353092204 722399379
167314590 256350550
776548367 1000000000
294642252 1000000000
285791304 847078966
471124870 733646059
344062728 1000000000
103322956 990833508
589273946 1000000000
913491209 1000000000
585323977 1000000000
102132754 1000000000
206806495 479272629
625607458 910558658
186965680 1000000000
286395771 578727730
459751323 715396810
322209954 698885102
48114698 134752913
67724879 850600317
504458299 814746263
677424967 1000000000
169873594 686503226
33860913 319908834
12132661 439427364
725579863 842776117
