1000
450421641 1000000000
720906849 859177608
604507269 779621270
440095720 964213906
283916470 1000000000
469767835 801416546
546873952 987378619
112376723 133944871
201281067 1000000000
698467393 1000000000
339373730 792559214
695302857 1000000000
53552062 770865344
548830617 693119367
274812737 295849596
348588074 553834604
411267895 416684304
895073041 1000000000
463696452 1000000000
240687299 731666321
574407090 1000000000
627854727 1000000000
759599944 824085876
299582320 992954365
24652108 489348220
8811981 772588836
17255971 498529067
856757014 948675290
661857211 1000000000
320893162 581984317
52722932 823191100
162921746 739681280
555793450 570574317
474615638 1000000000
395574230 1000000000
713178037 756114676
443578333 1000000000
975011174 1000000000
832860367 1000000000
897762612 1000000000
452611619 1000000000
980358750 1000000000
474008664 869737289
57872666 728509784
895938595 1000000000
236803882 1000000000
218240045 801917067
505783139 648768319
781307516 1000000000
507614561 904787009
181510426 467973108
950062269 1000000000
441295359 790968390
805609390 1000000000
589762676 686118445
720918090 1000000000
780598480 1000000000
463601036 626615731
872855697 1000000000
715330443 1000000000
774961555 1000000000
32616893 401668405
491327672 1000000000
42592600 94789353
72819496 161490686
994860712 1000000000
83660743 338173452
121679001 641047251
170011136 215378855
745611368 1000000000
200590193 580960973
978730084 1000000000
508826186 1000000000
83835570 295848495
794849544 1000000000
666291448 774798812
564665326 1000000000
610258366 1000000000
889787892 1000000000
705338324 1000000000
338658093 1000000000
146143917 739877639
797385114 1000000000
689985118 1000000000
697222587 1000000000
425228994 437323186
232049100 872995331
828669217 865929828
375627114 379173369
390049994 1000000000
187993181 673876667
590862917 615176270
672864656 948697550
760561324 976194119
623902837 1000000000
477179733 1000000000
686434249 1000000000
609933930 1000000000
868543036 1000000000
83749915 1000000000
135646759 989394633
753310003 896995988
671897279 1000000000
90183433 412231964
333554453 1000000000
175698784 276531537
76450910 239870470
495491133 925187043
360952637 562502747
196082802 438172379
554180485 1000000000
103062351 396133846
37523920 65416199
583472635 1000000000
892440472 1000000000
258139810 1000000000
566528596 763477876
159800451 204156140
523935491 1000000000
248262829 559585728
812151454 1000000000
936185280 1000000000
281207445 803376580
498901807 578748609
35679085 274749520
633971545 966144083
711580226 903506328
367042824 1000000000
19531782 41960336
413779307 1000000000
796961210 996288182
507603757 738756016
104826507 667546165
614189579 1000000000
363418538 1000000000
633648463 1000000000
295242787 430636686
421894763 1000000000
787512314 1000000000
170538446 1000000000
398687650 1000000000
289745311 691628260
479904201 1000000000
242835129 416283151
879561016 1000000000
878396978 1000000000
262597625 950835202
69533447 339651218
647587721 945873004
766441172 1000000000
563479346 1000000000
194813431 1000000000
196944377 655997656
113323404 114986794
150500 167322681
998858581 1000000000
591730730 1000000000
837264146 1000000000
519437680 826066174
641609534 846955585
770534653 1000000000
389543019 750083702
124222369 298184012
215570293 840749310
349774217 507054959
981957133 1000000000
577073453 937090041
398085104 490220805
247879810 773398048
790493569 856350837
392885011 1000000000
876868627 1000000000
202036586 1000000000
312563135 888601355
402507234 1000000000
414938350 799072084
991876836 1000000000
19300870 636234250
770281974 1000000000
621449525 761865179
311647157 1000000000
876789786 1000000000
456805618 685872680
237558488 1000000000
300990743 752982443
810005910 890617483
721528196 1000000000
52685449 155297782
283823773 936038706
845609276 1000000000
66658575 1000000000
259022863 760772483
704002394 1000000000
877892351 1000000000
763678443 805526526
221488800 1000000000
834482549 957512092
355428272 434922553
922595834 1000000000
650991431 1000000000
499185444 1000000000
566645696 926731865
310350538 985218567
567233901 1000000000
728098968 1000000000
119125040 278589319
145343227 750257787
991742630 1000000000
574828043 1000000000
350881452 369964296
49792070 59060458
912591477 1000000000
827968072 1000000000
951353423 1000000000
794590374 1000000000
317127736 656913184
342987999 539042181
696778051 1000000000
980431171 1000000000
519759511 1000000000
718249228 1000000000
860574802 1000000000
720166196 1000000000
715244130 1000000000
940208141 1000000000
407290217 699031069
604663063 794653656
187341332 655577845
271461334 534811635
53783544 970754494
811481040 1000000000
280711410 873450101
43874430 328967355
621225794 1000000000
662064384 1000000000
934717510 1000000000
497611553 552490965
877159147 1000000000
953756476 1000000000
888529871 1000000000
957772531 1000000000
454603040 484618145
556651298 1000000000
9328284 850624766
83010824 856095154
376196440 565045879
452941196 505684151
42578998 875467508
751369258 1000000000
991142778 1000000000
384823960 1000000000
277866701 1000000000
381503961 781502099
682188269 931853906
941595484 1000000000
94223489 766898733
998197623 1000000000
19675924 332280479
513566107 1000000000
205798238 757181480
299050091 782054365
396702015 1000000000
727061568 978363668
254435052 1000000000
269890335 305640627
390999525 996398442
862640924 1000000000
918375632 1000000000
893673139 1000000000
698820101 1000000000
399237654 1000000000
157825825 758506218
320146260 333330576
832318721 1000000000
27398660 697917562
663445114 1000000000
681503450 710782991
139749528 295391679
214372214 514740253
455365837 1000000000
860698492 989394890
230066284 367861867
491219065 947741658
388845798 1000000000
942483381 1000000000
463850005 1000000000
141602731 696268053
867090527 1000000000
216774124 413641393
487239206 586212898
776441896 1000000000
641914997 1000000000
496348760 904635019
653555278 1000000000
739552105 1000000000
3421487 765071900
469320926 1000000000
785983428 1000000000
253895713 768932085
347230528 1000000000
977592622 1000000000
285464506 513158315
405998211 1000000000
725545846 1000000000
500152013 690887844
773062718 1000000000
835298725 1000000000
607917325 811971250
744487359 1000000000
20162038 728026173
703076666 1000000000
585885917 1000000000
394505916 652759855
922411973 1000000000
120011157 865319344
103473748 748186822
990218943 1000000000
970801504 1000000000
578744645 1000000000
182653251 854371621
543057218 1000000000
939233232 1000000000
516292616 927802620
79014064 928971608
563313065 1000000000
866857179 1000000000
749722791 910810070
248724208 703574489
292399805 856683431
299473072 846986026
846649145 1000000000
253647691 781567803
339074123 1000000000
955576326 1000000000
473391646 683899279
831091136 871580533
486042269 759022030
73522735 276540703
351993513 481117107
933374940 1000000000
507898416 673552050
139744386 402941206
794290284 1000000000
180063968 564842474
874775624 1000000000
937765676 1000000000
585283380 942403610
978870953 1000000000
864855250 1000000000
730825214 1000000000
653806220 997173028
866265269 1000000000
762909688 1000000000
207148017 1000000000
110978043 204405620
997306734 1000000000
502007995 1000000000
710428350 1000000000
819752720 1000000000
616875418 1000000000
708444527 973412796
936346577 1000000000
517561229 1000000000
836211776 1000000000
994216430 1000000000
32852784 606085457
919319143 994841433
873385254 1000000000
864119386 1000000000
237259560 472511517
719772551 753359149
524191630 616188534
650792822 1000000000
756973184 1000000000
51694155 416901905
377749662 857044229
523387437 744606572
527510295 1000000000
337784887 461557180
311453386 1000000000
28214687 473336833
120036125 302932058
402578011 937320178
925955194 1000000000
991632463 1000000000
311008721 653304974
455938318 1000000000
968945251 1000000000
820338060 1000000000
983071961 1000000000
983428956 1000000000
91146252 478624660
973475415 1000000000
53171866 209659131
755966600 1000000000
619102649 824230231
135450761 197561406
98251542 263904091
769985916 956926925
429107411 751529518
277981184 459386139
78431246 735872977
831258347 1000000000
419002667 943890221
417349636 435422296
751788805 1000000000
777313477 780310312
590128828 797241637
929858496 1000000000
641842729 1000000000
725937552 1000000000
206128171 514731833
794224300 1000000000
703126496 1000000000
80112801 386391094
618920562 1000000000
462775340 487849915
995091894 1000000000
70768979 496787761
62671307 475926330
826336428 869846381
921518434 1000000000
778776616 872807106
999189523 1000000000
854794533 1000000000
819883562 1000000000
804067141 1000000000
977725207 1000000000
752365157 826739488
458515764 633069800
639576943 990436063
174416247 664409261
18066686 275583486
102444953 523166099
257097608 975315165
590111375 1000000000
418228471 969999279
977157415 1000000000
289293690 473264242
248794499 1000000000
567849268 944765295
598783035 873607143
97336053 816404156
88762951 314358595
221047103 689753879
268351238 648557405
168733771 569461714
642837213 1000000000
162153806 814562938
764824398 1000000000
568664569 1000000000
184504055 831891481
537381748 1000000000
403788087 1000000000
649778402 1000000000
866777768 1000000000
669900975 956636021
827958584 1000000000
73396520 203156940
861158386 1000000000
707383978 864122548
210689108 477466020
465893572 508187923
166570411 496764110
335590693 601517774
209674640 709190997
770720428 812128404
386840518 700665281
276366789 505260042
232858986 481564852
542082280 1000000000
347630010 464069565
608008626 822988496
339999857 748726234
297434883 1000000000
654993936 1000000000
394338121 838661317
421609953 1000000000
762641218 1000000000
266049748 1000000000
577545823 1000000000
470380305 1000000000
230692566 286835605
235856112 248080303
520601383 1000000000
742463488 1000000000
87335032 878262579
702740322 1000000000
767995785 893657793
505141801 1000000000
155531683 262223673
265777465 536328710
465693289 978481650
7013531 815468173
380402459 904019519
487098806 1000000000
297604786 1000000000
344140115 1000000000
510917800 1000000000
801023996 1000000000
370243055 655153572
426293364 1000000000
492652727 975108154
28198864 787474463
128390490 1000000000
496519467 649145493
762655644 816375036
227953087 495854013
807942677 1000000000
394102318 1000000000
765310662 1000000000
113478874 672485923
215248084 1000000000
199380727 378441693
949521779 1000000000
213933633 407981102
794037727 1000000000
18993478 295330597
785417821 1000000000
758986825 1000000000
590328070 664857879
37317222 429529035
972609306 1000000000
481265914 1000000000
278504502 379868579
399232247 913469364
334562167 1000000000
491968876 1000000000
896875282 1000000000
326203907 760161752
683568758 1000000000
695560057 1000000000
936559227 1000000000
793279131 976960022
690207414 1000000000
802471741 1000000000
441570429 467974604
719100881 816372666
607007226 1000000000
63683265 950291394
722166220 893510307
187302164 1000000000
390522619 1000000000
258276201 858573520
627778870 1000000000
241423812 294682822
952101644 1000000000
965161291 1000000000
397666727 480606528
897344062 1000000000
875121037 1000000000
896743101 1000000000
52182254 77885028
520965032 632211909
601033583 1000000000
990225202 1000000000
958904811 1000000000
495991053 863508565
211519423 799367771
809222751 953044082
794969503 1000000000
158790077 1000000000
328358835 782668554
776203316 1000000000
69885327 521841261
192376023 721339305
899854719 1000000000
379616014 993719341
880600805 1000000000
842371883 982921270
689311796 1000000000
474579785 548487482
84146239 887514230
521095683 1000000000
533705299 1000000000
764135580 1000000000
961725770 1000000000
783417203 1000000000
555253465 901023584
927116657 1000000000
560013021 908339156
430298856 1000000000
541780031 1000000000
766089795 891612745
230353151 1000000000
96001696 880589624
501161525 1000000000
733454394 1000000000
960036069 1000000000
889911520 1000000000
654367187 1000000000
48875213 78241138
648225007 827271439
933655049 1000000000
803650786 1000000000
904715249 1000000000
197590191 666371989
481711824 811714283
455920556 1000000000
915019699 1000000000
234587195 980613715
5760103 632057106
313981472 987410723
216699033 944939867
42806575 1000000000
104276401 363424195
677519706 1000000000
128797307 750464626
896674032 1000000000
962561361 1000000000
53255716 213302474
589895073 979537887
749031459 1000000000
656479020 769316086
343666446 1000000000
279794424 1000000000
120551622 691406367
479425755 875289673
958226454 1000000000
712548072 1000000000
555687950 636808892
283271086 506172233
546703615 689272195
297864017 668072794
49560749 826608518
866861371 1000000000
40586386 400333295
80610563 239854414
550844798 1000000000
427234750 1000000000
913011115 1000000000
416755502 1000000000
166001223 813170826
684278208 1000000000
167410545 514976944
436854676 789356010
572469057 655040988
608615191 941461451
29617548 191909676
927166035 1000000000
720700187 904621011
553405980 1000000000
181742050 1000000000
255108018 789463180
344608928 352472342
694588825 1000000000
456691497 1000000000
126903400 488168334
772882216 1000000000
773876133 1000000000
297432299 1000000000
430884846 657243241
691557773 1000000000
860358278 1000000000
821538629 1000000000
895836305 1000000000
209840922 468972038
120208114 1000000000
148197226 627674072
471187337 996376468
642258739 992963508
114610181 710889649
242847389 727207451
605844760 1000000000
991894569 1000000000
720332950 1000000000
225409970 466474102
488548283 1000000000
533439718 722208643
306682316 1000000000
92801221 295006164
733458657 1000000000
590849896 1000000000
330880476 513499007
386503112 478328728
185849850 726340345
191737269 769030073
162890034 862905148
729795420 1000000000
497067656 935645541
511677958 875472222
316397603 766213171
246430813 346595718
50311339 514685354
636627497 1000000000
698696238 1000000000
673173805 1000000000
97238971 729134312
64308863 284873488
870020215 1000000000
682900651 860693636
422256147 599313260
277138025 509238327
173191416 314069240
522092155 1000000000
408708786 912330395
674006320 1000000000
24310497 964709253
477114149 1000000000
162075908 881150222
183005137 1000000000
611657364 956097104
785679996 819903543
879019849 1000000000
940659761 1000000000
720120861 1000000000
741441146 1000000000
356060460 414330357
598867502 844917608
599863669 804327375
343998667 1000000000
83672051 182043997
784317355 1000000000
484676096 1000000000
982893788 1000000000
883622998 995732687
757814618 1000000000
900617605 1000000000
147458647 528355148
645080667 1000000000
417625363 1000000000
759624307 1000000000
305105686 1000000000
796628153 1000000000
956099542 1000000000
731010645 1000000000
390751921 725220334
86910579 296981308
628782143 1000000000
293129333 1000000000
287001468 1000000000
780050296 943114031
370019032 1000000000
635662133 1000000000
927504060 1000000000
244083392 1000000000
210397952 911603468
774334936 1000000000
6033650 584562466
361394913 871582471
390779583 702192201
619203346 852775347
349258308 982905438
358920651 684075274
223323615 793898297
442900703 808825488
928518387 1000000000
970915609 1000000000
277699904 368519068
812581119 1000000000
309880175 831044049
784916487 844975853
847536570 983113670
84138882 380694161
495009357 1000000000
912253484 1000000000
997599251 1000000000
87302706 800742412
395972229 906837903
986437643 1000000000
672907192 823967604
650211890 1000000000
679429755 1000000000
77641689 943573112
437278022 1000000000
89234537 158066447
865270894 1000000000
849150794 1000000000
79708456 302429710
95164855 254918020
692133209 1000000000
676288441 1000000000
111978703 227905300
285536562 364497360
43969068 832576343
75417794 722467147
137460815 712388988
694503584 1000000000
500460819 773280745
17241826 275721258
461864801 1000000000
967765326 1000000000
534739845 1000000000
776064282 858071771
798690444 1000000000
378419060 921716762
657368983 947107937
564459441 1000000000
819259599 1000000000
406364972 1000000000
283344942 450064054
387522811 1000000000
939089023 1000000000
920960151 1000000000
366789586 926828347
282369552 1000000000
20027211 893245809
617134041 1000000000
580369295 1000000000
338427099 958848644
742183756 1000000000
657007945 1000000000
518778332 668044857
846832361 1000000000
431709811 530262026
581519305 1000000000
685138387 909177477
872033917 1000000000
832679836 1000000000
177285915 821891311
409736060 1000000000
79490686 515519344
440910363 1000000000
536405145 1000000000
362791405 1000000000
464147368 579727469
358442064 559617106
643674897 730745692
320435654 718263419
100330521 714495850
292095819 636175524
745992148 1000000000
954080215 1000000000
918178660 1000000000
975992058 1000000000
107909449 211079123
551117068 1000000000
223494024 644697524
556045694 1000000000
607680256 1000000000
505378024 1000000000
535955910 1000000000
867730217 1000000000
819378945 1000000000
203995702 384759551
942964324 1000000000
817986403 1000000000
563488722 660918965
438791066 795727033
133878197 189126597
870892886 1000000000
936349512 1000000000
755570519 1000000000
60066485 805463882
265396166 1000000000
282520793 948187475
623437698 680458363
902026410 1000000000
468152982 1000000000
441726166 1000000000
500657254 1000000000
316277101 795299419
900541085 1000000000
51072226 1000000000
275812407 443505953
772430986 1000000000
953714894 1000000000
354888867 356878530
321775655 704319078
27864492 50030708
254080763 364394902
704328726 1000000000
176694406 1000000000
790116057 1000000000
371914161 1000000000
995927756 1000000000
167055780 1000000000
190556947 669062564
1646675 398874899
386399209 926982339
781332699 1000000000
213413588 555714573
29293473 236330670
759124660 1000000000
889202179 1000000000
929292855 1000000000
205009991 504330500
320203436 832105708
305382282 1000000000
733568418 1000000000
484861576 1000000000
660686995 1000000000
755158272 845574013
556089556 1000000000
745201009 1000000000
557978438 937976346
374578872 1000000000
214771343 483584628
642575447 972069862
519724992 572451741
490051502 975272508
641150076 1000000000
201895944 631722243
627115781 1000000000
770653818 787398927
590169789 1000000000
72031786 127801533
558779243 916544962
763510823 943905486
962112261 1000000000
609313936 1000000000
975178111 1000000000
225389570 560248414
3283591 237535902
174822769 802738484
970219584 1000000000
657280684 1000000000
599593896 753983104
223227542 1000000000
105454291 996737200
644169345 883045542
439295752 1000000000
903168173 1000000000
460201500 977944070
556628441 1000000000
586843715 1000000000
306646034 1000000000
497216119 1000000000
945045975 956939496
829547896 1000000000
942931961 1000000000
593858925 1000000000
272051001 385280035
212466969 1000000000
608072837 1000000000
496303191 1000000000
538833224 648378147
286871271 1000000000
509904937 1000000000
162501933 293134771
995760932 1000000000
310620741 1000000000
149872456 193204283
930182875 1000000000
420166514 1000000000
189542151 510082959
784661875 1000000000
773859335 1000000000
79325653 490417103
966282790 1000000000
944248781 1000000000
376431499 1000000000
810215259 947124951
916237226 1000000000
915759909 1000000000
356242852 470782452
116343850 1000000000
284902998 1000000000
828512432 1000000000
359672897 383557232
83527712 753251980
245962640 512200629
437802282 962192666
269786980 1000000000
39089548 842111098
409399350 1000000000
461273482 851777899
903425574 1000000000
222897453 361786624
241483077 1000000000
510093039 1000000000
381650555 549579984
834987578 1000000000
738596781 1000000000
187651091 771875550
83827294 139956032
511582239 1000000000
343001226 919217539
626684307 804994419
587032184 734194998
435141050 551406077
107399573 1000000000
441406519 1000000000
973164231 1000000000
352499282 546629851
372056005 756831176
425413053 958588965
46178654 53532048
961063822 1000000000
998897731 1000000000
241671410 750358480
34834642 913993486
755354867 921872450
678483083 1000000000
140477578 559857624
986484557 1000000000
767538752 1000000000
948283369 1000000000
804918666 1000000000
672346782 1000000000
17106339 176649691
507580799 1000000000
837790904 973061734
76050639 946119489
833035461 1000000000
336151261 575877911
391131197 1000000000
181658459 714843637
326955766 820621885
469649175 589465800
