1000
95959 96007
90922 90954
48990 49022
56749 56781
67691 67773
443 535
9612 9628
94166 94240
71206 71282
18382 18400
17517 17564
61771 61860
41094 41108
93358 93401
98922 99020
46600 46652
94506 94566
30714 30791
90613 90690
82650 82658
53718 53745
27258 27294
5174 5238
77138 77216
19323 19417
2917 2997
79435 79465
3766 3811
42769 42859
16331 16339
51105 51112
39582 39621
99556 99587
88170 88267
57552 57652
52759 52765
49840 49929
16054 16135
9964 9997
3468 3541
45940 46030
82669 82747
41014 41097
83286 83384
47670 47704
4658 4691
20146 20170
9507 9544
50633 50698
37957 38023
48810 48864
67111 67174
91920 92015
14676 14690
4150 4213
28841 28939
72309 72369
51773 51796
1049 1076
34583 34683
23857 23870
41154 41165
97536 97567
52678 52741
10314 10329
70320 70379
33034 33056
74053 74059
18942 18966
38183 38238
1666 1729
79726 79808
94093 94134
84772 84839
58074 58100
95114 95135
9841 9864
73479 73489
52679 52698
29625 29629
72178 72229
65247 65322
22908 22940
3333 3424
31273 31310
81836 81888
72764 72824
99545 99596
13287 13314
45707 45714
18037 18136
51166 51189
92225 92237
7080 7131
9712 9811
68906 68931
4184 4217
78978 79056
63739 63787
73699 73778
62747 62841
30685 30705
71276 71310
23610 23631
1095 1149
2306 2384
16532 16563
2593 2607
37242 37246
51173 51270
6526 6605
99371 99375
21253 21328
3007 3049
17372 17455
38099 38133
6997 7047
84977 84985
89151 89241
64959 64964
70012 70111
95369 95465
72165 72201
72164 72234
74662 74674
50453 50526
30640 30706
37332 37353
96898 96941
14288 14321
63416 63494
34790 34816
60700 60724
92876 92932
15904 15928
96210 96227
80700 80793
38256 38285
25606 25659
64439 64515
91095 91115
28860 28939
80404 80487
84539 84625
19819 19884
51975 52015
31317 31350
65305 65306
75633 75712
65612 65630
85761 85773
4364 4384
31410 31419
66040 66103
7191 7214
49706 49710
94609 94635
43736 43830
94406 94470
70734 70736
72479 72519
82878 82916
38487 38553
23059 23114
63514 63521
99715 99749
22349 22376
90430 90524
36609 36639
58203 58285
48527 48583
23783 23823
70169 70200
40529 40604
43974 43983
73702 73761
30580 30670
16953 16959
18749 18772
99500 99529
29463 29497
47933 47985
76952 76971
5470 5567
38104 38176
27674 27766
80508 80572
13920 14007
33270 33298
5234 5312
37264 37280
41530 41571
94119 94186
73784 73790
70296 70389
33472 33552
10667 10717
35193 35208
88727 88757
54979 55004
26535 26602
67660 67744
68083 68182
75226 75253
51032 51045
49595 49654
49603 49625
83052 83139
75376 75377
24796 24812
89819 89821
50370 50403
97391 97459
86956 86968
85562 85636
83974 84054
20486 20578
98239 98251
61773 61843
3376 3467
50897 50979
38656 38701
32907 32953
71288 71297
19836 19935
82537 82632
54492 54569
73544 73630
98936 98974
72144 72225
93000 93005
31356 31392
37447 37509
20761 20775
22234 22325
95045 95122
25651 25743
2244 2248
27229 27280
52859 52956
6428 6491
2101 2138
90717 90766
32847 32875
60782 60812
63328 63425
54199 54284
29205 29263
31284 31307
37250 37303
89910 89962
98591 98612
38223 38227
16421 16495
16751 16844
18518 18596
5187 5227
24151 24208
46704 46714
80945 81031
74547 74596
83998 84022
88034 88117
22400 22429
98406 98485
6133 6215
25225 25271
89121 89139
19683 19749
43846 43870
35975 36071
62676 62761
51152 51153
47364 47452
44239 44254
79837 79853
60406 60429
17423 17439
86142 86154
48561 48567
32013 32077
55633 55656
46192 46198
18081 18159
93529 93593
38538 38571
41240 41291
79861 79912
29963 29971
90928 91014
30857 30895
92078 92178
47697 47717
79829 79927
50366 50403
17534 17538
92907 92933
6943 7028
73765 73804
51005 51017
6352 6397
43307 43404
41149 41165
59756 59796
11680 11770
13226 13277
62988 63038
42912 42932
61916 61968
78433 78452
58641 58655
29247 29306
81071 81106
27059 27130
50059 50131
33832 33855
40522 40524
45012 45065
914 916
74979 74985
73508 73521
38435 38523
7150 7197
97168 97215
62473 62495
62699 62736
12877 12917
98680 98740
13812 13856
16374 16466
14832 14833
35101 35156
74442 74518
97207 97242
50466 50525
20132 20167
45945 45971
8622 8635
19321 19333
54171 54224
52170 52222
97021 97048
89359 89364
70189 70224
18570 18633
46175 46239
44103 44111
23616 23678
80196 80198
8708 8794
50444 50534
26717 26767
85046 85135
41369 41448
42553 42636
47835 47921
47406 47467
51529 51620
87094 87154
33821 33848
88636 88702
95559 95618
57200 57268
77323 77400
46703 46734
22697 22783
21988 22004
93053 93070
19268 19289
78463 78544
4207 4241
68210 68288
71503 71579
74201 74273
54303 54320
56721 56775
25764 25821
28564 28641
51471 51502
34471 34484
97865 97893
97579 97610
81704 81708
52693 52721
96337 96345
76336 76407
32916 32919
69844 69853
55549 55580
44890 44969
5343 5369
48046 48145
69125 69188
48752 48812
74479 74571
16192 16272
75981 76004
82697 82726
92342 92358
35161 35201
67124 67153
71134 71141
24610 24694
22771 22775
80877 80934
89664 89671
78034 78084
21409 21451
25413 25450
8513 8581
36864 36906
8795 8832
10074 10108
4825 4856
81415 81437
30523 30531
45837 45898
20533 20599
45813 45843
91694 91704
62400 62480
6147 6149
52435 52532
64985 65057
59603 59625
36841 36912
78646 78737
57962 57980
34214 34278
37605 37639
19868 19941
85585 85589
26529 26532
63420 63487
45878 45925
21159 21211
3463 3505
5882 5970
37603 37679
49177 49234
84132 84195
78666 78749
29626 29691
30672 30767
27089 27148
483 524
40860 40931
56121 56141
54141 54164
60761 60847
88337 88371
89385 89464
94120 94176
18499 18518
29298 29363
10262 10335
63628 63717
30691 30720
70895 70959
90966 90983
61332 61427
9782 9880
3120 3155
11489 11533
88967 89065
76713 76776
62606 62698
59215 59282
85290 85310
45983 46057
78812 78852
6470 6502
6693 6781
3660 3737
32381 32474
74790 74800
48614 48628
84729 84733
25507 25587
87882 87889
74863 74917
35780 35870
7298 7362
75671 75696
76555 76596
91674 91693
99101 99157
48189 48286
41817 41818
33671 33674
98419 98499
39860 39889
85015 85029
73310 73366
45225 45230
39792 39835
85645 85741
77313 77344
18995 19092
11928 11985
65860 65917
50795 50842
39924 39991
46984 47072
49951 50000
58919 58935
78549 78582
45719 45772
9401 9434
89408 89422
29391 29443
31112 31172
17603 17698
41760 41791
96372 96420
27325 27363
82866 82871
90205 90303
41614 41635
45967 46034
58311 58356
40272 40321
74263 74278
321 380
31374 31405
93927 93974
42671 42712
69554 69620
42107 42145
72964 73008
59435 59454
43165 43167
77040 77100
67576 67659
27195 27293
137 213
88452 88469
55258 55283
33864 33954
19871 19927
58487 58510
28600 28617
54286 54341
93585 93668
62794 62801
73160 73180
80052 80088
92686 92784
39303 39379
26490 26570
1219 1249
51314 51363
30979 31005
7604 7659
83754 83796
28378 28382
5229 5235
55696 55754
3189 3226
65138 65182
12469 12471
40142 40174
10581 10602
41701 41784
2542 2552
60391 60471
98277 98362
74116 74213
61702 61800
28929 28967
76626 76709
5511 5597
40136 40160
95674 95697
20524 20547
16996 17053
98682 98722
31596 31666
95661 95722
8443 8449
12577 12650
97543 97558
24268 24301
64646 64731
57871 57910
44181 44266
88172 88207
46465 46486
35318 35389
55591 55603
73162 73218
19566 19661
9890 9908
11199 11272
23855 23896
87247 87336
89480 89506
40790 40806
91450 91548
74494 74587
93084 93146
57131 57218
55374 55392
75199 75290
54792 54799
55151 55204
85228 85254
67129 67148
6256 6336
11009 11022
12849 12922
62200 62238
29090 29138
91220 91229
12246 12275
3841 3935
18181 18210
59575 59583
48760 48836
72258 72352
18076 18097
63714 63743
62799 62838
37869 37951
80465 80534
65487 65540
16748 16761
71882 71969
13088 13116
57127 57184
80795 80842
39707 39719
49151 49210
22073 22120
18558 18604
67139 67173
88297 88365
82623 82664
87565 87646
27751 27764
31377 31381
50678 50706
75063 75158
28234 28293
75705 75725
34015 34027
31476 31501
97946 97958
77322 77378
84802 84818
32595 32611
67733 67777
97268 97348
2340 2414
59821 59858
88181 88257
77768 77806
90545 90625
50912 50997
67890 67953
36594 36677
3757 3777
87734 87770
12432 12435
86035 86133
27311 27331
72525 72546
78336 78353
43939 44009
30368 30429
8888 8962
47921 47954
39568 39637
3836 3887
39224 39312
24190 24263
69657 69707
72587 72671
7863 7898
66712 66721
18078 18148
12630 12718
80223 80323
31698 31796
53059 53115
7227 7309
94467 94493
56367 56427
39033 39067
41595 41691
52497 52573
99886 99890
9856 9858
94396 94404
17161 17178
53188 53266
97793 97866
53046 53096
14744 14811
80735 80801
13662 13723
57234 57316
43414 43514
82562 82587
73957 73972
48424 48513
30063 30132
79729 79736
82699 82761
91389 91393
53443 53454
82329 82422
85744 85834
55597 55657
24554 24567
13218 13284
90434 90500
69510 69568
38944 39000
29437 29461
70013 70072
91468 91515
40946 40997
31387 31408
46161 46209
1115 1164
38696 38697
79577 79592
2428 2475
63117 63205
21743 21792
57435 57522
65261 65278
32526 32597
34430 34481
27118 27185
67953 67971
46407 46505
58775 58776
33620 33667
90095 90190
49483 49580
30900 30990
82787 82849
84632 84642
86993 87041
69387 69455
39731 39802
96792 96806
77646 77721
59046 59113
928 963
12383 12408
24773 24839
40273 40360
37564 37662
81760 81835
616 694
59898 59930
913 1008
35207 35258
96342 96432
48875 48945
87202 87270
98023 98087
26048 26118
39151 39239
18082 18182
5833 5889
17991 18067
44551 44600
64992 65081
67363 67393
47718 47742
5048 5129
16423 16461
2180 2217
48770 48823
53723 53744
84468 84555
19621 19719
15542 15569
79844 79918
51356 51367
59488 59578
1301 1386
20299 20316
46535 46567
72676 72753
34822 34904
76295 76333
31383 31483
68887 68924
97576 97585
1747 1751
72303 72373
91626 91693
22811 22864
25220 25230
53384 53387
83907 83913
62003 62028
60139 60156
59382 59436
19230 19286
13669 13700
92260 92296
48515 48585
22921 23000
81651 81675
26732 26809
82394 82456
58192 58198
61657 61744
25773 25802
17598 17654
11849 11877
870 884
87053 87125
85717 85779
43147 43203
19987 20030
74273 74363
68334 68384
49460 49497
51552 51649
77364 77383
25259 25303
87279 87362
65322 65374
52944 53014
23994 24031
60654 60731
24692 24757
61612 61646
31963 31999
62371 62373
77422 77469
20313 20343
96602 96687
16715 16798
51256 51312
36993 37008
72921 72933
69444 69510
5015 5027
886 978
26682 26748
72408 72460
94603 94664
16970 17024
61047 61109
57711 57731
87475 87502
6139 6151
44341 44422
50226 50287
68226 68227
9594 9647
84050 84061
73915 73976
2446 2494
84910 84981
25473 25487
33336 33399
95083 95120
88512 88585
55304 55310
83213 83292
43292 43371
82569 82656
68568 68647
88067 88138
26921 26933
35098 35116
14047 14080
97596 97684
43780 43879
3138 3172
38030 38111
33406 33472
5667 5677
18216 18308
48649 48682
25250 25324
74891 74982
26705 26737
70547 70548
59251 59266
51553 51628
29726 29810
23778 23798
77596 77601
86977 87032
1563 1564
4717 4763
75681 75770
95629 95689
86131 86151
80429 80514
85191 85278
37715 37743
35710 35806
26827 26898
85325 85380
60773 60821
26967 27066
9156 9204
22158 22256
49711 49776
8679 8704
47837 47895
23341 23439
89662 89699
95997 96074
1898 1937
14233 14246
95938 96008
43801 43816
56620 56655
50118 50214
65538 65611
74676 74721
82359 82410
79241 79256
6963 7037
58833 58865
7988 8006
5836 5894
90454 90527
42613 42708
20673 20691
33678 33695
99028 99081
68121 68164
11194 11265
57879 57943
46758 46847
4923 4953
95677 95728
77593 77629
91797 91870
23217 23285
90471 90494
35295 35395
94262 94265
30441 30475
25956 26004
48351 48413
56493 56566
74358 74419
66160 66209
9469 9563
54102 54160
33390 33420
88499 88548
9062 9134
73985 74061
81141 81210
73789 73862
2584 2591
14875 14925
2723 2767
93922 94001
22768 22796
93422 93430
82761 82804
45437 45452
32663 32702
48631 48692
57911 58011
29857 29910
87305 87396
9966 9970
52428 52497
49349 49443
63153 63181
88391 88460
91824 91914
44943 44993
20546 20575
80188 80288
9191 9215
3860 3944
48311 48381
88355 88360
85236 85239
81888 81949
14099 14111
7188 7228
70888 70949
68524 68591
74362 74444
7129 7210
71499 71580
41548 41642
97572 97654
2751 2804
30758 30805
84000 84040
