0
32
32
6
29
92
0
54
76
18
47
60
11
43
98
52
60
24
65
0
27
1
64
78
84
80
30
34
90
8
7
0
0
97
100
6
89
81
33
36
90
78
83
92
34
33
3
0
65
66
28
63
95
14
63
98
0
23
27
100
0
0
31
63
0
0
22
0
24
55
63
82
41
67
26
13
0
10
0
4
0
75
32
91
37
52
60
51
27
7
69
23
12
51
99
7
4
78
44
79
80
0
28
21
54
78
31
14
4
81
79
4
75
42
83
22
10
4
90
5
99
96
0
9
12
0
36
21
43
33
69
26
0
56
24
17
93
29
53
76
20
0
83
70
65
40
33
0
79
18
0
20
0
63
0
4
0
94
64
2
40
38
30
55
7
34
27
94
0
82
0
25
31
75
0
0
90
6
23
29
34
31
19
97
43
92
38
87
28
74
0
41
52
0
93
80
50
7
30
25
32
84
99
0
13
59
0
87
1
0
2
0
68
12
74
80
92
12
0
43
82
45
46
0
51
95
77
86
0
81
5
36
62
14
69
77
84
4
0
97
63
37
49
28
0
97
60
58
0
53
52
21
0
29
46
78
0
57
0
86
9
0
83
29
79
82
41
18
30
0
96
63
1
88
0
0
0
0
3
0
64
0
0
11
64
18
51
0
8
60
38
100
13
98
37
0
1
85
26
12
45
33
16
40
90
0
50
20
52
19
14
43
35
64
72
7
2
53
0
3
13
88
0
47
15
0
0
60
44
92
1
40
74
27
0
35
0
13
12
53
52
27
5
24
29
30
8
47
0
86
90
19
89
79
83
86
15
91
29
27
66
59
50
22
31
86
16
17
3
81
24
78
0
60
0
54
57
77
31
3
27
0
4
0
8
71
0
9
31
79
26
99
63
60
53
80
23
0
16
40
0
7
84
0
57
0
50
42
37
68
0
37
34
31
22
8
55
21
30
10
80
0
35
72
22
71
91
0
64
0
6
0
0
0
27
52
38
76
17
24
63
12
62
61
18
0
71
20
4
86
6
79
0
19
57
73
89
0
10
0
95
69
35
44
98
63
92
67
20
23
40
11
88
77
93
10
14
4
80
7
54
64
53
0
41
0
56
97
1
3
14
29
14
56
5
33
96
31
97
57
57
47
67
88
49
16
33
53
33
0
52
60
44
7
0
32
5
98
0
4
45
49
5
59
13
0
4
52
38
44
18
0
60
83
98
76
9
25
90
0
23
0
55
75
0
20
36
98
67
80
30
49
15
55
42
4
0
58
37
44
2
14
21
83
10
80
85
97
56
28
83
30
24
0
0
29
0
70
33
6
73
0
33
85
39
85
0
0
0
12
38
95
18
7
41
66
26
16
98
16
62
34
18
91
7
53
0
0
80
13
73
38
48
9
29
48
28
5
24
94
0
26
0
82
20
53
0
87
28
57
41
12
59
47
8
0
68
8
81
0
0
8
95
59
0
12
18
12
34
0
14
4
80
30
37
0
38
80
18
63
83
20
36
3
98
20
21
17
70
61
74
33
69
51
73
55
50
84
35
9
12
68
35
98
19
81
23
60
34
49
41
4
0
8
17
78
73
50
67
8
61
48
100
0
0
89
69
0
14
4
11
93
55
54
13
66
0
58
56
18
0
0
51
0
48
15
0
15
47
88
49
87
0
71
51
37
18
98
1
47
95
83
90
45
10
9
68
71
14
75
67
0
25
66
39
98
75
78
32
30
50
87
70
68
64
70
88
23
56
76
49
24
30
24
81
0
37
0
0
87
58
27
0
4
90
85
17
32
77
82
38
78
37
0
4
21
67
53
10
3
6
25
17
54
56
0
36
70
60
24
42
34
6
87
0
56
28
14
72
38
56
43
85
50
37
29
0
0
26
52
58
37
77
63
34
36
2
47
27
85
83
42
15
12
55
12
92
66
52
61
54
62
20
27
0
81
61
0
53
7
61
19
71
14
63
0
37
6
79
79
24
56
21
12
18
33
30
49
17
81
52
10
92
0
53
65
0
1
0
0
84
20
0
55
1
46
58
60
18
27
87
28
96
71
55
0
99
48
98
65
25
0
98
37
66
39
13
70
0
35
83
71
45
0
15
9
32
18
5
3
72
18
17
53
0
71
33
89
30
6
36
73
68
0
100
3
34
48
32
73
56
49
94
58
21
49
72
76
69
58
7
50
44
79
13
8
43
15
39
61
68
53
34
0
69
94
0
69
44
24
0
100
11
9
70
0
0
61
12
18
61
67
25
79
81
71
82
37
14
0
