1000
6900 6978
1416 1477
9662 9758
1449 1490
8363 8456
2788 2824
5888 5963
9126 9159
6983 7062
9907 9989
4847 4915
8793 8870
326 409
1429 1462
696 738
6571 6630
1024 1088
693 751
1559 1646
5100 5168
6442 6531
7627 7650
4945 4949
628 694
1295 1336
2144 2218
551 562
1003 1017
189 203
4709 4775
5085 5166
4934 4965
2627 2661
154 230
9507 9599
9013 9058
7122 7172
5606 5661
3318 3363
9166 9241
5525 5604
9068 9137
5634 5645
7234 7314
6349 6433
2522 2547
924 926
7591 7611
1366 1372
6994 7000
1016 1047
591 601
631 654
3649 3735
2104 2168
5761 5813
6309 6354
7213 7286
3535 3622
2966 3054
9980 10035
4686 4692
1029 1030
4312 4403
7468 7537
1930 1976
4169 4217
4834 4924
5671 5694
9427 9448
2616 2649
4175 4214
2922 2937
5829 5873
4130 4134
294 324
3022 3064
9085 9155
418 475
2598 2615
2924 2989
4876 4908
110 201
3134 3150
4191 4260
6315 6363
8569 8595
1478 1521
9937 10008
6358 6402
4328 4405
5650 5732
7211 7239
642 654
283 305
8610 8646
6644 6720
7584 7607
7045 7059
105 196
4789 4836
3405 3476
7692 7713
2743 2800
5105 5157
4118 4126
6022 6069
4027 4029
3776 3865
9668 9750
723 809
7760 7810
4351 4355
8184 8224
3157 3165
5578 5581
9451 9524
7545 7614
2472 2544
4942 4955
601 644
7149 7210
4049 4101
2862 2912
4190 4194
2664 2752
8139 8155
7285 7327
3620 3710
6046 6118
647 730
579 611
9527 9622
2806 2894
4528 4542
9735 9796
9621 9663
6407 6507
7483 7542
8618 8718
4531 4630
6683 6744
163 256
2164 2181
7536 7561
6650 6734
8653 8715
7364 7434
625 635
6596 6632
666 745
9083 9101
1819 1863
9260 9285
556 597
3774 3806
5572 5601
3016 3076
1773 1814
7423 7488
4504 4556
5555 5613
1371 1455
2679 2707
7090 7146
4111 4156
4275 4283
3059 3122
6034 6071
6532 6570
6176 6189
3483 3542
5497 5553
1201 1241
1318 1416
3658 3726
9346 9365
2568 2627
7310 7400
2275 2330
3363 3381
206 275
1041 1137
3421 3432
5371 5456
8441 8491
4750 4767
7654 7660
5799 5886
9550 9648
2768 2843
8953 8986
8575 8638
7282 7308
7039 7049
4345 4426
5775 5837
632 726
9305 9307
838 882
6759 6807
6675 6750
2388 2413
1604 1656
8373 8412
408 429
8597 8673
2441 2452
6538 6579
5755 5828
5383 5384
5394 5482
3550 3616
9989 9990
4814 4843
5358 5390
6712 6767
7780 7841
8120 8196
5553 5598
914 922
3154 3163
2078 2110
8916 8995
5301 5391
2041 2127
2903 2917
586 669
4571 4648
9807 9854
7711 7768
7974 8055
5993 6075
4689 4715
3911 3957
7123 7198
5339 5375
7969 8041
3689 3745
5117 5166
7598 7680
8239 8321
1287 1376
7667 7671
7571 7609
1733 1791
5878 5951
7092 7103
6111 6194
2942 2976
47 138
288 344
1374 1398
8316 8366
3426 3431
6676 6701
8006 8061
1469 1501
9176 9194
6213 6309
8017 8035
8455 8514
646 653
3817 3838
1320 1380
5850 5920
3707 3745
7246 7296
9410 9434
792 849
6126 6202
1406 1461
7560 7591
2279 2353
2428 2470
9395 9439
3862 3939
5017 5023
8459 8545
8649 8714
995 1083
9515 9549
6879 6950
4721 4770
9747 9786
8970 9007
7527 7550
6050 6114
8866 8926
3084 3150
6892 6948
4666 4687
4490 4529
6507 6516
5414 5511
8350 8419
5318 5373
7260 7281
8838 8930
3264 3360
8387 8449
4582 4655
1209 1210
2099 2176
2059 2096
5639 5669
9600 9698
6549 6625
8852 8925
4011 4039
9829 9926
1273 1340
2152 2237
6913 6926
677 744
6693 6774
5945 6038
2317 2378
5198 5236
1739 1759
6362 6429
1765 1796
6112 6133
2645 2708
3602 3660
9784 9822
4966 4980
4238 4295
2127 2168
438 502
2601 2679
8868 8887
2798 2884
6590 6654
8568 8621
7785 7803
5961 6019
7018 7072
9569 9631
3852 3929
7473 7560
5919 5946
7332 7371
6705 6787
3627 3666
4019 4075
2159 2170
1451 1459
1070 1139
699 721
9194 9247
8266 8295
7085 7136
4580 4640
7578 7582
8684 8758
9534 9544
7538 7590
6835 6915
257 265
5305 5307
6927 6955
3855 3924
1880 1947
6115 6196
6604 6609
5954 6049
4584 4626
4536 4581
8808 8820
9122 9132
6717 6727
3110 3119
5882 5967
1585 1655
4556 4633
9244 9258
5292 5343
6752 6789
5182 5269
9802 9865
6804 6891
5079 5133
1108 1146
9171 9206
3549 3610
2305 2324
668 681
2175 2226
2090 2132
7635 7711
5980 6062
616 714
7558 7648
3414 3503
7098 7173
8990 8992
1119 1123
158 236
3645 3689
3293 3321
336 430
8698 8789
7541 7570
5840 5917
1382 1420
3801 3870
5727 5803
2157 2214
1381 1406
2397 2448
6791 6799
5320 5395
9964 10000
9374 9402
1928 1964
7772 7866
4315 4400
6734 6791
6878 6968
2915 2946
5762 5834
9684 9750
6808 6851
2027 2092
1056 1083
575 606
3080 3086
4854 4932
4617 4645
2877 2954
3220 3275
1602 1683
6128 6153
6920 6966
9603 9653
7823 7858
4704 4799
7651 7676
2163 2195
6637 6725
6080 6130
8677 8744
9072 9148
8888 8983
343 401
2217 2241
3957 4023
2518 2611
7305 7357
2885 2911
4809 4875
7458 7497
9744 9789
3176 3190
9326 9417
8861 8870
4404 4443
4701 4755
8821 8919
3823 3910
3273 3364
2400 2413
6692 6762
5304 5356
7764 7766
5039 5090
6837 6900
244 270
6454 6531
8238 8304
4848 4932
4174 4201
3185 3279
1914 1974
2294 2304
2318 2362
8022 8028
5248 5263
1086 1170
543 562
8998 9096
9642 9709
2979 3029
3076 3082
5398 5475
3850 3903
5097 5102
8580 8652
9734 9768
1862 1864
2346 2355
869 926
2254 2280
9408 9431
7486 7568
5388 5420
4956 4973
8805 8872
6993 6995
8726 8801
4940 4945
7430 7477
5551 5562
4426 4505
9118 9173
5924 5942
241 330
5680 5684
960 989
9055 9128
2464 2492
6805 6809
5062 5156
2094 2161
2036 2046
7477 7517
8462 8468
8593 8628
7945 7959
1802 1867
905 948
2295 2394
724 735
1214 1284
6388 6425
83 91
5753 5758
4165 4200
2261 2264
9891 9933
6766 6866
1637 1658
7169 7176
4398 4456
2805 2870
1434 1481
2787 2841
7595 7691
8222 8303
9706 9709
9819 9892
2573 2602
7844 7883
6250 6342
4045 4089
1428 1430
8055 8089
1057 1154
4931 5024
6869 6878
314 390
3866 3926
9958 9977
5904 5945
5947 5983
2646 2649
9623 9650
3899 3983
3779 3796
4601 4606
6439 6453
876 912
2559 2624
3406 3452
8227 8245
7783 7872
944 1003
5007 5065
5715 5780
4418 4435
4124 4153
6751 6843
5689 5696
9521 9564
1267 1342
2758 2801
5354 5382
2308 2396
973 992
2239 2307
6707 6807
9208 9251
6199 6226
2858 2933
9014 9084
5462 5483
3438 3439
9991 10049
4347 4394
3912 3945
5500 5514
7576 7606
7316 7400
7830 7919
2790 2832
8989 9079
8757 8814
3655 3721
3121 3153
7594 7670
1037 1086
9594 9647
4593 4612
368 414
6418 6469
7376 7401
4491 4576
3027 3057
9884 9916
1706 1730
8601 8699
463 525
7758 7792
682 743
7931 8012
9652 9735
1461 1499
1141 1153
4164 4208
7126 7156
702 742
9259 9276
6606 6653
9268 9271
273 328
4603 4644
6626 6720
8065 8119
2953 3021
7938 8002
304 341
7808 7862
834 901
7605 7684
5395 5431
8392 8483
6725 6759
119 164
7834 7860
8869 8910
4538 4539
6286 6379
7930 7994
6240 6267
5253 5310
461 519
4220 4320
4482 4552
597 616
7272 7314
475 533
6198 6254
5907 5961
8500 8530
5752 5807
2501 2576
766 828
9483 9537
1314 1340
6874 6903
2126 2213
1153 1213
9644 9728
6490 6561
1786 1811
6246 6322
4951 4996
8844 8900
7333 7348
6173 6250
7726 7763
2338 2385
184 233
3703 3754
9115 9146
8887 8942
9544 9587
852 889
8842 8860
3647 3656
4716 4797
6327 6417
3096 3102
4656 4718
1219 1309
7248 7339
1017 1021
7532 7587
4090 4132
9753 9823
5224 5245
5333 5380
7913 7950
630 705
8494 8541
3830 3871
5465 5513
5350 5413
2271 2338
8336 8359
6856 6890
3063 3103
2541 2639
948 983
4819 4891
9392 9461
4568 4644
3522 3563
4925 5020
303 349
3585 3662
7966 8035
9800 9871
4168 4219
8997 9015
9127 9201
4958 4981
3392 3400
716 739
9945 9968
9293 9358
6095 6183
8548 8561
5541 5564
1092 1183
6165 6188
4564 4570
8013 8048
279 318
8215 8309
2189 2203
660 720
594 644
9491 9582
6688 6713
3508 3586
3258 3294
5420 5511
4225 4258
4247 4346
3785 3833
6674 6726
480 504
1172 1266
2467 2566
5288 5387
2638 2643
1678 1759
3352 3375
4318 4400
1207 1291
6898 6917
6555 6641
7086 7116
139 186
4093 4101
4227 4295
9296 9392
6185 6187
5195 5197
3169 3210
8878 8977
4830 4875
4330 4409
7421 7486
1797 1862
13 104
6261 6266
1011 1063
3480 3503
2184 2201
6847 6874
4217 4235
2205 2249
5909 5967
1400 1417
3001 3032
3659 3688
9703 9763
1865 1964
1105 1185
6024 6053
6183 6283
1748 1846
7514 7590
746 834
4188 4258
1422 1435
7854 7859
880 912
1943 2037
6639 6714
4469 4563
1097 1170
7025 7044
5186 5254
824 898
4392 4444
7768 7862
6430 6465
1332 1391
999 1097
77 175
8093 8119
5563 5652
5094 5127
7235 7300
1981 2001
3958 3964
9882 9960
3145 3219
5867 5960
455 488
4430 4477
8661 8735
4421 4438
849 930
1875 1961
4824 4906
5362 5372
2898 2975
8659 8711
4742 4796
2437 2510
5326 5411
7396 7403
9153 9179
7774 7797
4643 4694
6412 6426
8609 8656
3608 3610
6896 6953
7681 7769
3648 3679
5505 5569
5485 5544
7927 8025
4567 4623
4753 4765
8663 8761
2606 2698
1243 1313
4438 4465
3314 3400
7707 7711
4008 4029
4372 4422
9885 9941
9562 9589
2752 2780
9369 9389
2869 2933
5508 5544
6313 6391
1085 1121
9333 9371
4216 4306
2766 2811
409 451
1007 1029
4572 4585
953 1050
5148 5171
3422 3495
3353 3453
8002 8004
2373 2421
7818 7824
6687 6755
2359 2448
9868 9934
1856 1877
7328 7370
7237 7262
5152 5220
8605 8682
5425 5493
488 495
9551 9646
3771 3844
2619 2646
1361 1414
1405 1478
5760 5856
2919 3014
9886 9951
5662 5745
9975 10060
1276 1375
9664 9750
3391 3473
4167 4252
8751 8839
428 516
109 168
6531 6564
2823 2861
6946 7026
9468 9508
6553 6584
8454 8486
5643 5696
1598 1623
2356 2449
4069 4127
2480 2578
9740 9816
5653 5681
5342 5385
7013 7021
7628 7632
7429 7439
9861 9957
7415 7456
2451 2499
4416 4492
1668 1734
6738 6771
149 151
7848 7861
9626 9641
7416 7433
1271 1371
7128 7149
5028 5092
32 124
8144 8185
8788 8815
5951 6004
5813 5902
8943 8989
9557 9604
7845 7882
1334 1430
8576 8622
4893 4903
9400 9474
8657 8700
52 135
344 388
2832 2835
3394 3416
7855 7931
2672 2768
5700 5732
5110 5117
8983 9008
3232 3290
529 541
7965 7986
786 814
3728 3747
3153 3209
6299 6389
6584 6681
3705 3795
5897 5962
2523 2553
6588 6622
3485 3498
7669 7721
7866 7965
1279 1355
5118 5149
6465 6525
5429 5463
27 125
6168 6195
5140 5192
9474 9496
3077 3094
8738 8774
977 1000
2860 2900
4748 4761
9035 9091
3260 3329
1761 1817
4936 4945
7146 7179
3070 3093
777 828
8746 8835
1987 2015
4089 4134
1625 1683
8357 8363
6257 6289
4322 4364
2500 2589
6550 6571
9847 9896
5255 5303
9059 9111
8899 8913
2811 2827
124 187
7168 7173
