1000
963684351 963684352
298122255 298122256
653822003 653822004
949407192 949407193
277838523 277838524
261744667 261744668
862461837 862461838
139175371 139175372
140265076 140265077
715305640 715305641
516914879 516914880
458860940 458860941
610752559 610752560
218548181 218548182
359079328 359079329
337274745 337274746
574291522 574291523
526184013 526184014
278657594 278657595
903374021 903374022
7609288 7609289
292146588 292146589
864817167 864817168
567357914 567357915
863090776 863090777
162910695 162910696
950968092 950968093
122609949 122609950
146747257 146747258
509408333 509408334
570173666 570173667
562331930 562331931
125394485 125394486
536150522 536150523
886157255 886157256
746937291 746937292
407721091 407721092
492771459 492771460
575583815 575583816
519406748 519406749
842366760 842366761
166025195 166025196
154817520 154817521
663706874 663706875
995093758 995093759
714003238 714003239
461181032 461181033
334717278 334717279
771050449 771050450
272371252 272371253
441252933 441252934
53808509 53808510
383330180 383330181
585353106 585353107
230383208 230383209
344059928 344059929
543391156 543391157
620919743 620919744
201577918 201577919
723672844 723672845
739021380 739021381
622173766 622173767
944482346 944482347
788981224 788981225
575173938 575173939
606672184 606672185
755492829 755492830
547389438 547389439
287300426 287300427
897543698 897543699
637679059 637679060
986980959 986980960
395361303 395361304
680593944 680593945
717940434 717940435
698153728 698153729
860241873 860241874
995000507 995000508
664849756 664849757
155554428 155554429
463548481 463548482
641444400 641444401
320710797 320710798
808828619 808828620
34815585 34815586
696258320 696258321
980429345 980429346
598327758 598327759
545636951 545636952
181914402 181914403
417918498 417918499
759541834 759541835
380044914 380044915
354954161 354954162
959295199 959295200
970386358 970386359
796058070 796058071
955702270 955702271
416394028 416394029
596265370 596265371
782893117 782893118
802711099 802711100
106210980 106210981
127723207 127723208
608934316 608934317
289653105 289653106
527939189 527939190
258958217 258958218
615355494 615355495
259205051 259205052
877439544 877439545
335412097 335412098
770927675 770927676
451784921 451784922
541244257 541244258
932195228 932195229
4150572 4150573
70499226 70499227
701632781 701632782
74803132 74803133
709108082 709108083
941528322 941528323
787842450 787842451
871314479 871314480
551148750 551148751
972243112 972243113
243564104 243564105
15499667 15499668
411551685 411551686
626453439 626453440
962433647 962433648
988844653 988844654
792581173 792581174
267343141 267343142
910524639 910524640
188941948 188941949
272629473 272629474
87292800 87292801
523830743 523830744
662612011 662612012
146932680 146932681
788876251 788876252
846942811 846942812
70609479 70609480
90591785 90591786
998427540 998427541
922439730 922439731
577953180 577953181
822260534 822260535
753771456 753771457
405948045 405948046
983472083 983472084
197083172 197083173
617588113 617588114
374915910 374915911
578404312 578404313
674813846 674813847
719351286 719351287
200884615 200884616
822150139 822150140
832876939 832876940
463665825 463665826
824410440 824410441
774573373 774573374
769175934 769175935
528837890 528837891
856782020 856782021
268881133 268881134
431825265 431825266
960191586 960191587
502579964 502579965
692708090 692708091
357882574 357882575
924651345 924651346
143414179 143414180
876629111 876629112
596671095 596671096
115993055 115993056
398595327 398595328
248641517 248641518
189201725 189201726
855112371 855112372
45576864 45576865
377559139 377559140
205736446 205736447
5997983 5997984
143920395 143920396
546555496 546555497
681210881 681210882
360631384 360631385
982901453 982901454
113922439 113922440
157601650 157601651
32015237 32015238
587505852 587505853
645852975 645852976
244575554 244575555
65565638 65565639
781246847 781246848
975383124 975383125
510053501 510053502
184618902 184618903
804253376 804253377
10289436 10289437
869769599 869769600
552092655 552092656
237557171 237557172
949678584 949678585
849448776 849448777
454167188 454167189
507623822 507623823
697625597 697625598
624922795 624922796
869658315 869658316
689271699 689271700
43468388 43468389
136470599 136470600
202782723 202782724
655986437 655986438
200727774 200727775
788766727 788766728
712743573 712743574
698708852 698708853
864361496 864361497
336388341 336388342
619999550 619999551
713031598 713031599
254355513 254355514
134847325 134847326
744802885 744802886
32287055 32287056
893282681 893282682
945160925 945160926
62388741 62388742
389306902 389306903
280609289 280609290
471976430 471976431
126874683 126874684
192253903 192253904
790689909 790689910
230080416 230080417
827593524 827593525
360900008 360900009
288615567 288615568
854158266 854158267
717742712 717742713
819113941 819113942
261812140 261812141
869575793 869575794
859846391 859846392
209102483 209102484
335638233 335638234
377599549 377599550
251515018 251515019
716659666 716659667
993379009 993379010
447632724 447632725
944768476 944768477
15498513 15498514
631363341 631363342
530194720 530194721
956348621 956348622
752403719 752403720
94074699 94074700
899845060 899845061
628172278 628172279
574631631 574631632
189269054 189269055
463704465 463704466
182205076 182205077
353366406 353366407
254576714 254576715
438161880 438161881
106652184 106652185
1381833 1381834
294371871 294371872
571870861 571870862
738936010 738936011
421336347 421336348
396777838 396777839
459187847 459187848
392646062 392646063
580406867 580406868
637458459 637458460
317795672 317795673
445078100 445078101
333667625 333667626
224544786 224544787
112895184 112895185
706406439 706406440
199893876 199893877
962226452 962226453
636036384 636036385
849944905 849944906
216025642 216025643
856521324 856521325
943398176 943398177
663615840 663615841
834332408 834332409
128452820 128452821
345350640 345350641
37177413 37177414
414886980 414886981
235475764 235475765
483097296 483097297
87760449 87760450
842448032 842448033
149207293 149207294
974173503 974173504
144742752 144742753
559471549 559471550
779984682 779984683
494613818 494613819
877741640 877741641
682988943 682988944
157870185 157870186
174354627 174354628
609984603 609984604
389818029 389818030
697919748 697919749
329836976 329836977
929683868 929683869
232763442 232763443
689646794 689646795
889590656 889590657
534685299 534685300
113024608 113024609
701444286 701444287
480841712 480841713
708509228 708509229
492872170 492872171
231726954 231726955
169109215 169109216
473133310 473133311
271174282 271174283
17109096 17109097
541473826 541473827
914766867 914766868
641339116 641339117
312411806 312411807
945702621 945702622
294186256 294186257
376414733 376414734
834732646 834732647
893140383 893140384
158413948 158413949
743384985 743384986
314469658 314469659
916053690 916053691
945805022 945805023
873862525 873862526
95560476 95560477
93160291 93160292
194349784 194349785
57017610 57017611
296517715 296517716
826594384 826594385
69400362 69400363
505102759 505102760
605779911 605779912
99499664 99499665
748172208 748172209
145792187 145792188
60770383 60770384
964679472 964679473
345200287 345200288
931938002 931938003
797470803 797470804
56364352 56364353
611892547 611892548
125912409 125912410
86655506 86655507
611321247 611321248
642530457 642530458
382788216 382788217
373143852 373143853
480367877 480367878
165733060 165733061
307690995 307690996
640308660 640308661
834211070 834211071
681830497 681830498
818754712 818754713
154888439 154888440
7369874 7369875
539003149 539003150
697112593 697112594
779372403 779372404
188292488 188292489
941719905 941719906
462871782 462871783
986760382 986760383
686524575 686524576
315499650 315499651
17593133 17593134
392810085 392810086
603248011 603248012
722131205 722131206
711992254 711992255
406773196 406773197
840558465 840558466
991782313 991782314
860632460 860632461
255989800 255989801
89225840 89225841
741876672 741876673
192079290 192079291
390066729 390066730
15249446 15249447
55537759 55537760
899193543 899193544
519957333 519957334
501110805 501110806
3791897 3791898
656396832 656396833
792562769 792562770
452671940 452671941
210260320 210260321
455795539 455795540
227234521 227234522
975384892 975384893
52060292 52060293
500374237 500374238
197830623 197830624
6934407 6934408
969378304 969378305
874298066 874298067
608702788 608702789
355128165 355128166
464967795 464967796
751595186 751595187
970466723 970466724
760428782 760428783
696121643 696121644
878494870 878494871
752626151 752626152
100966725 100966726
849540931 849540932
224797869 224797870
977906334 977906335
926909642 926909643
325386033 325386034
255867579 255867580
905150341 905150342
663028151 663028152
631651414 631651415
886658939 886658940
199884036 199884037
485060438 485060439
521284438 521284439
714052438 714052439
772998581 772998582
755208204 755208205
901640026 901640027
551717622 551717623
517910612 517910613
256105003 256105004
369466083 369466084
137813462 137813463
875367892 875367893
164649343 164649344
651389252 651389253
625796807 625796808
309315189 309315190
195258055 195258056
639912038 639912039
236136078 236136079
166446096 166446097
242893550 242893551
563750707 563750708
128767550 128767551
579184615 579184616
172488346 172488347
882436616 882436617
58678814 58678815
505407467 505407468
808646840 808646841
449824315 449824316
443866065 443866066
896688595 896688596
628063284 628063285
168369966 168369967
502324201 502324202
707445847 707445848
380695402 380695403
598083422 598083423
8509880 8509881
425156380 425156381
376795897 376795898
587051243 587051244
747852468 747852469
59862970 59862971
371426057 371426058
15345524 15345525
458606510 458606511
809457955 809457956
433852986 433852987
312131319 312131320
18441269 18441270
47056402 47056403
433588523 433588524
226775612 226775613
90714982 90714983
447608357 447608358
134359435 134359436
188959935 188959936
900859221 900859222
385453838 385453839
287929222 287929223
692229537 692229538
883048188 883048189
127589067 127589068
358740945 358740946
634198477 634198478
443211342 443211343
12095649 12095650
189013851 189013852
238159606 238159607
546655763 546655764
849078728 849078729
11345042 11345043
922060713 922060714
594996751 594996752
927464842 927464843
159394670 159394671
587456171 587456172
78813793 78813794
435782432 435782433
181155825 181155826
173729815 173729816
967917113 967917114
859461610 859461611
392022444 392022445
738071921 738071922
579638781 579638782
610459830 610459831
378867174 378867175
116160340 116160341
237927226 237927227
811766761 811766762
701530559 701530560
704494637 704494638
484239057 484239058
251997528 251997529
527129047 527129048
531806738 531806739
94620247 94620248
91040797 91040798
354380078 354380079
644492737 644492738
590877863 590877864
661358947 661358948
756602309 756602310
922820194 922820195
790877566 790877567
806094453 806094454
226475592 226475593
391550021 391550022
93525037 93525038
631226529 631226530
439363652 439363653
418202297 418202298
476252773 476252774
13326272 13326273
667304094 667304095
375939516 375939517
143968292 143968293
490186440 490186441
453577828 453577829
477465332 477465333
567470698 567470699
147435927 147435928
992240379 992240380
746407630 746407631
639780409 639780410
415292773 415292774
137303834 137303835
405273858 405273859
874373239 874373240
668555251 668555252
10087516 10087517
294587982 294587983
265231808 265231809
683554143 683554144
735107595 735107596
414275470 414275471
206141907 206141908
979284190 979284191
678792464 678792465
166537551 166537552
251471832 251471833
67299151 67299152
634469480 634469481
503564535 503564536
369402121 369402122
292119009 292119010
558104375 558104376
540977813 540977814
496822437 496822438
341806867 341806868
815214930 815214931
945035214 945035215
800723715 800723716
677986795 677986796
177283562 177283563
196995532 196995533
857589163 857589164
173755373 173755374
926381134 926381135
82401441 82401442
468354453 468354454
609979699 609979700
901664876 901664877
581445494 581445495
935503622 935503623
780384598 780384599
74017337 74017338
753595297 753595298
753697959 753697960
989335524 989335525
924170443 924170444
657437731 657437732
641394228 641394229
147514137 147514138
316103677 316103678
725544994 725544995
755239642 755239643
595953912 595953913
36989598 36989599
855030969 855030970
408246623 408246624
747317472 747317473
472534131 472534132
355247355 355247356
984908324 984908325
557890080 557890081
218307454 218307455
730632131 730632132
873975891 873975892
382888722 382888723
671761410 671761411
134149822 134149823
284512646 284512647
526363455 526363456
771315310 771315311
426766379 426766380
969324637 969324638
352774948 352774949
269582708 269582709
997132488 997132489
132401870 132401871
929846326 929846327
674459703 674459704
981634572 981634573
815105535 815105536
19609874 19609875
518815206 518815207
596549729 596549730
519324111 519324112
329241001 329241002
792940590 792940591
923140795 923140796
552348297 552348298
391293655 391293656
67019039 67019040
686342529 686342530
977886727 977886728
108466879 108466880
375848045 375848046
299719060 299719061
459816637 459816638
867320461 867320462
75591528 75591529
5004146 5004147
185210233 185210234
526181443 526181444
788955519 788955520
130737724 130737725
802140560 802140561
323959901 323959902
400228127 400228128
716300175 716300176
459106 459107
366360557 366360558
62827792 62827793
376199381 376199382
468446599 468446600
442561506 442561507
802548599 802548600
513443243 513443244
409377213 409377214
15420191 15420192
144411790 144411791
649323722 649323723
585599306 585599307
240352371 240352372
507226248 507226249
585125647 585125648
842450265 842450266
420502451 420502452
658239450 658239451
647398970 647398971
919435761 919435762
344853360 344853361
226048726 226048727
330542855 330542856
849364795 849364796
354647868 354647869
990562431 990562432
739382849 739382850
969399203 969399204
875233654 875233655
57539578 57539579
898487560 898487561
434678967 434678968
479486298 479486299
786810437 786810438
907070192 907070193
442081594 442081595
785985198 785985199
270065522 270065523
892512355 892512356
951181056 951181057
705893339 705893340
672567411 672567412
324434391 324434392
772801785 772801786
885468994 885468995
457538756 457538757
934928042 934928043
50181227 50181228
646028126 646028127
470001207 470001208
688645786 688645787
918874429 918874430
30630873 30630874
413027794 413027795
424490409 424490410
744883658 744883659
69717482 69717483
955807133 955807134
674614472 674614473
502336715 502336716
742515565 742515566
38736844 38736845
646454590 646454591
996703301 996703302
402510291 402510292
316185182 316185183
210771912 210771913
543009212 543009213
718513623 718513624
746954710 746954711
39592657 39592658
900775797 900775798
858732687 858732688
642624427 642624428
857625249 857625250
496296603 496296604
756192665 756192666
307229774 307229775
964527941 964527942
879655142 879655143
207591514 207591515
172302087 172302088
924645863 924645864
259090843 259090844
811196871 811196872
778335689 778335690
263536825 263536826
319416041 319416042
6847902 6847903
82540825 82540826
123071734 123071735
709380007 709380008
266193449 266193450
101928716 101928717
16653320 16653321
63211444 63211445
992737813 992737814
814530562 814530563
119839037 119839038
621236427 621236428
868476154 868476155
962147592 962147593
737345293 737345294
138383389 138383390
42308617 42308618
396365863 396365864
413272321 413272322
378560524 378560525
725716743 725716744
972764892 972764893
743449374 743449375
37466189 37466190
483687960 483687961
592575632 592575633
857428599 857428600
615303893 615303894
729084958 729084959
564624923 564624924
660310135 660310136
608305482 608305483
892056484 892056485
982606328 982606329
396133891 396133892
79923166 79923167
9880096 9880097
869000069 869000070
141408619 141408620
68671436 68671437
685487198 685487199
866403508 866403509
227139331 227139332
918125361 918125362
311892103 311892104
358589704 358589705
755477960 755477961
463677266 463677267
117341805 117341806
134918925 134918926
518151353 518151354
888263295 888263296
193209120 193209121
731466031 731466032
87297931 87297932
991139075 991139076
388970271 388970272
396028537 396028538
315443439 315443440
815109383 815109384
92852656 92852657
862237546 862237547
222450574 222450575
14948668 14948669
991983623 991983624
793023838 793023839
332777546 332777547
821260966 821260967
167851705 167851706
273520302 273520303
809293377 809293378
496243123 496243124
842344163 842344164
271619233 271619234
600775724 600775725
271487433 271487434
191500088 191500089
682679165 682679166
577601231 577601232
842067866 842067867
250704243 250704244
515587946 515587947
690933286 690933287
951557819 951557820
109256918 109256919
887932607 887932608
820926971 820926972
152077090 152077091
497103682 497103683
981078383 981078384
536690913 536690914
167779601 167779602
190983077 190983078
515342249 515342250
220345639 220345640
672235235 672235236
615530259 615530260
151077991 151077992
283253897 283253898
694378299 694378300
909536656 909536657
260559216 260559217
656057857 656057858
605294820 605294821
621556371 621556372
592614604 592614605
422134250 422134251
949853581 949853582
548037614 548037615
499775638 499775639
663390622 663390623
627338024 627338025
219640337 219640338
904673627 904673628
942576573 942576574
198571447 198571448
628014195 628014196
345019452 345019453
621564543 621564544
129319361 129319362
529651416 529651417
182484567 182484568
727023877 727023878
769721601 769721602
538304613 538304614
236753356 236753357
34911603 34911604
76082839 76082840
802415769 802415770
57431785 57431786
999481400 999481401
295564467 295564468
143429438 143429439
694349713 694349714
944733197 944733198
591035624 591035625
678015651 678015652
991680943 991680944
867885846 867885847
662610902 662610903
910498900 910498901
818641364 818641365
505733142 505733143
868390070 868390071
363270679 363270680
466078221 466078222
883754255 883754256
528594572 528594573
252784081 252784082
365972466 365972467
628761687 628761688
390539091 390539092
252395934 252395935
638065244 638065245
461285529 461285530
626555369 626555370
359471418 359471419
160694859 160694860
153151494 153151495
386137302 386137303
725948627 725948628
969292283 969292284
67951099 67951100
813438623 813438624
345448492 345448493
245837905 245837906
775868397 775868398
86518108 86518109
1658541 1658542
215471331 215471332
973488780 973488781
188395452 188395453
219428567 219428568
838741885 838741886
348197635 348197636
553612883 553612884
757480032 757480033
469407854 469407855
757210212 757210213
347469870 347469871
66187054 66187055
239913289 239913290
733836609 733836610
509533144 509533145
314924147 314924148
224189873 224189874
187606475 187606476
765961649 765961650
733648289 733648290
593802590 593802591
40842023 40842024
429330845 429330846
405243649 405243650
355129789 355129790
117047125 117047126
490032125 490032126
775824940 775824941
854827449 854827450
744829315 744829316
116412908 116412909
774028377 774028378
113875235 113875236
383954044 383954045
3150614 3150615
258325050 258325051
833033087 833033088
910336550 910336551
923161534 923161535
274208176 274208177
361144880 361144881
536471360 536471361
395079411 395079412
343651074 343651075
565274390 565274391
360012904 360012905
599565354 599565355
373541409 373541410
28722349 28722350
741151556 741151557
877841800 877841801
996240658 996240659
745183321 745183322
959523323 959523324
622459526 622459527
186780085 186780086
924331087 924331088
762674621 762674622
160895697 160895698
272143692 272143693
