1000
464742750 464742760
983742805 983742815
527923368 527923378
374765178 374765188
50095332 50095342
391810115 391810125
611956569 611956579
665942629 665942639
429278963 429278973
932194676 932194686
195272850 195272860
907530647 907530657
150657686 150657696
56698419 56698429
225191318 225191328
914737254 914737264
136590983 136590993
766023064 766023074
815071711 815071721
701390020 701390030
272013347 272013357
574196679 574196689
86365228 86365238
454462278 454462288
863396218 863396228
188433389 188433399
957122334 957122344
656088533 656088543
628745189 628745199
909483941 909483951
356634866 356634876
890642723 890642733
133591771 133591781
480144590 480144600
550582865 550582875
514106727 514106737
814397179 814397189
726267749 726267759
775450325 775450335
1897264 1897274
999201788 999201798
334454091 334454101
275260692 275260702
301983402 301983412
808211439 808211449
680886272 680886282
953268133 953268143
567502140 567502150
591228786 591228796
203152307 203152317
16012607 16012617
120694742 120694752
241930646 241930656
675089718 675089728
872327892 872327902
998285857 998285867
874424953 874424963
767597943 767597953
703568761 703568771
282893881 282893891
354702640 354702650
406595600 406595610
300444794 300444804
746203519 746203529
419476100 419476110
967722969 967722979
830336591 830336601
190486883 190486893
409375518 409375528
999485217 999485227
388009744 388009754
947221241 947221251
11215409 11215419
432630551 432630561
38698236 38698246
178332318 178332328
184855060 184855070
221042121 221042131
372502500 372502510
409328506 409328516
656221804 656221814
202908350 202908360
615221113 615221123
841583962 841583972
675646551 675646561
747366715 747366725
675060079 675060089
102936825 102936835
618533690 618533700
225848608 225848618
450535516 450535526
659419743 659419753
373093842 373093852
367241276 367241286
332769021 332769031
123722559 123722569
10613493 10613503
506611192 506611202
12196271 12196281
850442099 850442109
62169185 62169195
802284935 802284945
60091466 60091476
386505319 386505329
311718220 311718230
619390992 619391002
446036311 446036321
417550865 417550875
258407755 258407765
466528902 466528912
231235932 231235942
215880202 215880212
197167674 197167684
240680207 240680217
346203120 346203130
557626046 557626056
196418968 196418978
104325082 104325092
297650757 297650767
721274068 721274078
176540838 176540848
671703183 671703193
278971788 278971798
493395020 493395030
974127279 974127289
646541956 646541966
908343370 908343380
781230011 781230021
79218346 79218356
855002583 855002593
979264230 979264240
571995468 571995478
874765504 874765514
484943865 484943875
322759192 322759202
747445315 747445325
580795675 580795685
659742893 659742903
132757480 132757490
691491026 691491036
312664874 312664884
505432319 505432329
470735892 470735902
30895021 30895031
423668157 423668167
193138398 193138408
351933511 351933521
939535903 939535913
436527354 436527364
675256347 675256357
994384323 994384333
94792897 94792907
547657084 547657094
479065673 479065683
385921875 385921885
672452122 672452132
769645748 769645758
658942738 658942748
797182265 797182275
564663043 564663053
27731318 27731328
180377730 180377740
251783821 251783831
149505310 149505320
126397590 126397600
862879802 862879812
175809188 175809198
935645333 935645343
503540767 503540777
978754378 978754388
553554723 553554733
722106637 722106647
86851080 86851090
95860195 95860205
144411386 144411396
759019706 759019716
161223037 161223047
279075029 279075039
845333666 845333676
168497416 168497426
886440944 886440954
422734186 422734196
990817466 990817476
645569440 645569450
11337452 11337462
258579464 258579474
609776069 609776079
535988859 535988869
670005955 670005965
968017644 968017654
38371536 38371546
513875804 513875814
920485030 920485040
583566653 583566663
973022686 973022696
891405877 891405887
570150003 570150013
726652909 726652919
738172246 738172256
612233423 612233433
554500973 554500983
161098075 161098085
561782796 561782806
763245620 763245630
840259816 840259826
82544288 82544298
638650056 638650066
787511453 787511463
455365461 455365471
451848976 451848986
913750357 913750367
815389926 815389936
360111473 360111483
993058204 993058214
320539474 320539484
816701672 816701682
832773067 832773077
244877189 244877199
257667411 257667421
124672904 124672914
961648453 961648463
382390067 382390077
592104986 592104996
499237127 499237137
399952302 399952312
441765620 441765630
856536264 856536274
117452712 117452722
996534373 996534383
601334423 601334433
287961757 287961767
173904362 173904372
526394765 526394775
818069469 818069479
251369514 251369524
146800124 146800134
676554582 676554592
678400341 678400351
640378503 640378513
491527273 491527283
370853378 370853388
55645155 55645165
497801492 497801502
915484865 915484875
623256008 623256018
148749469 148749479
181586852 181586862
973061427 973061437
227689218 227689228
666535370 666535380
359590265 359590275
512294595 512294605
350835163 350835173
649306508 649306518
817782845 817782855
227780789 227780799
104820520 104820530
351027578 351027588
568223952 568223962
903627673 903627683
652052440 652052450
914007561 914007571
532305832 532305842
346372986 346372996
682447670 682447680
568948696 568948706
886609194 886609204
923630918 923630928
837787890 837787900
378709251 378709261
657724471 657724481
498873565 498873575
113115309 113115319
54144916 54144926
640456478 640456488
523685545 523685555
899715533 899715543
131226039 131226049
347307717 347307727
401714377 401714387
622856202 622856212
643866545 643866555
169085362 169085372
627957569 627957579
562932876 562932886
909218691 909218701
954936380 954936390
568263182 568263192
846019338 846019348
209075405 209075415
357967031 357967041
57525740 57525750
381707222 381707232
916075805 916075815
457678271 457678281
881362920 881362930
998069301 998069311
693230362 693230372
998242131 998242141
681499356 681499366
271670437 271670447
220538390 220538400
352397406 352397416
636989909 636989919
726903586 726903596
172034057 172034067
584677260 584677270
18568822 18568832
691860242 691860252
653080845 653080855
37897720 37897730
338272344 338272354
859802292 859802302
984817110 984817120
625886747 625886757
137386903 137386913
98214356 98214366
333189529 333189539
460601306 460601316
546816366 546816376
348695524 348695534
192655295 192655305
755627022 755627032
759553003 759553013
775670333 775670343
221869961 221869971
577620720 577620730
289152279 289152289
723197253 723197263
369459624 369459634
73267479 73267489
399078649 399078659
914098935 914098945
940406586 940406596
889885580 889885590
516583390 516583400
688778223 688778233
254856923 254856933
53196934 53196944
508201501 508201511
78012739 78012749
203612044 203612054
604748238 604748248
108357892 108357902
921307198 921307208
486538837 486538847
587037094 587037104
372616202 372616212
589431177 589431187
807700906 807700916
222348872 222348882
338488719 338488729
304103232 304103242
110358390 110358400
253525070 253525080
362266116 362266126
708818939 708818949
603633772 603633782
578751050 578751060
442645928 442645938
463670875 463670885
456823151 456823161
413404586 413404596
942785766 942785776
471497676 471497686
287123182 287123192
411616157 411616167
299675731 299675741
594938828 594938838
553903952 553903962
365683046 365683056
896809625 896809635
127050521 127050531
882755278 882755288
695864650 695864660
214256320 214256330
281923931 281923941
556931637 556931647
303913960 303913970
510231037 510231047
905935028 905935038
252420781 252420791
59918162 59918172
60909986 60909996
767309674 767309684
962934444 962934454
8552860 8552870
711736707 711736717
504244822 504244832
523606022 523606032
239043554 239043564
533567359 533567369
855850350 855850360
599810629 599810639
568807843 568807853
632705047 632705057
369037953 369037963
56157672 56157682
693911575 693911585
754594304 754594314
367104962 367104972
435027073 435027083
952345134 952345144
918487736 918487746
370681849 370681859
567017176 567017186
580786923 580786933
511984947 511984957
300524662 300524672
356391518 356391528
83680371 83680381
115087685 115087695
913740255 913740265
39899701 39899711
783167992 783168002
808123032 808123042
228270336 228270346
552537473 552537483
16605002 16605012
312373533 312373543
547973716 547973726
352504254 352504264
306350951 306350961
179188924 179188934
867636691 867636701
948813507 948813517
414489931 414489941
80126401 80126411
72613879 72613889
562470891 562470901
38858329 38858339
126686901 126686911
749520909 749520919
634200259 634200269
554294564 554294574
433402709 433402719
442811421 442811431
103997834 103997844
520449408 520449418
606069927 606069937
462214942 462214952
868456449 868456459
312610560 312610570
162516757 162516767
800168798 800168808
837588535 837588545
990509506 990509516
398345718 398345728
213880104 213880114
369377846 369377856
916876562 916876572
517979256 517979266
826403943 826403953
302361707 302361717
187098743 187098753
685274718 685274728
667892500 667892510
139659799 139659809
629433745 629433755
290386797 290386807
112719837 112719847
30219598 30219608
538937706 538937716
612621439 612621449
409857124 409857134
206117189 206117199
750423029 750423039
606044929 606044939
719491750 719491760
905704140 905704150
903374769 903374779
928031110 928031120
75874481 75874491
15662962 15662972
497518283 497518293
667542606 667542616
282642787 282642797
785589296 785589306
48235402 48235412
621276106 621276116
935937616 935937626
87829722 87829732
19189805 19189815
582292666 582292676
610980688 610980698
465368739 465368749
11829721 11829731
979838255 979838265
464796794 464796804
91331988 91331998
403741842 403741852
989173354 989173364
683413018 683413028
194567520 194567530
75700969 75700979
251996801 251996811
782258596 782258606
752042388 752042398
885354791 885354801
17621797 17621807
906290257 906290267
179843188 179843198
269537429 269537439
915879772 915879782
104243166 104243176
665318381 665318391
445054196 445054206
434827460 434827470
411424321 411424331
6771404 6771414
663235237 663235247
660410833 660410843
717226685 717226695
452888699 452888709
308639729 308639739
967042905 967042915
934175288 934175298
641168408 641168418
457215436 457215446
500850239 500850249
332894188 332894198
334721333 334721343
584281546 584281556
571647166 571647176
48272898 48272908
164994772 164994782
163408772 163408782
400594185 400594195
572483755 572483765
486605782 486605792
36746475 36746485
160614591 160614601
806840487 806840497
503759829 503759839
868336887 868336897
99143175 99143185
851819056 851819066
807007455 807007465
961324084 961324094
106684507 106684517
720372414 720372424
6676065 6676075
847501663 847501673
586485778 586485788
27381505 27381515
604354397 604354407
195617906 195617916
649700742 649700752
699528042 699528052
324338194 324338204
438773065 438773075
140683496 140683506
506779762 506779772
406110286 406110296
527059524 527059534
503933143 503933153
988708222 988708232
170555948 170555958
997944707 997944717
844327397 844327407
233365931 233365941
31405884 31405894
221638083 221638093
936695377 936695387
625009272 625009282
445271344 445271354
953624713 953624723
883990766 883990776
29265758 29265768
308995863 308995873
511847037 511847047
186973266 186973276
949386559 949386569
689001273 689001283
275505509 275505519
919905424 919905434
53027185 53027195
743085786 743085796
659182844 659182854
3033201 3033211
733850971 733850981
557383961 557383971
19976059 19976069
368181293 368181303
748329187 748329197
354723151 354723161
959755067 959755077
597497238 597497248
458240386 458240396
491524715 491524725
55079440 55079450
731628556 731628566
8155899 8155909
683289500 683289510
559785936 559785946
781156678 781156688
524989178 524989188
939034988 939034998
827312425 827312435
483424542 483424552
642612925 642612935
663523461 663523471
714812655 714812665
503597928 503597938
251263724 251263734
208067868 208067878
973240269 973240279
39613069 39613079
268271524 268271534
414446533 414446543
676673798 676673808
266488110 266488120
498483188 498483198
173156301 173156311
611979961 611979971
869106269 869106279
502700984 502700994
476975622 476975632
15649267 15649277
78396771 78396781
935980777 935980787
309806333 309806343
997861626 997861636
55339187 55339197
813367965 813367975
294847856 294847866
852479959 852479969
974724523 974724533
135341500 135341510
110725349 110725359
882987482 882987492
281159093 281159103
978950059 978950069
421758874 421758884
403384040 403384050
914580666 914580676
69931587 69931597
830532786 830532796
826795317 826795327
678065272 678065282
58450579 58450589
369585613 369585623
231466257 231466267
715412823 715412833
226902880 226902890
510077487 510077497
465988829 465988839
766166149 766166159
323713404 323713414
785935539 785935549
627956809 627956819
875735530 875735540
395248220 395248230
675483454 675483464
814725521 814725531
405556607 405556617
246677800 246677810
69031141 69031151
898622502 898622512
327798495 327798505
306662563 306662573
956036584 956036594
102578609 102578619
217815206 217815216
886197564 886197574
531585312 531585322
12871133 12871143
694495140 694495150
739665 739675
797575487 797575497
459713249 459713259
17944882 17944892
177565015 177565025
386345878 386345888
22039115 22039125
201722183 201722193
28336874 28336884
403376071 403376081
676590575 676590585
106700259 106700269
834564950 834564960
304730515 304730525
511525874 511525884
256764037 256764047
127668277 127668287
525945609 525945619
714802801 714802811
461083095 461083105
237274504 237274514
980686532 980686542
634854979 634854989
686132767 686132777
677630214 677630224
832249275 832249285
285367250 285367260
979871540 979871550
647199185 647199195
119470322 119470332
866764868 866764878
629805953 629805963
716560533 716560543
912823065 912823075
631810939 631810949
895440983 895440993
887245755 887245765
624394355 624394365
234311225 234311235
862861735 862861745
673768377 673768387
67988435 67988445
327366808 327366818
400167200 400167210
672181530 672181540
515517029 515517039
234136282 234136292
309871539 309871549
128537996 128538006
439624307 439624317
476823527 476823537
412143783 412143793
683346012 683346022
850394828 850394838
462505760 462505770
759213478 759213488
276541802 276541812
245081757 245081767
594386387 594386397
214415138 214415148
371692895 371692905
77287304 77287314
535632859 535632869
287202513 287202523
65643335 65643345
673132300 673132310
498065843 498065853
208188685 208188695
349455475 349455485
665348417 665348427
363384639 363384649
482717901 482717911
206944587 206944597
706500002 706500012
375275272 375275282
802926624 802926634
330058545 330058555
866309674 866309684
56458456 56458466
112649857 112649867
195236380 195236390
726288138 726288148
921535610 921535620
46859290 46859300
120541246 120541256
494819020 494819030
385747336 385747346
337321069 337321079
615316630 615316640
653958456 653958466
764974115 764974125
299303748 299303758
474239148 474239158
109222460 109222470
37432541 37432551
641100195 641100205
358201049 358201059
244443268 244443278
971496109 971496119
910005794 910005804
963344408 963344418
183816921 183816931
214194834 214194844
964181787 964181797
935590892 935590902
123801518 123801528
1955124 1955134
804245343 804245353
644483665 644483675
667735265 667735275
599073381 599073391
86106455 86106465
42231380 42231390
809768572 809768582
613746998 613747008
437597643 437597653
110908904 110908914
331906041 331906051
197830973 197830983
509902177 509902187
348379977 348379987
301486881 301486891
940548921 940548931
708550945 708550955
638144679 638144689
382783157 382783167
879572497 879572507
624320439 624320449
162520122 162520132
536129943 536129953
106254764 106254774
991340414 991340424
10145826 10145836
131875412 131875422
594810999 594811009
567223650 567223660
432391294 432391304
769157301 769157311
214772016 214772026
713791823 713791833
484050410 484050420
650117185 650117195
686846904 686846914
56465175 56465185
907791378 907791388
341034742 341034752
315388884 315388894
688533066 688533076
473096396 473096406
984561750 984561760
159790041 159790051
127172742 127172752
841298046 841298056
662036710 662036720
121268766 121268776
974394171 974394181
667604238 667604248
118322055 118322065
60495682 60495692
54926117 54926127
35175214 35175224
397300375 397300385
89368593 89368603
719274362 719274372
459383529 459383539
128277941 128277951
118178735 118178745
745529043 745529053
109893661 109893671
38560789 38560799
683702865 683702875
514772861 514772871
737030765 737030775
822712 822722
203487934 203487944
262834825 262834835
467347748 467347758
196959978 196959988
239539699 239539709
295660188 295660198
651041537 651041547
365488635 365488645
557908547 557908557
429225710 429225720
219738832 219738842
511795383 511795393
295069234 295069244
692203372 692203382
856727669 856727679
305881829 305881839
277926872 277926882
465315853 465315863
264621614 264621624
884584086 884584096
491421164 491421174
553297298 553297308
3349185 3349195
819457172 819457182
838151375 838151385
953063926 953063936
526489207 526489217
360244879 360244889
950989355 950989365
36983785 36983795
440518123 440518133
61166642 61166652
984483244 984483254
58152638 58152648
292949833 292949843
606376717 606376727
972339707 972339717
979631609 979631619
995634863 995634873
566782598 566782608
158098309 158098319
658738701 658738711
84029594 84029604
911901766 911901776
450251813 450251823
75104549 75104559
167926548 167926558
63247839 63247849
631028130 631028140
292698322 292698332
785508788 785508798
564577012 564577022
108170844 108170854
580056891 580056901
884210610 884210620
563696970 563696980
905869669 905869679
49200623 49200633
174721151 174721161
555504880 555504890
931989889 931989899
422914403 422914413
542252622 542252632
499594277 499594287
649419500 649419510
322281679 322281689
541865687 541865697
692649411 692649421
21294852 21294862
608248247 608248257
676339945 676339955
935873590 935873600
984563354 984563364
179805387 179805397
749030100 749030110
279552622 279552632
22496166 22496176
966277336 966277346
157617535 157617545
403203948 403203958
846901706 846901716
629603234 629603244
485741844 485741854
427213686 427213696
987053306 987053316
247606592 247606602
353845970 353845980
414925687 414925697
843983506 843983516
518404915 518404925
834316880 834316890
185526895 185526905
28391170 28391180
136476533 136476543
644359969 644359979
279888023 279888033
204507084 204507094
509877576 509877586
291270284 291270294
920863388 920863398
890408223 890408233
254210918 254210928
778496858 778496868
345422601 345422611
581003434 581003444
74727456 74727466
639877676 639877686
529588545 529588555
738003564 738003574
238108622 238108632
9093556 9093566
270838692 270838702
215017404 215017414
854382859 854382869
783127123 783127133
92090946 92090956
239615553 239615563
529229338 529229348
36804869 36804879
658653869 658653879
805496669 805496679
590009977 590009987
650036269 650036279
550968878 550968888
10565989 10565999
291654629 291654639
435027430 435027440
201031875 201031885
277661594 277661604
541981232 541981242
102538138 102538148
579946522 579946532
63268305 63268315
292574608 292574618
751492636 751492646
132489705 132489715
101429247 101429257
980763711 980763721
133510516 133510526
737877237 737877247
846256392 846256402
462904704 462904714
916593923 916593933
212518580 212518590
375478367 375478377
779624993 779625003
964732664 964732674
663058117 663058127
115021605 115021615
78506767 78506777
330932058 330932068
917082922 917082932
150239460 150239470
237821288 237821298
621024304 621024314
264625075 264625085
658828385 658828395
19644164 19644174
