200 300
0 1 11 11
1 2 248 248
1 3 228 228
1 4 132 132
3 5 90 90
5 6 80 80
4 7 79 79
3 8 3 3
1 9 140 140
8 10 158 158
3 11 36 36
7 12 243 243
7 13 34 34
5 14 136 136
7 15 132 132
8 16 172 172
0 17 197 197
12 18 160 160
13 19 40 40
4 20 50 50
18 21 145 145
14 22 84 84
7 23 211 211
6 24 147 147
14 25 117 117
17 26 66 66
24 27 96 96
20 28 199 199
21 29 10 10
15 30 64 64
0 31 141 141
18 32 20 20
20 33 57 57
23 34 113 113
1 35 23 23
17 36 18 18
35 37 193 193
28 38 102 102
12 39 20 20
39 40 204 204
13 41 4 4
0 42 182 182
29 43 63 63
6 44 37 37
12 45 190 190
8 46 194 194
11 47 80 80
46 48 131 131
47 49 98 98
32 50 120 120
48 51 180 180
40 52 114 114
13 53 75 75
45 54 135 135
19 55 5 5
21 56 191 191
5 57 72 72
12 58 228 228
58 59 134 134
48 60 81 81
9 61 163 163
8 62 146 146
24 63 100 100
26 64 219 219
4 65 131 131
24 66 122 122
0 67 108 108
36 68 68 68
28 69 95 95
35 70 127 127
13 71 16 16
42 72 98 98
18 73 181 181
13 74 78 78
33 75 7 7
65 76 115 115
65 77 143 143
15 78 86 86
67 79 245 245
10 80 240 240
68 81 205 205
37 82 41 41
26 83 225 225
78 84 152 152
30 85 175 175
22 86 230 230
72 87 87 87
51 88 118 118
10 89 74 74
17 90 93 93
89 91 198 198
68 92 236 236
20 93 110 110
49 94 169 169
34 95 72 72
41 96 240 240
27 97 35 35
71 98 179 179
13 99 52 52
5 100 130 130
62 101 51 51
16 102 194 194
10 103 99 99
20 104 103 103
91 105 143 143
39 106 105 105
71 107 217 217
67 108 30 30
8 109 191 191
48 110 78 78
10 111 141 141
61 112 12 12
45 113 118 118
94 114 238 238
39 115 163 163
46 116 164 164
7 117 212 212
69 118 122 122
52 119 26 26
79 120 30 30
97 121 86 86
118 122 95 95
59 123 137 137
55 124 67 67
75 125 8 8
0 126 208 208
87 127 52 52
122 128 42 42
50 129 132 132
20 130 230 230
50 131 43 43
89 132 54 54
71 133 41 41
38 134 142 142
112 135 156 156
120 136 55 55
109 137 118 118
111 138 244 244
25 139 212 212
124 140 53 53
48 141 66 66
136 142 97 97
54 143 192 192
45 144 55 55
99 145 79 79
121 146 226 226
21 147 218 218
21 148 162 162
2 149 219 219
121 150 115 115
35 151 63 63
9 152 176 176
130 153 209 209
78 154 200 200
131 155 243 243
132 156 216 216
143 157 24 24
145 158 166 166
98 159 129 129
143 160 155 155
27 161 140 140
97 162 44 44
12 163 80 80
85 164 52 52
142 165 57 57
65 166 107 107
114 167 107 107
44 168 174 174
17 169 95 95
166 170 63 63
159 171 99 99
92 172 32 32
51 173 31 31
98 174 35 35
169 175 86 86
137 176 237 237
94 177 132 132
141 178 48 48
176 179 15 15
36 180 223 223
25 181 162 162
1 182 78 78
35 183 143 143
69 184 242 242
178 185 149 149
16 186 2 2
136 187 202 202
146 188 172 172
150 189 167 167
189 190 203 203
159 191 199 199
30 192 179 179
185 193 246 246
155 194 23 23
7 195 230 230
91 196 47 47
16 197 130 130
99 198 208 208
9 199 220 220
167 45 224 224
12 63 15 15
170 159 63 63
133 92 128 128
2 162 173 173
110 158 224 224
165 17 213 213
124 194 154 154
33 94 228 228
51 159 133 133
129 10 168 168
69 151 195 195
6 46 39 39
10 189 117 117
141 139 82 82
97 109 153 153
137 61 10 10
124 59 84 84
20 9 99 99
151 23 54 54
124 62 250 250
133 89 173 173
31 57 252 252
84 64 45 45
151 135 163 163
24 32 146 146
98 45 20 20
135 56 209 209
43 146 20 20
198 185 227 227
37 95 46 46
46 126 116 116
156 122 114 114
186 177 235 235
0 56 243 243
103 133 31 31
97 135 204 204
191 181 72 72
151 94 184 184
69 175 176 176
79 119 204 204
172 14 223 223
127 168 242 242
112 125 115 115
153 150 85 85
20 151 68 68
28 129 12 12
73 14 221 221
106 5 23 23
56 58 110 110
13 159 19 19
143 111 145 145
94 86 28 28
44 46 142 142
181 65 189 189
173 12 62 62
184 98 33 33
66 91 80 80
189 171 143 143
193 162 52 52
122 21 179 179
91 147 188 188
188 197 39 39
153 44 37 37
7 118 167 167
155 150 26 26
29 2 194 194
37 74 242 242
48 170 98 98
91 173 249 249
182 76 34 34
23 160 46 46
140 41 216 216
51 81 20 20
12 44 32 32
43 86 172 172
18 134 215 215
34 6 43 43
83 139 138 138
2 42 237 237
57 157 25 25
193 39 28 28
159 182 126 126
65 159 179 179
152 156 170 170
85 86 187 187
184 108 240 240
46 76 202 202
150 50 11 11
158 114 127 127
46 153 125 125
153 64 189 189
88 187 186 186
22 123 164 164
126 176 97 97
166 135 225 225
134 111 189 189
174 45 162 162
93 39 211 211
5 197 158 158
196 42 155 155
