500
1354162 60768
2471748 30847
1924963 36005
4670697 75808
7469758 33064
5816598 11964
9034441 18487
5262753 65208
1592800 98790
8976471 70879
4984445 58187
608718 94203
2271700 76984
6097742 72079
9192731 8173
6447613 60936
6296515 14672
4895723 6314
4990262 29478
7889068 63357
7337604 81192
638306 17793
5355311 96973
262551 25948
234069 69622
6864238 30092
8717302 69298
6296515 11473
8109153 96390
8662001 65088
6347029 83720
2719354 98840
423835 18978
1403468 58102
4959148 42606
2410310 63430
8666841 85016
5405540 66852
2223139 85014
7422672 97842
2939774 56195
7685448 63884
112825 78338
4989117 10844
9834144 96973
8045834 94103
366790 10946
277527 18279
1950074 46339
9777737 67821
4266398 40721
2144617 20290
7246112 37814
1641623 75150
8031768 37063
7889068 62663
3601777 86526
9142519 19562
8985012 32791
1056224 67692
7790001 58966
4989117 18325
4984445 12153
8178308 31267
5203174 71998
5988108 3329
5236706 98534
368506 48497
2455444 38109
6632005 37485
5929117 18243
8190744 22404
3062351 19739
9434866 21377
6244825 72932
7889068 608
8049029 44733
1096598 86982
4766138 95587
142673 29620
2031844 50855
2552640 14290
2438883 46789
4755965 72477
8332048 5579
8642808 26870
8581052 72703
4017236 77427
5816887 69503
157499 75150
8123418 58966
7156394 99527
4266398 22287
5494676 43199
3062351 46339
1519609 74538
3974428 70057
8557702 19631
429461 81952
628356 35373
3827724 9821
4794008 29240
7848605 94287
8527644 60422
7392491 80723
368506 52589
7620366 1909
858400 99655
7275926 64702
9424341 84613
7790001 75150
4791439 54364
1833776 43607
3018548 5221
3553514 22837
2610321 93245
526941 57410
4061892 76300
7098753 79299
532882 80631
4201486 22334
5888812 97244
6590991 16415
8469195 52656
1145 85377
816133 82018
4407481 16282
1468521 2331
6783992 61454
8047428 94103
8184300 27014
4790966 96998
9526891 8173
5347804 49440
5189701 91973
8198093 86951
971329 7100
9777737 90882
8802541 3082
6232839 84680
1632914 50422
4885707 16760
4984028 47298
5152917 24330
3429762 16415
3827724 92236
2693456 2505
2142860 94635
1632914 12495
5501776 42853
9889640 21377
1219748 56491
8480059 49164
1066658 26344
8658245 68589
8158582 34822
3950930 68122
5102542 28215
3163581 45239
1196242 95896
2288801 6463
5472298 54086
5420850 70982
5890320 9363
6997287 95385
6169060 50620
628356 61636
9540764 19681
3163581 40391
7295962 51441
83633 18925
94989 42690
7521627 89667
5494676 82943
8330967 16187
1568453 85487
8818621 57410
3904210 33595
1522477 8022
7255495 36577
5425567 4466
8932695 41416
7483890 20869
793181 60542
6658216 99704
8045834 96639
5228311 93646
649252 73755
8535071 5726
3209297 17645
1168127 60422
9099967 87116
1950074 47258
7790001 57410
3093184 58393
531886 8863
8042906 26583
7377431 13661
5511202 20349
754920 1822
7889068 33688
1885676 17998
7394709 16415
849406 6613
6913898 59544
3389406 68122
1220063 17717
7240365 27449
5189701 66083
8336231 1509
2505984 69571
7257692 7863
1632914 66191
2833310 86050
2410310 62399
6717925 91443
5572517 78774
7790001 6411
6928531 8173
5189701 2452
6570283 60547
6232839 22246
5054873 39485
4044448 33295
1600074 35247
6358462 51427
5265025 761
6347029 54193
9916685 43781
6858920 65761
9907344 19422
97855 86145
5424400 88541
5501776 95681
7574242 85649
5189701 67122
5441081 871
7889068 26617
6357345 8018
6127263 45730
4973341 7609
3553514 25173
652853 43155
2579577 6411
2438883 62605
2733840 62635
1489832 76063
7991305 3138
8006140 470
1380293 48224
1867626 44234
4098117 57272
4338043 76148
9940135 76188
7379939 90864
6466005 36948
112825 93058
4556684 45676
1686087 8409
7803448 11790
5890320 58078
4775576 9541
8899834 86380
4242312 63738
5460015 90057
1046524 41585
9424341 94191
3966657 31519
532882 82116
7889824 41525
1494632 51177
4948149 97849
2860323 81463
97855 1637
7408203 8394
6647417 56099
7793598 23015
8761763 87993
3182405 20979
3904210 14035
9433826 1509
3251442 56039
4165293 62438
3488412 97842
8157268 69143
1885245 84405
9105378 60936
4614192 83221
5399343 35296
5189701 90443
3869422 15710
7889068 57477
9839254 21377
1340897 88541
4182083 77427
716812 61904
7255533 88541
1096598 74266
8115427 30683
8244090 59652
8045834 62773
6183009 61820
6296515 60992
864558 58137
1002114 7936
9142519 57410
6989730 15780
5189701 45814
685853 36748
5126222 13351
131448 51308
2575387 42710
97855 26004
4266398 3937
5501776 89241
4182083 87630
97855 75029
5736307 18923
4679173 17247
4762146 50675
3950104 78833
3950104 82233
511991 10078
9789855 79433
4240394 82450
27410 1286
7620366 68421
4984445 33381
2505984 14358
8310474 32947
6447613 57410
6633106 9025
7231684 96973
652853 28748
8522352 32800
3346568 32791
6447613 63884
8352179 10890
6520636 29590
5315594 21783
816977 74391
9502895 89039
7889068 79518
8047518 75208
898065 84294
8045834 29232
4331834 36484
2135745 89504
59510 18939
6003763 26239
8938870 62773
8818621 96973
8556814 19257
5189701 88222
3904210 96973
5050871 55639
5263944 13489
9536214 1509
4692195 72272
638306 48445
3489286 70969
5572517 58504
8730821 87993
4298070 69437
8254004 45740
7889068 83094
3601777 84497
1354162 96377
6376068 8173
8768800 43191
128340 83167
4649432 43596
4578038 47838
8598729 64558
9575545 79433
7391496 95719
7790001 11342
8717302 55785
4362585 97336
4938884 43581
6018939 49751
128340 87947
9539319 59311
2483278 66192
97855 98411
3093184 18832
8063956 89769
1034779 70655
8006140 61393
96596 2942
1489832 31043
7469758 94668
7143752 4992
9424341 89241
4338043 28590
5135103 5108
4755965 7221
7515481 1509
666240 90543
5890320 72932
3040596 1195
5135103 18705
7040814 67503
2291278 49820
253146 39009
5638798 63828
7261307 13460
3891204 27558
6630999 85422
8047428 89241
277527 26423
7512756 92122
939870 42508
4033214 10832
5930024 98761
6088897 80058
9175514 71012
831787 71957
8569111 3937
9424341 50620
2838594 76650
5050871 23028
8803281 19788
5911877 10916
9258638 86951
666240 12804
7788681 12406
4791439 74677
2834882 39231
237551 41863
4585176 30997
7860687 57123
5189701 86246
5705867 54394
6244825 23320
546276 32872
3191725 21997
4169520 8284
7711238 5050
527159 87591
4297891 42673
7943868 72918
1946094 39862
2311409 66637
6367839 6539
5225556 7908
9496731 40708
9526891 51391
7128796 34032
4092845 40673
9042113 51441
5501776 73422
4852800 48350
7361188 3937
8722752 67334
7941692 57120
6334814 94203
9424341 59311
1579944 36422
5203043 32839
5625439 81448
4649432 95258
9381200 16415
8235649 46802
5929117 83435
3615652 40285
7608174 95074
97855 85691
7581657 84215
757073 45560
2719354 25042
5315594 45556
146185 21717
7941825 23076
7380573 97196
9916685 59311
4258782 33688
2144617 62532
8547839 87116
1196242 80319
4811942 91443
5050871 66274
8287243 49339
6994167 56195
1499334 68074
5405540 89644
2110680 81443
2832042 24793
3897556 6359
8255737 48844
8818621 6856
2801736 13489
8818621 86951
3065308 52368
5142546 62524
7757586 61454
9758021 20203
9502837 46747
8591136 55032
1655434 9622
