500
6442517 66537
7027098 61497
3200967 3368
1500775 32581
6103691 77973
9481883 79772
5788033 1406
2977014 99959
4380927 16693
7937902 7081
4787348 65803
2766932 74344
737435 96166
9394949 772
2871962 62386
1940556 57058
361691 5748
119504 78400
8107269 58926
8991535 90037
2731701 4860
5035750 50028
5965588 68301
4191334 88934
2112871 23038
8417582 71763
2111764 62358
8212764 61245
7941429 41708
4928377 2332
374034 69377
4617388 20935
6488946 67365
5645516 77558
8054870 3788
5839956 26514
8647281 50028
1150571 28911
6199450 57927
2496168 2753
6511610 99822
3451509 47169
6511610 74591
5876610 28320
6984191 95635
6759901 1375
2767661 88503
4431564 68572
2020464 79951
4118517 33490
52133 41415
7378001 22513
2104862 33986
1546517 36864
7783575 21574
2993595 41922
6239783 36336
8859135 69143
5826476 32581
7364379 48178
283952 13008
4893691 41699
8864984 54558
7960570 84537
2181261 31632
3846608 51165
5031625 64950
7941429 60554
8125532 81216
9163413 66225
9315062 92457
5517008 12128
5386598 14633
374034 77125
780333 29423
9182040 872
7432514 71844
6952521 49573
6616065 81988
6730424 93183
7512286 91443
419485 31258
8080150 88242
3567498 76787
9353421 58926
3649941 77491
3779418 72986
2212709 70515
4459452 28277
428893 41308
2257234 78042
4292698 74940
7501420 41708
1702802 87314
804222 98865
1990838 62023
1190809 49652
1725635 40356
8446788 87754
6689880 12956
4998416 12333
3695781 96516
7941429 55470
2249860 75406
2631504 25323
9214725 96405
1024900 3235
1537633 56990
1559944 77051
7148063 90245
1343814 90185
7348154 99614
6653249 29168
2592551 25015
7102953 26514
7955524 44197
1144385 38482
5555438 61780
7818022 86305
4380927 79827
3770603 3100
2604533 92432
8678451 47552
462540 58723
2020464 29546
354008 19764
8732673 75071
8961082 24056
8458062 78981
121530 75032
8212764 30939
2731701 33396
1752883 32581
3879745 59181
4208197 7155
6189360 90037
5271788 47752
5060257 26397
7562120 4836
8449495 80563
2758170 45320
175844 24658
9521362 49875
5746707 17432
7848728 30066
4800130 52989
3097521 30258
9896612 64446
6209229 43750
9383925 33426
1905454 52762
7933676 68693
2542101 49905
7753549 65585
8387783 49164
3685189 58365
4795523 92131
916368 13281
9182040 62317
4255751 16086
2328084 74639
9038692 63474
7159427 21247
3649941 21347
4787348 17432
3936446 98781
2650919 36210
8916207 87061
5533849 64446
4318268 94296
8241704 60977
9843228 3717
3837502 50095
1425424 51349
7339697 80069
5254890 33555
5114296 85708
5331558 36178
1137148 25092
5709423 25015
5170087 81736
1546517 89586
5532548 27302
2126817 97985
8647281 69072
6982430 91204
8242545 6494
3858493 81512
4191334 37444
6250579 51868
4257138 35999
9222493 7343
7435022 89077
8080150 23413
8417491 69163
1651792 49833
2470862 25092
3841981 71106
745084 94832
4928377 8668
7435022 7604
8050072 73839
6031677 37373
594401 623
4354572 6792
2977014 55670
119504 51234
8233804 32879
4787348 15090
6594833 62140
2631504 90932
15162 54356
2705658 24902
4754409 81249
6511363 9023
7090407 51010
8951721 70835
5269455 83741
501750 19803
7004925 88912
4344996 4173
1012633 22513
9649332 84351
6468237 69715
2268542 872
7088688 97286
3627931 3477
6120682 67236
409273 22284
8192512 62906
2631504 67838
5450835 49164
4318268 15032
4787348 6756
15162 58723
7800485 9006
8525353 88913
2081238 71570
15162 15764
4733739 94296
9967008 64446
6673672 11814
4707457 4573
15162 49164
3220834 74940
4819041 23386
4972503 42408
2263611 36864
718450 33490
5864026 69072
2895697 63103
374034 49579
7435022 34331
1546517 15676
9625661 55634
6738422 67015
3140711 26820
6118002 26538
9375385 22311
8409947 69715
7427178 12956
9514917 79451
9276563 60085
5708848 96408
4778020 85854
2162594 47205
5193959 872
8038932 58495
4970945 3020
6528215 33442
2765371 69715
3623509 51830
177186 78400
6860971 91866
5839818 90416
5813654 86726
2700577 25625
3649941 69195
4330035 14554
5262908 21980
7335597 46074
4538917 54859
7864248 11904
2604533 96516
4787348 70440
5839093 28448
5918233 6743
1343814 54768
3133807 64318
6369406 43141
5746707 99057
6279331 98449
2527578 89243
8701193 46167
3541050 89374
7102953 82824
3082907 14254
6369406 26397
3248249 51079
5241496 71179
9888988 60976
4255342 80167
1396807 64732
1500775 74945
6031677 90358
4548060 15273
5562313 99355
380241 40437
4626097 42838
970971 39646
957114 44607
1702802 7343
517191 94025
3695781 17951
8698582 30066
1221524 91346
4191334 36336
5490140 86147
6914094 34185
5630777 89077
2277421 3769
7501420 35615
969388 7573
9655000 70504
2527578 70419
4318268 40356
176791 44199
7320228 87210
5897763 48118
5138686 91186
3566203 17510
3858493 69299
6558017 74542
5346131 13008
5065152 51335
599516 80285
9114622 35973
3722548 2899
15162 71844
3659837 96408
7102953 4745
8698582 50044
178138 21667
2604533 12317
9896612 40425
6120682 14808
986811 4529
15162 98749
8647281 24158
46352 88385
2527578 35332
9799388 78826
8498172 5097
1619945 60873
6401824 19966
5716514 94635
8673263 31898
4687585 63753
7432514 25369
5947825 66038
517191 66913
8212764 26356
8065543 73664
7295667 11563
1875397 7604
1109983 71844
3097698 81041
8933634 13963
8238440 39961
178138 89243
2993595 41354
6514486 89374
5346131 58260
9132612 80643
5021737 64373
9225429 71825
1880059 81809
1530008 55470
7926522 6490
6617588 49164
3385458 2851
46352 41609
9079459 5217
5368324 19559
3261422 70575
1145679 85452
826727 61642
3649941 36917
7004925 25121
2875381 85602
4707457 99856
4255342 7272
5114296 40415
9031988 17763
4729836 26844
9176114 65499
1532893 27074
1907258 30346
6199450 59464
5112292 55100
4248532 640
7665270 53125
3627931 75563
7062727 49332
9653956 60476
9722583 53442
6031677 37855
9495288 8679
2020425 49109
2199502 95571
989964 10500
453948 53592
3698694 54291
7225078 52333
1679614 29112
4062356 1314
7918278 60476
2623205 41297
2549926 55854
9287572 66225
5645516 37397
9149711 54558
4791777 2458
2592551 26538
6118002 81931
3454599 4588
9031988 70835
5759802 10264
9822430 55634
6120682 92466
6591910 21980
15162 55470
5226825 61592
7148063 38030
1343814 90496
8615924 95917
6471364 39160
6598827 7127
3693410 1554
9074884 41308
4707457 14936
372195 36059
4061039 26913
2499979 23821
7481231 50927
5947825 83856
1291083 69742
3467707 87314
1432953 82408
5384547 59464
9620022 78814
45954 39648
1899654 49164
6250579 72626
780333 4178
5871638 35731
2655919 72152
2704150 93554
3548431 37373
453948 83475
2251573 91199
1629909 99822
4802757 80494
3246612 80772
8241704 37180
2478803 56915
3097698 37373
1278304 72670
7941429 76588
1693609 19075
7183016 48042
9442837 76480
5893846 39065
6071386 24158
5466330 47786
790749 82879
3140711 32260
7435022 73546
8859135 80494
6112024 640
4441200 18010
7926522 88242
5014008 35084
3595383 92321
8514756 55986
9937501 36336
7926522 62317
7926522 80278
6812910 82925
7987417 49164
562431 39001
1505674 31902
1763251 88170
6120682 33490
9493651 13230
2020425 64222
7872011 95856
6609782 58745
3667369 71880
5253342 50638
