500
53 32717
12 99066
92 53136
16 556
28 93615
38 58595
66 73675
71 96678
80 67790
75 53635
6 80316
41 23330
36 14796
27 45967
65 40076
90 98343
28 69276
89 76273
9 78257
73 26133
93 80708
56 45206
36 68181
93 35359
20 13624
5 1693
42 70051
71 10123
51 25825
8 27129
31 2815
61 84253
35 92216
16 24628
60 57934
75 75282
85 97692
21 9359
21 80808
64 75107
83 71638
11 63444
36 37034
49 51743
62 86093
16 9257
72 55702
29 61580
89 61575
47 93255
51 2096
77 33922
56 7113
36 42404
25 2027
61 89879
25 77506
62 17997
98 2740
21 31899
21 21340
23 91940
27 62626
30 79991
28 36840
50 54250
3 84352
86 90036
68 95802
67 59188
30 93326
80 29569
5 24324
61 70327
42 53214
58 37394
67 75131
9 27882
44 51441
30 5540
21 70411
8 36421
63 55215
77 95770
23 37426
87 72017
7 25318
79 58644
19 37034
13 36297
14 16458
60 36719
16 1862
71 79728
68 65413
100 68181
9 19243
54 32208
73 23956
3 20002
63 21924
81 27038
1 5352
60 3870
9 73609
29 11542
38 29569
47 53005
91 69878
54 98421
36 31733
18 10540
86 73256
62 29013
64 20967
11 10711
52 80618
92 69812
21 82691
57 24258
98 84493
68 73514
34 44592
64 31336
90 71565
33 48805
10 74828
98 18965
2 48805
14 72992
67 30211
19 1559
45 15604
62 24969
4 33403
66 73812
68 84904
1 50649
6 75389
90 27377
49 85763
47 45480
73 41341
21 77385
76 74913
77 40477
53 3717
17 4449
95 68181
79 13699
96 85307
85 82884
59 84162
59 60094
44 63399
75 7085
57 52652
16 40598
28 2776
100 42404
28 82884
99 78554
62 42142
63 35486
28 47470
16 41125
25 9585
90 21428
37 19066
71 28770
78 55165
18 32587
21 68241
18 31733
69 74045
31 2073
23 72648
82 75097
15 24543
61 40521
23 82074
51 42771
12 23270
57 4306
95 9869
79 513
68 33923
23 89988
33 48992
51 13941
88 19408
39 8966
89 93547
60 68293
80 78554
52 77770
62 44750
3 56825
60 24610
99 81058
97 20281
41 38543
62 5521
21 34189
16 949
87 13320
24 16247
76 92410
45 80548
99 76110
82 33472
68 522
69 62596
31 30460
2 63961
48 39354
69 45917
88 29899
42 513
85 8901
64 73935
22 37563
54 79299
75 4376
42 55348
65 40288
34 77815
1 36531
65 81223
24 38923
71 84493
90 9869
18 16729
60 5014
99 91523
28 7946
78 25454
18 4589
50 11243
61 97478
71 38660
4 20552
3 53949
89 87977
42 95770
99 85983
79 76085
98 82884
42 98396
41 93521
14 84059
68 12569
1 78314
74 99044
99 40477
86 59891
88 62960
77 43028
68 70327
16 4281
77 53366
62 79299
92 27617
51 51743
16 71352
11 79803
85 83425
83 24257
33 47165
95 47204
81 23426
58 2055
100 66976
51 54533
29 19066
18 13461
51 78514
50 90488
11 32366
68 91523
60 31515
23 64504
36 59103
35 86958
53 78966
62 63756
51 50500
11 51743
34 19002
22 88996
26 16516
48 5484
16 48658
61 78966
17 20055
5 86109
14 40622
87 86123
85 87742
78 77629
43 40303
79 97559
75 67911
52 65931
91 88583
43 11716
28 18019
42 75538
35 64954
63 72648
74 88583
54 29569
69 7515
41 43800
73 30682
9 39005
38 48283
42 84577
62 80044
64 1291
77 3831
92 34528
37 94982
9 38422
27 57698
33 81188
30 3741
18 8381
95 97140
97 1319
44 75084
64 96105
1 28410
44 1079
65 62364
49 24610
79 7006
64 31258
48 17895
18 31706
27 8439
12 99503
79 59940
40 87353
62 85308
80 33500
78 24561
59 51086
46 4820
38 71208
37 76620
53 91733
66 556
3 95485
61 51813
27 17614
90 83829
65 62067
18 87465
14 32343
90 80548
52 11575
7 18318
83 64391
60 68869
83 20281
91 78540
40 10618
58 90281
26 30473
78 47772
83 97210
51 99947
12 93544
68 40477
57 91879
13 4887
18 99145
87 97210
44 46663
63 31415
52 8901
18 3564
6 24257
56 87209
60 68344
10 58018
42 37017
53 72767
64 91112
16 73263
44 42171
16 72031
60 42404
81 29569
93 79728
13 19444
99 91301
44 19444
44 8295
15 30398
7 5199
22 11735
82 84047
100 86941
95 61540
64 27617
28 55677
23 73660
62 63998
42 33280
98 75238
98 39204
32 35909
100 77757
82 21924
62 45127
87 29013
49 27684
41 13931
23 55279
6 79891
86 71208
61 60630
51 17325
50 46556
49 60514
76 33673
94 63620
31 33923
89 93896
79 16329
44 24610
44 51483
56 74045
16 1067
84 63293
89 95015
72 79563
1 47470
44 88858
80 41601
10 24938
9 97587
5 94094
29 92755
58 18917
41 14004
57 95686
5 77873
92 42404
75 18403
22 75097
21 63444
10 72261
84 18965
84 12673
88 3078
43 52874
52 39981
90 78474
3 70154
97 76110
38 84493
42 19408
57 38812
60 25318
83 85689
16 8846
23 97611
44 95024
3 58870
13 69135
88 45901
80 76856
35 8966
38 17846
45 72017
80 48141
90 55278
2 44339
18 19408
3 2073
59 15945
95 95015
39 74346
39 93230
86 72017
76 85552
32 98868
66 75097
44 88955
51 92038
75 45707
94 84493
63 33771
8 13409
48 40635
11 99297
81 80598
