500
4394939 53857
6542121 31004
6775007 34544
4136231 58147
7815844 18990
1416098 80032
493884 91751
9218490 13239
7212592 21989
8653641 8657
7422194 23523
5021324 39889
4219641 57967
5905903 38653
3263044 67550
9700384 3555
6046826 36157
5744274 40840
3346565 64088
6578304 30115
6041185 36249
1860648 74816
3267506 64917
6445203 31716
5894122 46975
258695 96637
806362 94155
3626919 57399
2269404 76400
7422194 20581
2184774 74616
4156088 57773
3546301 63024
8847146 11777
2395454 71971
5447721 42629
806362 86813
7469158 26265
5891753 40080
3939086 60176
7618723 18584
7469158 22343
8653641 17487
3425022 63287
5135850 46655
7559003 20558
9891777 1569
491166 92210
1172814 71807
8850469 11126
1443720 81792
9932228 855
2920222 68192
6838813 26336
1764590 76552
1333544 80086
7036344 25780
5612991 41529
9413668 7193
4412608 52535
6565757 30766
7172283 25269
1084525 82697
9630124 4495
2706431 69256
1004552 85088
965895 85666
9813479 2085
4696749 49016
5175571 45799
5971691 37940
6989595 26826
7629571 19674
8720618 12561
1008293 84542
7661929 19551
7942744 17661
749537 87976
4998505 42335
9269208 853
3079496 67534
1057026 80710
6668181 29632
5863161 40615
4877326 46870
9550486 22966
4558318 50957
9036822 9498
5531771 42207
2541622 70402
6046826 44079
6243229 34092
4305349 54595
4242110 55660
9327864 7818
7038488 25669
1128579 83408
5100145 49101
467125 88193
8831460 10284
7530389 18584
2878927 68261
68864 99262
5820789 42562
4347274 54093
8942604 16901
6838813 26945
5164387 48141
3307915 64370
3465948 48938
4882534 49833
5230367 31648
5093710 50622
9532384 5443
4305349 54006
1433518 79508
2755046 69013
8223656 16292
1252336 80735
749537 90881
9095405 8994
1176010 78929
2609731 69728
2609731 69751
5643398 46574
572504 91284
5365391 44244
4545110 51471
8937972 11777
5259020 43028
4986584 47689
1998917 74812
1509620 71304
6709147 29531
766308 94533
282702 95881
5653894 41033
2248506 73084
4041452 63184
1319271 80105
9967756 367
8531236 14417
1905830 75320
6451498 32708
8430708 20476
11990 99868
3465948 63133
3089870 67472
258695 97220
4515926 51778
59628 87613
3784834 61770
2257854 73018
467125 83806
3696348 62454
1764895 72363
657635 88458
7472849 22091
9495491 6120
8177897 16293
9300540 8425
9826105 1818
8787000 12062
1121608 86813
596368 87010
6508613 25542
8880358 581
8108166 20440
6565757 30516
3859548 60553
7735929 19646
6668181 29818
8108403 17074
9394739 7681
6981745 22347
749537 99461
6830084 26737
6482183 32999
4401434 53849
8110524 16910
6492610 31736
6206988 28540
9205668 8931
519999 90547
7226701 24855
7559003 27272
4729809 49404
6206988 34480
2609731 69765
8487264 14888
3498233 63103
6508613 41289
467125 92370
1718942 77222
706012 90271
2418805 71372
3187378 65654
5082360 46972
4142464 58128
9673323 4263
6232844 34212
7806128 8133
860854 86306
7362953 22617
9512601 6059
5306520 43104
5230367 36904
9723131 3188
1951131 73347
5594068 41790
6033105 35088
3958697 60112
7307831 24034
2052053 74812
5492534 42355
6576087 30287
9426614 6919
4206603 56155
5531771 42118
8733849 12477
5291203 37413
2286296 72322
8674429 12691
749537 98500
664508 86617
3810880 61382
4394939 53713
3858359 60657
2767515 68998
6917717 26640
8763791 12319
9356345 7725
7251195 24313
2263591 72856
5643398 41365
2415295 71725
5653894 41168
607041 97109
2832168 68447
1873492 75783
4044065 63171
4629657 48735
3710462 61817
7614223 20192
2706431 77784
2184774 74305
6404830 33459
6203441 34600
8292624 16139
4411885 53615
374018 95049
2858159 68432
6099144 33171
2152345 74745
4720635 49729
3347135 76547
5933155 38211
5020203 47047
2609731 69843
5569582 41941
5004703 44948
4136231 48872
813707 86456
4357289 53922
2728342 69083
1795248 76456
59628 99688
1269351 93235
7646726 20093
4044065 58671
3183955 66059
2711872 69177
6414674 32482
6911521 27424
1850240 76752
657635 87896
3180524 68446
8882850 10530
5291332 35719
2832168 68895
1739932 70362
3523903 63015
200486 97378
4403425 53836
9891777 1582
5400946 42636
3347135 64052
2513469 70411
4167601 62641
6319865 30260
3602137 64990
7125418 31610
6005913 37388
4206603 56161
3784834 61749
3041642 67570
5531771 47534
6059078 35494
7603245 17249
8053888 17546
1610611 69384
9029318 9675
11990 99909
863653 86027
8685636 12561
1252336 80901
7203280 25190
3462748 63179
6319865 44703
2496427 78428
1003073 85301
5425366 40648
876565 85511
5245633 44242
528866 91232
2190697 76067
3797748 61668
3169053 59057
9886962 1698
3334226 64189
8087938 17336
7329729 24017
163272 89731
6232844 34284
5146054 47116
5888448 40080
7329729 25083
9884907 1761
8847146 11728
4219641 56011
8519738 21343
235525 89516
8087605 12754
6004730 44154
3031258 67775
7806128 19530
6482112 32483
7538871 20860
4353460 45266
1739932 77109
9957035 5055
9723131 3512
4621900 50285
2904328 68255
1740109 68804
4720635 49792
4008701 59127
6155281 34813
7507435 21546
4896363 58128
9548294 4945
8637678 13348
8514753 15644
6542121 31004
9346073 7769
6508613 33241
2687566 69639
981327 85720
4566051 50911
7564579 20589
5004703 47116
4586671 47413
749537 88015
6327102 34011
8383670 16003
9413668 7221
9313116 14647
5188801 54603
7049725 25669
467125 92775
9826105 1765
6869049 28047
5298187 43107
3845813 60927
3643408 66613
542477 88184
9556870 4681
3429048 58155
5653894 41247
7486359 15952
4176642 56607
3018653 67859
1855097 76129
8880358 10939
220001 97249
1003073 85506
4586671 50402
2832168 70362
4969213 46094
6030312 34011
9780243 2543
6576087 34011
7564579 15738
7346703 24017
6937478 26190
9164816 8931
4095542 58701
5549314 42101
2569721 70230
7172283 22685
7304695 24036
4727267 49559
577153 87010
7380346 17521
2559819 63935
9779715 2236
4882534 58978
9300540 8425
7236981 24607
3165908 66613
418593 83627
9538962 5151
8175253 9858
4045068 59102
3858681 60569
4044065 66613
9729343 3234
5662448 40907
8383670 18462
4552605 55660
2415295 77317
9532384 5720
3347135 63446
9479755 6126
7364742 23381
2509751 64984
4242110 51294
2832168 68813
3676873 62479
7584252 15782
2338 99924
3869893 60496
3069032 64750
6867376 26905
4324912 54595
2213907 73334
3969499 58490
1646888 78915
8610320 13584
6033105 36781
8079300 10927
3822122 61335
1493463 78523
8821170 11823
6714174 31865
9955805 8489
192922 97529
4515926 52387
8800162 12026
9084638 9486
1322139 80105
1519573 78056
3705963 62030
6486493 28780
5920119 38513
3169053 59167
6996614 25278
2561243 76611
2832168 66067
8439618 20573
5989499 37472
6067259 36608
7894612 18144
3233742 71110
6243229 34212
8653641 13461
657635 88652
7246343 25877
3222570 62806
1172814 83695
4020249 59106
8472891 7716
1468677 83147
1004552 84591
7849311 24034
6420163 35070
5004703 46956
4142464 56011
4176642 57281
1204893 81227
749537 88389
1739932 76611
4945349 50128
7683410 18713
4049097 62554
577153 90359
9967756 248
344783 95617
8556094 14081
7408106 22685
8338939 16024
3939086 60444
352367 95509
6830084 24425
141369 98906
4240325 55995
9811598 2825
9367549 14686
8597219 13774
1226133 81020
