200 400
137 120
155 88
13 28
115 77
63 191
125 143
72 172
174 161
125 50
147 25
28 131
58 164
124 85
26 187
41 29
199 106
43 143
4 78
44 190
65 170
15 167
51 191
165 30
136 68
3 100
140 25
16 94
75 93
107 61
5 23
10 56
132 39
86 98
7 47
107 177
22 64
82 5
149 131
156 119
95 67
127 81
44 113
14 106
185 19
72 190
135 42
105 157
170 163
63 189
193 127
32 186
97 178
189 174
34 79
119 157
47 137
97 34
8 20
68 103
178 116
39 190
100 124
84 132
169 177
126 165
83 24
152 166
54 171
42 181
123 174
32 151
87 160
138 41
75 149
158 157
44 39
39 79
135 104
15 140
129 163
97 198
112 17
155 197
112 6
111 51
6 29
72 109
66 26
146 7
88 61
69 173
72 185
115 18
111 77
60 196
80 200
76 65
77 64
46 60
125 57
1 112
193 26
125 99
109 79
34 50
29 64
151 19
74 153
116 113
115 165
82 73
41 57
198 11
44 65
122 167
81 173
22 76
3 53
123 79
179 97
148 115
152 138
143 193
166 199
86 35
81 149
40 135
75 185
136 60
33 75
86 92
39 12
89 71
151 95
64 33
27 173
83 174
11 43
94 188
175 63
81 35
10 30
79 7
200 168
117 8
72 95
49 96
136 48
147 154
30 118
178 92
131 50
24 80
186 113
78 115
34 130
41 48
161 11
48 176
82 19
129 108
68 161
44 200
18 29
124 132
114 136
21 89
3 17
178 148
148 7
159 8
31 127
17 101
175 112
148 171
170 100
136 166
3 197
124 194
103 148
8 116
62 167
109 99
54 23
85 197
144 32
5 109
80 108
68 122
87 116
139 184
20 25
133 183
45 20
165 13
106 173
7 50
32 1
83 156
199 52
196 115
106 189
83 136
198 126
97 196
68 83
59 109
132 115
81 175
155 190
137 115
96 123
43 146
168 59
102 192
83 115
51 38
103 57
85 80
170 49
117 47
59 94
198 149
135 199
13 168
13 115
131 83
84 101
176 126
139 69
38 9
183 51
118 131
40 165
162 60
137 46
41 83
181 60
27 177
62 9
183 152
28 55
134 161
94 156
122 7
176 117
111 171
137 64
77 114
187 28
180 65
164 145
109 117
155 96
194 108
4 176
4 169
1 94
27 140
131 47
13 68
183 1
14 6
21 36
112 84
149 192
123 5
178 194
151 71
199 50
153 48
165 147
86 93
16 145
42 101
112 91
108 101
73 160
37 87
24 67
62 113
62 39
200 161
26 72
175 187
134 115
25 170
11 59
111 121
58 137
172 45
179 79
30 144
21 61
160 5
26 153
12 100
89 74
168 71
166 19
169 187
16 156
168 48
94 17
62 131
176 184
99 5
159 63
193 28
31 83
87 60
21 48
16 192
73 91
183 79
75 182
17 134
59 5
94 193
35 162
148 44
197 61
166 98
200 169
103 62
37 126
173 22
38 27
98 50
78 2
185 191
53 93
184 30
72 55
178 59
94 122
175 140
129 65
187 156
158 46
121 63
29 129
144 70
192 189
117 119
132 138
186 82
69 197
174 196
94 108
55 106
140 58
146 128
124 170
107 101
24 149
68 187
29 122
30 6
110 183
119 125
35 170
26 38
99 20
88 72
114 187
162 41
93 126
9 89
9 66
107 53
146 194
23 2
146 100
49 70
88 167
144 92
37 46
189 193
53 129
60 123
10 91
33 90
98 137
143 179
10 67
139 80
93 91
122 24
68 107
177 168
143 90
115 39
21 50
97 140
112 138
76 56
81 58
62 158
173 121
128 117
