200 400
167 35
128 136
199 75
126 35
75 120
117 162
176 38
169 108
173 143
5 100
149 154
114 60
168 1
67 56
11 186
66 185
12 170
147 94
111 146
170 2
169 104
63 11
3 188
63 180
51 192
92 174
91 141
56 200
141 34
127 76
200 68
83 148
149 9
100 185
84 105
193 23
96 114
169 137
36 156
114 99
187 38
147 123
31 13
134 169
21 175
173 16
24 85
145 197
184 89
36 18
173 45
113 78
91 150
30 114
132 26
186 74
104 64
132 27
131 188
136 143
22 70
130 28
200 81
86 33
141 176
67 187
175 156
110 53
182 130
86 186
163 116
163 143
135 9
166 55
3 32
51 194
45 166
108 56
43 1
77 131
151 98
39 193
148 186
36 143
111 58
100 28
114 38
5 83
163 124
89 121
190 153
199 58
83 57
18 141
135 83
121 184
143 75
34 54
131 179
152 148
48 91
189 40
78 85
85 39
68 183
155 91
51 93
136 39
133 55
16 175
175 115
8 157
126 62
75 140
198 199
45 57
124 84
28 5
80 6
17 1
146 70
164 29
29 154
152 84
90 170
34 188
94 191
189 20
48 102
86 87
62 61
193 167
139 34
197 62
129 39
171 117
96 94
139 177
21 136
44 136
17 178
156 130
127 153
150 41
88 30
54 14
172 110
175 129
47 150
8 75
196 122
30 26
196 87
7 18
86 4
169 160
11 76
41 39
71 78
180 195
107 57
21 39
65 188
162 128
46 123
84 153
53 94
170 176
49 84
132 136
168 181
154 173
57 114
128 39
62 23
26 100
43 41
90 49
36 172
121 56
112 164
100 181
41 10
52 139
140 121
55 46
30 197
122 161
6 103
175 172
13 16
172 106
31 125
150 38
51 76
114 200
80 175
43 103
151 108
54 156
93 25
84 189
127 69
111 188
149 152
7 78
4 147
83 121
95 14
185 54
36 8
47 106
29 192
42 97
55 155
183 75
173 69
161 140
87 53
50 174
159 151
158 120
144 47
158 82
114 54
87 117
142 51
129 159
20 53
148 69
179 100
163 98
191 161
95 70
109 14
71 23
170 157
102 123
52 95
192 48
198 167
123 141
164 199
58 129
45 148
134 198
143 57
132 29
155 150
182 128
12 43
47 146
168 142
138 90
74 63
57 43
101 167
74 199
141 127
119 6
129 147
105 88
133 1
142 175
182 8
151 48
22 182
70 5
29 88
112 187
190 69
196 83
73 157
65 187
95 23
79 112
87 191
74 75
111 31
28 190
50 194
34 32
120 150
144 62
118 122
36 16
13 60
197 25
146 141
56 129
53 145
75 124
153 44
178 41
39 1
75 131
140 162
176 113
60 72
175 27
135 48
190 115
69 169
108 62
150 64
176 68
119 163
180 106
68 70
49 114
94 72
37 10
176 46
109 194
124 181
95 87
83 147
184 100
149 164
99 160
185 149
29 156
32 153
74 81
15 68
135 70
168 127
118 55
50 6
177 49
62 9
26 171
158 93
9 186
124 142
55 35
147 73
76 173
183 30
139 74
9 199
114 51
147 121
151 172
170 6
34 86
108 5
84 3
90 77
141 154
95 74
23 200
51 102
86 196
8 158
100 30
109 71
75 152
168 105
181 107
175 71
124 65
30 34
94 23
72 200
155 108
139 193
153 68
143 112
133 33
77 120
109 180
105 44
48 98
95 2
23 50
151 195
121 191
157 79
136 32
52 140
8 132
171 109
106 128
193 12
158 73
22 198
168 123
156 163
56 61
48 182
188 24
152 175
185 86
179 122
14 48
119 78
6 199
184 111
189 34
180 183
