200 220
198 123
15 149
184 22
170 49
61 36
179 158
83 1
11 16
116 183
73 31
102 59
105 33
112 177
158 94
176 2
190 159
135 30
142 178
62 28
69 13
62 25
128 24
107 167
145 154
80 127
49 157
198 197
22 98
106 137
193 152
108 145
164 150
139 104
148 73
21 167
66 49
66 46
121 77
55 38
7 28
51 132
96 125
11 53
91 97
159 188
167 135
27 45
8 132
150 72
168 116
40 53
143 104
4 110
108 158
41 111
60 193
181 150
143 44
77 197
152 156
13 162
158 157
23 179
99 48
91 123
72 122
143 117
40 38
95 165
192 56
80 79
54 20
171 164
188 34
160 184
54 157
105 122
56 10
173 114
19 68
77 2
57 106
115 61
147 45
13 135
148 160
5 65
46 56
30 129
115 39
171 43
119 44
61 92
53 84
40 2
154 7
57 122
34 62
2 161
140 171
89 25
156 105
127 55
153 119
21 129
171 146
131 191
124 54
141 76
136 166
12 109
53 185
119 169
77 200
85 29
44 51
135 100
71 40
156 155
132 19
96 126
158 131
101 88
111 47
183 131
174 116
165 181
46 23
13 76
193 127
22 137
83 126
96 60
101 28
186 129
68 90
132 88
193 125
33 187
14 80
67 133
32 37
105 183
2 73
185 133
151 130
114 11
68 98
105 90
166 122
72 107
56 118
161 102
188 182
185 59
17 60
114 125
45 79
167 90
90 84
177 196
76 47
73 99
51 63
33 51
49 20
129 166
88 5
39 46
52 192
118 165
138 58
118 144
61 95
12 27
107 42
113 104
83 195
125 62
145 183
45 1
179 10
160 105
55 2
98 106
180 16
87 193
20 193
154 85
36 58
121 148
63 79
106 122
51 91
173 36
114 113
118 136
139 123
42 186
192 190
3 57
187 123
72 189
60 150
127 82
125 54
192 62
192 10
107 60
80 134
107 39
69 45
197 70
69 168
191 95
170 149
101 74
99 17
196 200
49 24
161 6
