200 80
138 26
140 157
144 97
170 99
1 198
68 176
17 84
111 153
54 159
141 149
164 47
131 54
78 56
165 164
166 137
141 167
198 147
106 22
119 198
26 10
155 3
21 190
167 71
153 126
2 142
137 127
7 163
21 118
155 51
65 192
189 194
112 45
189 48
137 14
199 58
101 151
55 51
25 34
19 162
191 140
40 117
161 55
177 34
141 88
105 33
179 116
3 27
122 70
127 133
158 18
144 186
121 130
109 163
177 84
34 185
10 3
181 200
132 45
89 54
88 182
24 59
126 173
161 37
112 118
107 110
143 175
179 3
101 131
183 5
19 65
23 142
88 39
140 65
10 14
83 150
33 155
103 50
32 31
92 99
98 81
114 106
