200 199
139 116
195 65
38 165
76 17
142 174
111 101
177 193
123 129
72 171
5 125
87 123
142 27
104 21
71 97
71 198
2 158
174 46
57 90
34 118
48 122
64 51
62 16
27 189
48 169
162 192
11 166
179 75
142 9
103 120
127 175
196 73
87 58
1 121
196 86
83 61
103 96
76 131
172 93
72 55
19 92
18 88
119 115
36 128
85 113
68 64
110 103
61 43
142 176
109 79
127 87
171 163
22 77
27 190
29 22
141 84
99 74
98 11
41 135
197 82
157 14
174 130
111 184
184 183
168 37
58 80
72 164
156 76
86 111
24 188
95 194
182 40
156 53
62 119
70 160
128 114
162 110
106 32
12 148
16 143
1 134
68 35
111 104
2 178
112 133
34 72
29 106
34 69
34 71
54 108
180 126
197 50
127 199
58 7
141 181
87 179
68 34
106 23
63 89
11 49
170 3
119 19
169 100
161 105
130 13
90 66
98 186
198 116
134 4
162 153
142 29
196 42
115 197
14 39
68 33
86 20
107 47
19 146
100 155
73 157
2 191
9 159
136 10
157 177
19 147
162 154
196 28
159 140
87 2
37 85
95 137
135 167
37 31
12 57
134 172
134 56
6 15
170 60
181 63
57 81
12 95
161 18
162 117
27 173
68 36
110 149
73 180
62 187
73 24
192 8
34 102
14 195
72 156
119 162
106 41
182 112
52 145
126 151
63 52
82 200
1 152
68 141
185 161
69 109
57 68
69 25
174 98
190 182
141 83
171 5
57 44
137 38
75 45
120 124
187 150
95 196
174 6
178 168
74 107
141 54
168 138
147 26
71 78
141 70
24 185
157 59
73 48
98 30
12 62
27 144
193 132
187 94
18 136
190 67
57 142
137 91
196 99
34 1
162 170
84 139
196 127
