200 199
6 130
81 24
3 143
52 80
187 198
95 163
35 54
132 91
180 189
76 106
28 83
192 55
180 48
36 8
30 45
63 174
134 30
32 173
179 109
157 134
53 19
137 168
112 26
150 136
146 90
121 157
103 7
120 121
132 13
22 156
2 133
42 60
131 29
85 32
115 140
31 3
22 39
1 15
43 194
23 86
13 191
25 126
193 188
132 12
49 141
86 1
1 176
179 87
59 178
65 50
21 172
83 200
110 199
69 22
157 115
61 167
133 89
100 180
188 49
136 105
64 169
174 36
68 75
68 4
94 33
2 165
168 104
72 88
96 131
118 67
154 145
121 70
191 68
111 138
1 97
113 101
55 160
194 183
1 81
98 102
166 46
11 125
70 124
58 154
132 108
96 113
49 52
145 130
191 144
65 193
12 185
16 142
83 41
199 78
18 23
18 11
130 72
167 164
106 6
89 9
5 69
150 128
42 148
16 51
49 120
138 64
62 65
178 137
151 117
27 196
136 110
168 94
159 56
5 170
71 103
77 5
6 44
160 182
46 18
17 16
25 61
6 63
176 116
9 179
173 119
133 35
116 129
7 187
137 40
152 47
84 20
141 66
8 43
167 135
198 146
106 10
34 161
53 190
5 197
151 14
16 34
92 71
115 186
75 93
157 195
167 76
81 132
149 84
2 73
28 147
183 162
14 31
174 175
64 151
22 171
58 79
56 82
112 149
48 150
26 62
171 42
98 166
118 152
107 95
96 122
173 177
82 192
21 92
31 153
104 74
72 59
75 21
83 2
168 28
75 27
199 111
111 155
42 58
34 25
55 53
3 107
198 99
153 158
163 98
119 159
113 17
62 181
86 184
118 57
90 85
115 37
137 118
195 38
186 96
19 77
142 139
194 100
162 123
167 114
19 127
