200 80
165 43
60 156
59 169
122 177
44 169
91 170
92 114
18 100
60 90
131 60
8 96
7 67
34 136
118 190
1 85
42 135
91 80
42 87
178 137
120 42
121 106
190 136
130 98
151 98
15 12
144 193
159 177
92 28
13 86
198 89
82 127
25 170
179 128
157 172
199 147
192 10
117 46
84 15
126 178
144 53
25 73
48 64
37 118
29 4
50 81
166 186
13 118
43 32
38 75
110 5
90 88
173 180
83 197
119 114
19 32
137 104
172 196
132 100
166 164
17 132
90 36
75 73
63 34
110 79
155 80
36 83
35 168
135 96
104 27
22 83
97 108
68 85
137 152
89 137
20 180
25 49
14 67
30 149
82 21
141 6
168 3
