200 400
184 22
153 5
172 21
107 54
83 24
146 19
194 75
45 18
142 89
44 27
10 22
73 151
145 184
26 127
33 61
138 76
9 176
149 57
164 117
126 190
75 158
28 197
174 136
142 48
95 156
131 143
40 156
50 181
112 24
137 68
35 200
138 117
145 22
58 97
124 93
35 58
91 22
133 101
89 168
148 114
6 60
122 186
69 65
200 71
151 103
158 147
124 122
147 38
140 108
168 125
148 183
72 4
123 99
153 7
162 142
98 126
103 170
154 95
10 38
179 29
33 157
130 159
2 140
117 165
150 120
1 96
66 54
64 72
181 100
94 79
193 113
178 47
138 140
126 110
31 41
17 193
10 74
4 162
155 96
39 175
141 14
48 37
32 30
9 135
198 137
9 156
107 183
161 89
172 57
28 12
139 157
48 146
74 54
68 41
169 163
131 34
5 192
157 170
101 96
153 96
48 113
107 72
117 114
81 103
52 19
21 53
38 117
72 157
135 189
28 193
92 66
173 119
36 135
182 123
120 47
61 15
22 117
149 86
2 96
43 77
45 155
152 79
153 100
156 133
151 148
107 102
31 28
149 75
3 187
6 164
85 164
65 149
122 62
60 29
3 182
68 24
167 196
44 101
174 14
50 38
54 138
43 138
76 33
70 152
195 33
194 148
36 173
97 127
10 26
48 175
74 51
185 131
104 59
156 128
75 200
136 96
42 152
25 160
60 136
196 197
96 183
96 52
71 193
58 129
79 8
38 45
169 71
190 34
93 162
75 14
172 68
29 59
196 10
168 58
131 95
89 175
173 42
27 200
192 4
12 45
2 21
191 143
12 77
59 116
176 194
190 26
140 181
162 199
12 178
73 23
129 193
93 114
138 111
193 170
20 135
178 75
97 113
3 79
162 166
103 24
193 164
199 123
18 22
82 15
119 141
21 198
22 29
3 178
135 112
140 42
175 113
194 26
180 172
58 123
69 75
150 97
190 76
55 52
69 49
183 124
129 10
28 158
91 107
63 111
129 116
130 147
141 120
85 4
43 31
81 159
163 46
168 108
152 51
148 84
69 64
129 196
144 106
179 45
26 182
67 33
149 192
128 10
158 44
25 95
146 194
84 139
190 146
132 187
134 102
26 114
171 21
170 69
72 170
179 3
88 129
89 114
134 32
130 175
188 102
165 112
41 158
168 197
178 97
176 37
38 28
63 115
25 111
149 97
112 120
127 57
1 116
140 56
37 18
106 75
144 29
64 95
98 187
59 86
46 96
165 40
39 76
119 35
77 9
94 45
199 88
12 155
138 132
103 182
44 106
152 200
157 84
77 98
45 23
4 49
7 15
165 5
162 12
29 114
112 43
57 54
101 113
68 39
66 99
163 166
19 100
116 126
38 60
126 47
35 66
5 20
150 126
106 143
179 151
45 44
146 102
14 165
197 141
72 147
172 3
113 24
86 110
21 116
63 110
168 159
126 184
40 187
102 144
193 34
65 62
195 174
29 91
72 80
16 147
36 11
94 116
60 98
160 54
174 158
29 182
93 53
180 60
170 16
164 2
24 30
42 24
118 140
126 88
95 68
132 31
120 162
21 78
100 21
156 4
70 200
68 71
76 13
99 49
2 85
83 59
153 34
178 176
96 21
108 115
170 161
96 112
176 126
93 118
55 53
130 49
132 55
188 126
64 99
119 180
159 121
82 71
95 59
110 117
18 74
11 150
168 28
9 50
17 179
199 144
128 56
115 131
119 19
53 19
190 70
105 138
20 81
125 174
52 99
64 108
98 183
51 127
120 187
115 12
154 99
57 131
95 87
29 143
