200 199
29 20
143 90
26 22
66 86
113 100
123 20
50 76
1 4
196 65
124 156
20 167
191 134
26 83
12 142
31 96
74 8
126 93
127 33
158 52
74 144
157 183
134 171
104 154
74 110
132 116
11 146
152 56
84 87
142 123
108 190
187 58
101 143
62 118
198 128
41 147
69 115
41 200
98 57
58 140
120 77
86 108
186 159
96 30
194 55
153 61
84 105
192 196
39 127
114 169
175 180
195 104
173 112
182 177
52 3
96 126
27 5
167 133
54 34
121 199
144 51
113 47
196 13
137 9
175 94
167 103
7 64
162 175
154 106
193 40
175 36
113 166
89 161
149 7
69 6
156 121
89 172
84 163
90 59
164 193
70 145
84 122
63 28
87 178
190 195
9 192
118 31
158 95
73 15
45 21
9 107
160 16
189 84
153 35
155 44
27 14
58 158
117 185
126 60
121 66
36 75
177 160
180 168
145 54
126 157
47 198
15 113
198 46
119 68
164 98
160 11
115 39
138 12
66 131
120 26
57 97
170 184
147 82
16 189
130 125
46 188
84 119
49 73
7 38
124 91
109 18
50 72
20 37
45 170
57 25
49 85
89 19
4 2
64 164
42 187
86 111
194 88
11 81
67 69
194 49
67 32
84 165
180 23
10 182
139 149
169 74
167 130
150 1
97 138
93 176
195 162
197 181
26 151
24 194
89 62
110 109
46 42
52 43
44 24
184 136
192 102
101 48
67 78
198 17
34 174
125 179
46 92
116 70
51 135
116 197
117 155
76 120
82 67
140 129
16 152
121 45
71 139
159 71
119 114
101 10
22 63
101 80
196 101
29 41
5 150
176 124
174 89
132 79
4 29
3 99
125 117
94 27
156 141
63 191
141 153
43 132
13 53
171 137
115 50
174 173
165 148
