200 400
108 29
103 176
199 64
126 28
162 79
138 143
2 94
133 42
2 27
72 60
192 161
185 57
198 46
157 4
31 108
100 153
26 183
104 147
4 111
24 166
81 168
115 94
65 126
146 153
35 156
162 191
44 156
89 128
119 3
184 84
92 43
198 154
4 59
141 172
114 51
74 110
120 12
141 41
194 37
72 183
83 90
147 98
198 50
46 64
102 146
146 11
24 188
139 81
54 69
66 2
115 173
193 131
31 91
151 186
143 17
132 127
39 70
84 129
124 162
87 161
19 77
35 29
62 116
174 38
98 44
18 198
175 33
19 183
109 119
116 138
72 18
198 130
22 142
25 189
156 197
129 154
35 46
40 172
9 77
172 61
168 14
13 116
120 174
167 198
160 189
139 148
107 144
48 109
38 75
61 5
63 48
173 183
132 63
165 27
123 52
81 43
139 62
147 59
191 66
142 139
107 79
119 187
154 116
159 78
37 180
62 187
176 41
136 40
10 171
171 87
57 148
190 19
194 1
68 25
99 116
152 119
119 176
92 90
124 198
34 76
152 44
19 126
73 71
85 172
24 111
10 187
146 129
80 199
51 7
120 24
90 148
75 145
137 84
159 134
15 77
48 108
164 31
58 91
110 23
99 172
12 189
16 35
69 37
81 6
64 163
111 56
185 79
54 146
155 172
133 107
45 56
73 109
62 7
90 73
159 51
64 173
192 173
76 187
142 149
136 12
34 200
77 198
85 77
86 142
11 189
20 188
198 4
106 46
57 19
46 3
185 14
100 36
164 86
149 28
103 127
172 67
59 33
84 45
21 59
147 175
107 162
142 162
24 132
28 4
133 183
54 142
143 136
26 162
94 161
196 128
43 154
177 128
113 136
178 11
89 32
152 188
195 159
97 119
115 195
118 6
175 81
192 90
155 10
85 157
98 123
5 191
114 101
33 156
170 180
97 106
139 168
188 87
101 184
135 33
46 144
17 100
167 35
60 158
107 186
65 96
69 145
72 54
193 54
86 29
117 198
194 184
171 121
10 148
10 58
149 10
36 129
68 119
138 195
38 161
50 119
36 40
88 106
125 162
58 152
116 1
125 98
52 137
112 164
79 184
121 173
147 18
141 95
197 132
141 155
159 19
49 129
58 113
81 34
55 95
196 162
114 104
80 72
67 193
17 1
179 45
63 74
21 87
129 25
197 89
109 129
146 140
7 158
71 16
106 58
33 143
95 17
138 70
155 31
118 166
83 77
40 162
89 77
62 15
4 194
95 67
40 12
54 174
120 3
118 16
137 169
31 166
150 67
83 129
95 13
14 77
73 188
60 118
6 155
36 63
53 188
142 171
46 185
168 61
120 168
66 128
175 91
199 192
2 161
121 18
22 80
188 4
78 18
184 197
128 90
21 179
57 9
60 136
49 142
28 182
200 45
47 66
106 85
196 109
172 31
94 48
113 116
176 154
190 169
66 127
73 128
102 103
116 181
165 107
149 13
84 85
180 101
12 152
118 69
86 119
75 170
170 39
49 191
86 19
52 41
83 184
49 116
24 105
121 86
59 31
23 188
100 119
92 167
15 34
64 114
123 99
14 179
199 31
140 14
10 186
5 150
77 137
187 95
58 186
160 31
191 194
138 108
191 9
135 105
101 53
170 76
32 167
32 170
71 158
58 102
15 11
78 29
57 151
173 116
153 57
68 118
196 138
39 92
52 15
142 13
91 198
198 145
73 168
13 7
38 109
57 44
59 131
49 72
13 41
155 171
17 161
136 144
98 16
112 119
30 200
196 51
150 9
109 170
156 5
5 194
23 184
172 91
