200 199
30 108
44 28
160 99
54 115
13 75
170 19
90 74
174 194
142 31
174 183
23 171
18 68
18 21
43 87
118 53
4 91
141 198
186 61
160 60
130 135
136 179
51 42
136 3
63 122
159 29
52 144
128 24
63 151
179 86
74 187
116 157
79 116
141 168
50 186
162 33
85 195
13 140
105 15
13 184
152 110
18 58
114 155
116 43
55 138
5 143
108 100
50 81
5 71
13 160
80 72
142 92
66 63
84 191
105 65
148 64
86 56
159 25
101 118
186 177
40 128
69 48
105 154
83 35
148 1
50 137
151 196
47 112
4 45
91 54
13 4
76 95
116 174
40 163
108 55
156 2
130 145
51 121
131 7
88 127
157 52
157 147
79 6
145 126
129 189
91 78
22 73
145 106
13 111
139 114
91 130
76 142
188 192
51 158
96 149
94 69
35 9
4 50
76 83
156 134
9 173
164 96
192 120
92 38
13 167
63 51
45 188
162 97
52 185
145 101
195 20
47 66
88 67
160 12
34 176
4 57
88 93
164 193
148 165
29 84
46 89
142 44
164 27
15 32
174 180
111 104
118 98
137 161
131 5
135 26
98 49
18 125
50 133
142 108
12 17
162 88
116 18
58 150
4 94
4 105
135 166
160 156
46 70
114 141
88 103
200 22
52 62
125 11
124 152
135 102
18 123
170 34
127 132
105 124
13 162
39 199
162 40
160 159
137 200
37 129
4 148
145 16
85 146
109 85
43 113
181 197
130 181
183 59
179 47
174 190
25 117
165 178
79 23
29 36
40 109
197 14
45 119
108 153
97 46
76 139
173 8
67 170
200 131
130 77
79 172
45 76
130 41
152 39
174 80
50 79
4 136
13 164
175 182
124 90
87 169
45 82
125 107
165 175
88 10
15 30
75 37
