11296 4003

0 9
75 37
69 68
61 8
68 58
93 49
48 6
51 38
30 98
2 36
31 71
90 27
27 72
34 85
4 85
44 54
33 43
5 19
34 90
63 93
16 69
36 43
37 63
3 11
1 62
47 70
84 79
62 47
73 83
8 0
33 66
4 78
66 9
27 54
21 71
3 4
61 30
2 35
96 73
74 66
41 26
17 95
1 34
11 15
11 13
13 43
35 6
25 0
90 63
1 52
14 63
76 80
5 21
6 97
72 20
18 64
12 19
95 16
29 22
78 99
89 56
13 68
78 92
16 53
21 32
38 17
56 43
34 21
76 91
67 43
18 65
68 29
22 83
7 12
27 76
21 45
23 36
26 44
39 87
3 81
94 78
36 24
8 42
18 25
62 39
57 73
92 50
83 60
42 79
55 0
16 46
82 86
14 28
82 61
78 88
90 40
1 10
56 77
59 85
