21974 20357

13 52
147 37
30 48
11 42
5 21
169 71
1 46
84 36
116 154
109 127
35 40
5 146
28 191
71 125
118 46
122 133
51 132
17 58
64 123
1 33
16 36
36 172
96 14
27 64
65 129
97 172
40 43
36 114
10 47
51 184
57 137
87 88
67 51
67 131
71 170
16 28
77 89
32 92
154 77
56 96
118 119
50 190
0 113
159 139
29 77
50 152
58 86
50 123
1 75
81 139
55 94
71 100
7 124
22 32
21 104
173 178
117 199
6 24
67 97
161 126
23 65
76 108
194 165
49 74
141 175
8 14
19 171
127 101
22 35
10 55
117 194
25 27
0 3
14 19
131 159
36 65
20 134
46 99
175 193
76 136
16 53
155 114
38 180
42 59
132 13
137 144
138 4
8 60
116 197
138 45
6 40
20 86
141 156
8 106
15 45
0 2
159 66
76 185
36 175
3 102
88 133
45 68
150 179
29 49
182 191
160 165
34 109
4 57
182 187
11 167
119 184
109 52
2 6
28 188
151 163
4 12
71 155
10 44
1 178
110 139
9 11
105 95
4 23
40 84
123 136
79 27
72 128
67 199
130 7
40 90
41 65
72 96
89 98
7 38
185 193
50 69
25 95
188 179
137 77
67 115
23 61
107 130
8 116
10 186
86 152
85 112
130 184
36 174
71 78
11 15
33 120
39 111
187 133
1 85
21 121
181 104
55 145
41 161
16 26
92 166
3 5
83 24
146 186
18 50
22 111
25 37
163 1
74 162
95 158
93 110
66 176
11 103
133 189
149 160
7 91
30 56
43 70
54 120
131 135
115 183
155 198
26 62
151 177
40 143
155 168
12 140
13 63
68 80
113 195
22 73
53 192
104 153
139 196
4 31
140 142
157 155
86 148
38 82
148 164
