200 2000
0 1 38 153
0 2 94 142
0 3 124 45
3 4 75 190
1 5 3 226
3 6 238 134
2 7 181 6
0 8 245 184
1 9 35 200
8 10 228 100
0 11 135 21
4 12 126 24
4 13 40 2
10 14 173 163
10 15 54 70
1 16 109 116
9 17 195 59
7 18 232 57
5 19 195 15
13 20 149 132
19 21 155 122
18 22 51 253
11 23 18 56
9 24 240 42
10 25 158 60
15 26 65 106
13 27 114 198
25 28 227 146
17 29 223 50
18 30 102 219
3 31 79 118
13 32 6 200
19 33 195 102
22 34 202 159
25 35 81 134
22 36 197 69
21 37 185 38
19 38 8 140
8 39 188 253
3 40 221 237
38 41 236 239
30 42 68 16
7 43 91 3
27 44 20 238
15 45 242 178
44 46 146 72
28 47 130 98
16 48 181 234
19 49 122 126
13 50 69 110
15 51 76 111
51 52 22 248
29 53 119 104
12 54 94 166
6 55 7 35
45 56 22 164
30 57 159 13
32 58 122 232
50 59 250 54
4 60 126 60
35 61 223 192
51 62 74 169
21 63 132 4
15 64 163 39
63 65 21 73
28 66 214 137
60 67 105 105
30 68 206 107
28 69 222 21
67 70 38 103
43 71 173 89
32 72 202 2
47 73 106 118
21 74 8 89
0 75 223 239
74 76 92 38
38 77 154 160
14 78 97 79
7 79 19 17
41 80 22 31
19 81 165 185
71 82 95 127
80 83 45 23
66 84 30 34
66 85 189 37
54 86 53 57
82 87 52 194
38 88 92 47
68 89 174 30
65 90 47 245
38 91 219 106
58 92 143 222
3 93 121 158
10 94 97 110
91 95 51 3
23 96 142 227
88 97 56 247
1 98 156 107
84 99 94 79
12 100 22 10
64 101 195 209
24 102 11 165
79 103 225 11
64 104 45 69
22 105 19 253
22 106 192 247
73 107 138 106
95 108 173 154
99 109 35 71
30 110 157 122
26 111 195 184
93 112 199 252
107 113 252 245
34 114 239 203
80 115 229 27
41 116 186 27
7 117 37 2
86 118 27 221
105 119 23 71
50 120 211 31
29 121 73 207
82 122 243 176
106 123 98 250
97 124 193 106
5 125 85 31
7 126 149 252
97 127 81 78
113 128 141 19
17 129 50 101
71 130 174 153
87 131 163 28
25 132 244 51
91 133 185 62
121 134 133 36
77 135 35 120
27 136 204 56
29 137 70 28
31 138 173 222
76 139 122 210
36 140 105 95
14 141 75 86
131 142 62 136
76 143 50 92
71 144 72 76
126 145 47 84
93 146 24 119
2 147 4 103
21 148 83 82
21 149 50 81
46 150 27 173
49 151 40 113
11 152 123 29
119 153 15 91
49 154 138 104
40 155 62 135
100 156 100 121
70 157 33 101
104 158 142 209
71 159 241 139
153 160 83 201
84 161 62 107
56 162 149 164
98 163 73 252
41 164 246 165
61 165 28 200
44 166 107 113
98 167 196 221
82 168 97 224
0 169 25 80
85 170 62 173
87 171 202 60
3 172 101 165
111 173 125 53
98 174 251 148
14 175 172 237
123 176 172 136
131 177 20 12
173 178 175 81
81 179 1 218
16 180 70 89
42 181 203 253
97 182 41 72
106 183 193 117
21 184 217 85
18 185 179 175
158 186 255 251
20 187 63 206
122 188 211 17
74 189 142 202
55 190 49 87
55 191 39 215
90 192 203 50
61 193 198 247
95 194 112 208
193 195 195 215
38 196 226 191
44 197 219 65
34 198 135 178
154 199 68 157
111 35 244 141
187 199 198 95
2 139 15 217
13 125 89 48
156 92 68 148
129 24 11 110
178 77 7 30
94 77 240 25
94 21 30 118
89 97 183 110
65 96 241 242
112 11 100 203
35 184 130 105
152 147 26 56
20 92 38 65
146 174 93 190
31 111 205 227
100 188 38 58
156 33 155 137
73 23 162 244
46 2 181 4
0 24 203 220
79 46 202 203
101 126 128 51
67 142 146 212
175 84 59 156
190 39 67 8
48 26 117 145
125 196 23 218
92 23 202 185
170 76 185 46
86 22 11 101
16 42 144 22
8 89 199 4
18 54 101 148
43 18 213 169
78 122 210 113
64 132 108 174
0 83 197 191
26 127 240 227
120 17 35 26
167 168 183 175
195 143 85 175
120 72 165 130
139 165 210 230
95 61 123 236
41 181 3 62
84 57 160 202
24 92 162 38
146 42 157 195
146 189 67 188
12 176 87 39
63 28 106 160
108 16 14 136
63 135 214 86
95 183 252 113
104 62 72 33
103 99 27 94
157 24 114 3
123 96 95 250
189 18 229 23
110 182 43 46
151 194 107 95
39 175 119 45
38 137 243 49
169 136 208 239
78 133 76 211
161 173 197 159
109 25 61 158
60 5 19 147
160 116 181 128
19 64 96 183
167 177 202 66
88 90 12 48
25 29 6 55
108 135 156 38
11 59 135 28
81 2 8 113
187 71 62 240
139 108 42 63
7 169 166 52
42 72 128 169
62 155 128 98
197 124 16 209
132 9 142 49
81 93 88 184
125 52 13 64
157 92 215 81
181 197 115 22
182 7 127 63
178 42 54 73
94 189 89 42
53 128 170 108
143 192 161 164
199 34 208 83
101 159 157 154
3 95 114 148
183 17 28 36
50 132 100 58
93 183 176 50
141 174 47 182
179 137 27 186
110 160 16 230
134 44 249 244
119 112 38 230
86 166 21 26
53 91 149 24
94 196 173 254
84 45 30 138
30 137 210 5
4 185 214 58
32 139 195 186
2 34 83 174
71 96 88 156
17 12 211 136
22 197 226 222
30 1 175 81
134 92 225 199
114 68 185 45
136 185 35 100
132 174 97 7
151 137 239 114
66 45 125 141
133 102 11 112
91 115 146 23
39 47 77 221
100 23 169 10
139 55 5 171
57 10 106 1
103 27 15 68
175 125 180 217
79 159 152 179
50 193 41 250
27 186 196 188
130 112 146 165
161 82 79 224
49 27 218 213
127 135 40 189
81 170 253 222
170 103 247 92
143 109 251 193
158 152 212 22
71 61 187 20
179 46 79 109
138 4 45 178
4 17 144 156
163 6 50 76
162 142 220 255
192 93 113 97
6 153 235 117
127 56 255 99
132 54 210 103
143 165 219 228
177 145 124 237
85 99 221 211
0 180 110 251
160 158 201 199
133 31 135 221
171 112 114 163
30 62 52 200
68 186 150 30
192 146 40 125
126 184 204 120
191 132 191 24
90 118 236 54
140 174 95 30
124 35 15 245
140 53 199 12
181 177 134 215
152 181 12 209
158 112 191 101
92 91 130 150
144 15 224 230
155 126 123 121
29 24 209 3
112 61 14 150
7 104 12 22
7 133 4 76
40 150 234 149
18 130 124 115
68 110 239 192
57 192 234 245
98 197 78 215
174 198 203 165
12 132 104 227
63 56 45 171
175 159 58 158
24 131 50 171
85 53 181 136
107 197 173 65
53 73 101 112
0 93 75 163
23 170 212 186
24 43 50 232
32 81 11 187
36 130 193 240
30 34 145 3
161 4 26 173
184 174 137 249
89 47 24 215
182 16 39 126
99 91 73 95
12 6 154 109
40 78 9 101
73 93 195 212
152 25 108 112
187 127 23 250
147 163 208 233
171 179 112 184
196 159 2 141
62 26 77 90
193 23 95 118
182 177 236 130
149 23 155 49
192 183 43 25
90 91 85 102
27 102 200 219
50 67 101 182
181 75 135 14
113 85 125 97
100 52 19 247
12 199 236 122
15 135 201 4
130 11 232 177
46 192 31 96
189 39 213 190
16 123 170 159
169 117 175 95
147 146 238 104
49 139 52 153
129 92 199 54
182 108 22 230
194 32 125 247
128 127 97 160
107 41 30 72
12 159 66 204
93 177 206 16
110 108 53 63
64 41 18 179
71 111 63 200
33 12 55 203
102 1 95 13
135 71 158 59
119 82 37 78
169 120 251 61
173 51 201 83
12 156 122 176
140 87 196 22
86 0 48 10
128 99 2 190
76 22 67 119
33 92 67 253
63 104 238 53
3 48 13 123
68 106 44 172
50 4 14 149
129 169 225 54
38 99 214 75
89 164 189 243
150 54 208 158
120 61 11 228
13 12 132 39
149 99 230 129
12 29 136 216
198 76 230 198
3 26 6 201
98 36 201 161
119 113 180 211
93 74 59 8
132 163 219 84
117 62 243 152
132 156 115 210
113 174 58 94
120 63 146 211
28 192 152 29
124 193 54 152
4 25 93 39
92 169 19 205
55 43 249 170
45 10 142 48
21 95 21 136
198 92 61 34
8 91 208 42
167 121 4 189
5 51 73 153
85 74 252 213
113 169 17 79
30 26 42 204
143 102 212 33
41 123 205 63
46 118 251 106
116 3 223 2
95 161 83 102
124 102 225 232
4 169 104 218
112 177 59 45
16 111 232 177
70 24 50 124
154 189 240 255
97 111 36 182
40 182 13 205
186 154 227 149
152 168 151 133
132 47 71 40
71 126 118 105
123 69 48 162
196 39 124 188
72 91 211 143
0 196 67 111
194 156 119 103
117 58 97 188
134 133 88 243
121 4 180 136
109 76 51 230
145 7 91 173
139 185 252 30
189 125 48 185
91 93 108 251
94 176 40 234
141 117 5 218
102 64 59 59
186 50 36 82
55 11 227 216
93 8 143 160
159 87 7 59
164 77 77 179
98 50 201 201
162 19 238 232
6 72 126 44
47 151 185 198
79 187 19 159
89 20 139 245
112 180 158 92
114 158 170 36
156 7 211 29
75 10 20 194
23 14 218 194
60 78 81 217
177 154 232 81
38 136 29 47
193 3 199 61
165 91 74 11
5 128 117 34
63 12 123 194
152 110 126 240
115 183 209 206
97 4 121 224
3 10 174 166
185 69 63 202
168 93 162 202
28 196 179 128
56 51 122 2
162 116 198 25
82 139 151 86
22 120 9 159
27 168 205 83
75 193 228 6
59 81 210 101
73 74 188 60
45 25 99 50
185 112 141 44
160 82 207 215
117 163 239 39
44 54 43 133
185 165 122 248
99 13 194 65
113 155 64 71
65 75 86 187
24 147 20 24
14 46 41 149
19 193 114 230
14 95 219 84
186 26 116 159
128 11 232 8
100 173 88 23
188 37 242 140
85 148 186 211
120 154 210 246
112 116 161 51
160 49 248 154
81 60 117 190
62 194 84 176
15 79 115 156
21 39 60 215
178 187 236 6
38 198 124 56
181 4 9 40
93 119 209 12
30 21 80 157
131 83 198 99
146 119 53 59
72 183 221 197
68 144 150 56
138 132 36 95
61 98 9 72
181 94 18 49
110 43 231 159
41 78 74 142
75 62 103 232
117 53 251 182
50 107 114 32
51 31 218 206
112 96 215 8
150 94 231 190
69 33 195 211
129 15 48 31
153 2 217 72
151 173 126 167
146 89 3 19
105 159 123 123
139 86 119 63
54 50 119 205
81 95 207 40
128 156 235 218
109 197 179 164
162 159 189 46
57 13 104 16
142 169 189 203
62 45 143 55
15 131 183 169
78 145 131 44
99 183 196 113
99 50 150 111
156 197 26 100
91 61 232 204
109 182 159 182
99 163 44 145
184 133 209 108
10 64 232 65
41 71 146 118
62 3 205 32
31 71 92 97
169 125 108 66
40 31 165 40
170 7 67 29
114 1 49 22
104 165 213 67
184 3 30 101
15 141 174 185
153 58 216 82
154 62 153 220
41 54 39 248
177 25 80 32
90 180 105 5
10 104 18 208
136 193 5 196
175 105 40 51
119 167 121 220
88 41 193 140
174 154 182 102
42 79 50 134
120 179 68 181
34 87 123 212
120 139 200 244
146 74 94 22
1 139 101 161
80 178 104 168
164 19 138 166
117 6 54 11
152 80 80 230
62 88 29 26
73 189 5 43
145 144 172 71
156 185 137 91
186 83 170 79
139 180 239 96
114 59 187 112
159 100 127 143
147 79 15 197
40 45 105 39
106 41 88 225
184 138 168 161
172 100 145 31
158 41 169 1
59 62 19 166
102 195 162 235
111 199 173 193
139 67 58 213
184 125 29 200
102 123 110 75
58 16 240 56
135 17 80 78
69 34 179 255
49 109 108 13
79 155 25 64
150 15 18 22
115 3 208 170
116 174 129 231
17 37 156 184
96 119 8 181
32 159 209 205
70 172 185 209
178 54 13 220
49 81 126 18
130 107 68 45
49 17 182 40
77 118 111 114
51 126 254 153
27 130 55 183
81 130 125 52
130 120 105 192
187 147 142 149
158 35 38 213
19 142 249 219
194 89 57 150
66 124 56 120
96 116 157 199
5 26 229 84
175 7 114 74
43 52 186 140
125 94 85 159
178 105 99 130
176 11 10 215
35 73 8 156
138 191 206 139
85 20 36 23
64 24 27 177
167 174 160 54
59 138 165 253
116 5 182 102
28 183 168 231
130 124 118 200
51 87 113 56
102 178 181 195
94 145 244 214
31 172 181 100
191 161 109 235
77 167 100 73
125 64 180 250
192 15 163 159
7 77 225 124
35 71 30 187
102 154 50 53
45 113 8 79
93 114 25 151
119 73 107 199
97 1 65 198
197 100 181 91
88 99 81 25
78 183 179 16
196 61 112 228
155 187 166 183
175 184 22 143
106 100 123 187
0 98 174 80
67 7 229 26
127 102 159 209
79 29 202 1
56 76 135 80
143 101 68 204
190 14 130 103
174 87 49 56
15 123 186 145
139 103 242 155
38 170 229 247
79 145 175 104
109 6 168 252
106 81 82 224
65 173 20 174
89 193 93 247
174 36 245 127
196 117 245 39
137 187 124 178
131 64 40 177
26 98 253 117
187 166 148 70
2 162 147 117
184 192 63 57
132 15 74 158
138 42 228 141
22 19 241 69
9 80 186 130
101 27 139 66
6 190 9 212
20 185 54 62
110 146 59 146
21 106 237 234
64 111 214 15
93 147 6 144
175 72 117 59
46 114 26 216
38 0 135 243
76 174 165 111
192 161 213 105
141 82 123 143
155 163 140 103
102 164 134 209
196 155 37 140
143 154 223 71
97 115 153 124
139 7 130 131
62 161 213 195
65 78 143 163
24 111 253 50
25 151 254 116
183 23 141 22
175 142 146 117
147 168 145 230
55 88 203 75
50 10 220 19
4 104 119 116
126 152 190 144
11 70 151 149
106 108 3 179
185 45 198 97
67 47 205 207
158 85 62 69
77 182 180 76
196 103 164 222
133 131 67 209
78 151 42 132
104 54 190 179
45 3 203 196
174 100 208 242
43 176 148 29
110 47 70 81
33 188 93 87
199 44 26 235
58 57 106 217
105 196 61 158
103 172 180 103
195 13 236 89
57 73 19 95
148 5 67 8
128 33 235 139
136 6 18 208
147 186 209 29
81 191 126 1
163 143 163 182
190 196 157 101
132 142 91 20
40 190 27 40
199 145 91 242
138 54 242 165
70 134 30 218
68 79 33 81
7 16 193 117
85 135 93 31
49 173 214 156
93 186 102 81
118 106 160 236
167 65 1 30
92 49 37 5
56 55 108 177
192 47 208 13
3 76 185 30
141 44 179 2
19 140 46 100
141 157 210 6
195 163 31 219
91 15 107 254
43 50 136 109
183 128 11 50
185 32 125 90
53 79 203 113
170 171 247 188
137 138 143 42
37 29 156 139
139 45 117 186
37 131 52 224
44 40 59 240
160 185 208 202
36 179 79 5
78 130 150 226
136 73 196 112
93 180 110 222
40 136 184 51
30 23 134 229
16 168 202 249
7 70 143 204
47 178 235 51
41 184 107 230
165 7 143 230
28 2 18 56
90 72 215 148
195 50 96 243
10 183 202 82
181 88 139 150
113 118 142 84
113 7 158 88
50 153 170 110
95 80 249 79
128 112 38 194
48 135 182 159
182 47 120 169
65 175 241 51
183 133 173 89
158 101 9 211
92 186 142 187
103 183 36 20
185 172 61 176
34 167 201 171
60 147 245 221
37 173 140 180
106 87 96 139
78 2 185 75
119 6 249 143
114 168 24 187
94 48 64 46
167 111 197 137
175 151 166 132
45 133 44 97
52 89 50 112
71 107 54 107
72 34 63 152
110 10 11 5
6 144 150 91
177 67 10 234
43 14 149 151
192 102 38 175
53 23 168 63
104 172 64 3
181 170 31 251
92 27 206 1
170 60 245 158
139 145 151 164
163 184 193 52
31 167 163 244
25 102 160 116
88 136 80 239
32 37 199 8
114 28 220 33
3 58 26 152
130 56 189 226
33 34 105 213
180 15 122 35
156 73 119 46
42 126 100 101
85 181 145 218
71 48 183 91
117 102 42 235
167 143 57 95
157 193 227 184
193 197 93 91
82 53 111 201
44 114 35 81
90 110 103 92
142 45 7 37
169 72 45 56
101 154 252 239
58 81 44 208
169 166 213 118
106 164 61 242
92 191 75 200
97 116 164 119
191 167 50 142
170 158 227 108
62 79 102 168
77 186 214 130
60 121 131 221
52 102 181 148
32 195 157 135
147 153 96 254
19 0 207 44
107 30 91 106
33 29 201 208
148 140 74 76
145 193 210 148
83 42 47 54
109 27 219 38
161 31 138 236
137 23 89 33
111 41 21 133
182 140 111 165
179 42 181 120
96 197 132 75
179 43 146 242
102 150 28 209
195 10 139 108
132 29 190 39
74 4 25 193
130 135 183 57
31 92 147 154
118 169 85 176
67 29 3 2
162 50 56 15
121 142 136 62
44 135 229 106
84 105 158 182
136 187 94 189
55 132 106 72
197 140 84 72
113 140 252 68
21 82 201 67
76 47 37 116
38 158 88 171
50 52 147 20
191 70 110 188
34 153 44 64
120 155 193 70
95 164 74 223
42 21 181 41
57 127 27 100
126 194 95 97
114 134 36 203
78 63 209 219
74 191 227 171
3 47 183 189
25 31 236 169
46 63 111 21
189 180 117 225
85 192 7 107
32 76 39 78
62 18 10 124
30 134 92 24
174 125 41 76
50 16 67 138
99 108 228 85
95 177 16 182
54 9 225 61
111 84 68 19
24 137 121 250
75 27 54 133
136 52 65 84
10 182 67 59
67 0 91 245
114 153 153 254
144 99 215 78
29 6 202 177
117 11 197 59
140 91 153 148
89 142 21 145
60 188 122 97
165 56 181 247
69 29 116 241
140 93 159 44
118 167 134 208
73 55 88 154
19 83 86 230
189 87 115 119
35 104 199 174
192 179 204 199
3 173 121 222
137 72 237 248
185 29 214 67
116 26 213 245
172 128 23 66
14 174 25 202
35 131 186 72
183 104 40 247
112 123 250 7
150 31 254 87
43 175 161 238
38 14 49 137
10 27 64 171
101 46 228 41
83 93 140 126
177 38 217 166
19 67 187 116
111 4 87 45
96 27 159 225
30 20 86 9
147 142 108 189
79 130 27 67
199 144 11 253
5 149 224 171
175 0 186 107
124 165 145 202
15 86 56 67
132 180 17 82
162 62 4 63
18 181 255 237
129 81 222 25
137 177 125 29
60 119 238 230
150 167 180 89
67 97 84 19
179 109 6 41
90 136 205 32
10 17 16 91
137 86 46 29
134 152 199 36
172 79 14 175
20 57 206 8
59 134 249 172
71 29 78 90
67 152 179 49
111 156 134 40
129 171 41 1
75 31 111 162
139 142 221 84
80 1 199 222
41 59 197 170
62 131 74 15
196 72 227 33
101 85 208 164
110 35 42 183
37 34 158 140
66 9 97 108
43 77 99 249
96 114 175 218
107 163 101 170
66 18 99 231
120 148 142 243
141 147 226 195
179 80 82 203
90 60 67 74
81 131 55 214
71 95 89 243
14 19 16 103
119 67 70 46
104 29 134 13
55 93 215 138
16 121 85 220
103 59 85 21
199 151 209 52
126 58 163 51
114 144 9 67
28 186 88 92
134 24 204 51
2 176 120 228
36 35 54 176
131 73 149 18
127 50 62 140
141 183 127 187
32 196 120 48
77 48 14 46
69 132 169 114
59 20 23 185
83 185 112 153
78 197 14 108
130 106 198 147
136 174 212 64
28 70 112 80
150 30 84 132
46 186 183 1
17 105 195 27
94 148 150 202
199 71 239 214
156 183 29 15
31 89 167 49
165 42 54 2
61 48 162 24
180 92 127 187
198 110 138 218
150 134 248 44
36 178 81 239
156 187 46 14
160 154 2 111
59 19 169 72
78 189 250 61
192 29 122 80
13 149 222 244
12 32 144 79
134 43 185 219
73 52 94 176
38 87 9 124
100 18 199 9
179 50 8 32
80 129 32 53
136 116 55 159
60 44 21 136
55 20 230 199
198 181 12 220
150 9 134 215
0 29 59 73
151 145 196 220
58 164 74 242
46 71 210 19
148 180 179 176
66 174 102 253
32 104 122 68
61 85 232 174
122 40 10 22
87 2 249 251
121 24 115 137
71 181 2 63
20 78 75 232
2 19 161 147
59 104 4 170
180 12 244 48
157 192 156 208
63 196 127 249
135 81 211 34
122 168 44 29
186 183 56 210
175 92 50 210
15 96 54 152
68 38 255 218
78 89 58 238
116 32 86 204
60 176 55 119
140 70 80 118
14 171 61 145
52 29 67 80
119 187 214 77
110 41 121 217
107 48 7 42
24 112 33 61
109 151 76 233
5 76 186 217
48 73 135 55
114 78 198 45
114 30 163 133
110 174 144 73
158 198 193 41
68 91 23 15
147 34 147 135
62 151 14 18
63 134 184 161
139 174 150 46
175 46 3 63
22 152 86 114
111 83 22 40
103 68 214 96
159 103 130 142
181 8 78 249
56 91 9 48
134 14 183 35
90 101 78 209
65 110 67 30
192 164 14 236
141 7 133 69
134 68 146 144
5 109 75 122
20 116 200 148
192 76 105 218
184 152 195 80
179 78 208 189
25 161 139 23
38 81 16 58
4 172 139 148
48 46 18 75
26 65 215 102
109 18 47 26
181 6 163 147
177 97 153 140
166 118 71 40
104 101 54 24
187 110 166 154
10 159 255 197
178 2 204 66
35 115 169 216
106 167 85 53
145 132 227 105
165 132 127 54
107 165 214 191
179 133 50 96
182 88 136 101
104 164 143 226
94 81 127 46
152 118 203 127
113 91 157 203
180 75 5 115
2 110 95 16
30 38 232 69
25 136 205 4
157 170 201 233
105 186 173 149
169 165 158 190
103 100 84 253
50 86 189 203
140 154 42 83
2 186 102 69
188 15 149 50
199 140 89 108
85 64 10 213
140 185 47 187
128 170 160 144
175 153 63 233
58 132 214 85
76 79 159 83
169 133 13 44
65 139 128 43
98 120 244 135
191 149 239 145
158 132 1 97
55 160 202 68
118 43 35 241
128 69 137 194
135 13 90 36
31 74 161 28
56 111 84 63
196 31 247 238
16 54 166 139
116 44 179 78
133 85 224 49
178 150 117 143
176 28 124 53
23 168 141 195
129 181 20 78
52 185 208 47
94 170 75 143
180 22 62 157
192 68 54 113
187 126 224 189
138 170 150 6
152 194 64 70
81 148 17 121
178 98 55 150
154 94 128 47
142 40 231 205
131 72 213 229
190 60 141 87
101 165 103 245
180 30 202 106
147 32 126 232
15 193 105 86
154 148 150 174
15 146 160 214
16 154 241 21
72 154 240 209
125 24 66 242
124 79 70 84
56 79 232 189
125 151 233 125
119 8 250 161
23 61 202 238
68 76 95 10
27 48 119 211
107 126 87 175
80 74 115 87
133 190 72 255
40 6 163 62
145 117 177 243
182 46 126 112
76 107 133 251
77 84 73 249
138 2 190 178
35 57 149 113
162 11 128 140
118 31 63 222
87 97 125 60
31 146 86 111
23 64 204 53
21 142 229 49
51 195 33 217
28 184 75 30
138 21 79 135
142 83 183 135
138 125 234 240
81 14 64 153
184 110 168 86
99 122 46 227
112 86 135 236
179 26 145 17
57 137 24 94
147 41 130 139
35 122 91 252
105 56 119 103
65 156 250 94
4 45 179 171
140 142 233 186
66 35 66 91
177 157 87 233
160 10 155 171
171 96 192 199
18 184 220 225
61 149 228 161
150 20 128 122
199 49 113 80
172 166 101 43
43 37 191 88
74 47 239 139
34 166 187 153
141 101 139 138
1 70 213 188
10 161 221 114
80 181 213 164
9 0 37 65
156 27 149 246
184 17 193 149
128 195 102 217
128 28 61 74
114 52 240 120
146 157 238 197
157 76 206 90
186 98 8 211
177 188 114 81
169 187 42 87
101 49 127 58
120 111 108 172
50 28 221 2
90 186 106 244
197 19 174 4
181 77 53 232
50 148 5 157
156 130 112 203
176 22 17 199
183 74 234 62
179 24 240 69
94 136 131 23
100 81 80 105
35 29 175 154
21 156 115 162
16 122 12 3
157 89 59 37
185 7 73 92
69 76 233 113
146 67 18 201
47 79 110 156
96 97 127 104
28 4 212 94
26 10 213 117
31 5 188 177
35 77 196 211
142 87 195 56
158 129 140 12
117 179 204 166
37 133 53 134
54 194 182 95
174 39 75 221
154 196 162 50
115 100 147 94
63 162 181 206
179 159 82 54
11 159 200 67
115 191 187 107
68 141 193 253
153 51 217 10
146 188 166 169
128 40 178 67
28 87 93 30
121 145 245 15
18 158 97 218
30 24 207 188
153 5 3 18
64 59 156 251
1 131 26 25
159 16 237 130
46 90 174 196
50 42 136 177
48 70 108 231
183 2 131 32
121 81 93 36
142 49 42 153
74 170 71 240
88 195 33 89
67 59 181 161
106 98 19 148
83 11 87 222
103 147 107 253
70 56 95 113
79 181 248 13
24 77 255 91
71 151 20 61
134 73 75 67
145 135 200 158
143 80 208 167
89 64 13 62
161 183 162 165
106 154 118 78
183 173 191 128
165 89 254 191
71 49 109 93
52 126 33 88
148 122 206 121
134 179 112 107
103 158 189 83
56 174 231 142
61 143 93 234
0 6 108 21
78 143 113 64
86 119 201 209
160 0 239 52
54 26 205 96
187 160 242 103
132 122 54 34
86 98 238 184
163 109 168 6
147 15 74 181
36 95 70 148
137 122 20 1
27 192 169 35
81 83 63 161
167 94 20 92
26 119 190 95
53 56 138 224
62 91 220 246
175 22 142 4
91 182 151 30
0 31 126 153
142 133 6 82
153 180 87 155
183 117 125 86
90 130 114 171
132 78 120 242
177 22 76 207
152 4 226 22
14 33 54 67
40 133 52 91
80 66 63 253
52 133 162 87
123 115 164 151
24 50 9 204
32 90 146 136
99 127 115 247
175 4 251 48
59 158 201 169
121 149 98 173
179 169 164 54
28 132 19 92
117 166 168 65
128 149 183 51
32 180 189 126
82 107 231 225
47 107 204 142
158 137 123 218
21 154 115 194
30 81 168 130
182 104 10 222
110 162 12 224
25 90 39 25
46 151 16 48
84 115 99 123
117 12 164 110
65 150 130 215
193 147 219 106
9 192 240 58
62 60 100 234
159 83 18 173
166 190 38 149
164 30 164 231
94 147 180 4
86 4 202 44
46 59 173 179
63 130 71 137
174 133 62 36
95 39 168 224
35 40 16 48
139 44 160 205
32 145 77 20
164 162 35 139
79 178 73 15
174 38 6 71
61 141 223 6
180 178 49 237
123 74 210 212
77 10 92 224
30 90 164 175
149 89 123 84
159 123 103 190
22 54 176 140
115 57 163 108
94 6 119 234
102 126 19 5
103 18 72 215
196 15 249 193
173 9 237 107
108 153 57 18
139 31 95 172
193 10 255 24
106 19 95 163
39 7 4 148
109 198 180 25
52 198 42 207
141 98 176 68
4 195 252 161
24 59 104 239
13 17 90 37
42 161 12 206
184 167 9 189
170 92 167 56
72 62 48 89
75 52 82 200
30 69 172 123
63 137 17 95
88 102 131 181
144 197 127 77
100 27 109 63
81 104 40 98
2 133 250 160
17 178 211 249
193 182 215 234
195 187 158 10
143 179 75 228
106 65 234 238
71 178 230 224
79 99 70 166
31 110 217 90
168 46 32 239
47 8 165 82
100 143 217 111
6 152 127 146
123 39 168 226
56 52 142 133
13 10 169 94
186 182 89 36
188 131 139 39
164 184 19 78
70 59 179 72
115 176 150 241
154 156 28 8
66 158 90 125
183 65 198 74
166 83 109 204
160 124 7 245
187 35 215 168
163 43 240 129
88 128 134 66
53 26 68 228
110 194 24 224
157 26 130 226
85 45 25 222
3 114 239 202
136 109 33 233
70 126 101 194
47 88 218 182
84 182 7 199
18 65 170 101
175 5 179 14
101 91 39 182
1 189 80 183
19 54 142 125
15 82 166 69
0 124 248 150
108 130 29 3
103 194 80 163
128 58 82 186
108 64 167 38
167 130 99 237
191 166 6 255
18 27 62 24
149 123 126 241
78 167 96 121
188 6 5 95
124 89 235 189
97 125 103 110
132 197 220 4
150 132 220 63
73 59 238 175
15 176 33 232
5 143 244 28
34 65 113 143
159 154 58 195
120 165 228 227
130 69 146 120
88 8 159 130
188 28 192 154
14 113 154 63
70 63 74 231
190 52 116 168
50 82 192 241
55 75 154 155
93 70 3 35
52 98 104 55
165 38 148 50
163 124 31 34
192 110 184 214
179 113 230 235
75 109 198 71
134 115 28 196
144 36 236 231
188 166 5 92
99 178 154 181
18 183 77 97
53 20 11 186
18 60 134 112
96 111 181 206
82 100 230 186
10 47 98 172
123 131 163 123
36 102 8 160
196 111 88 200
163 130 22 11
27 185 66 99
5 123 61 172
21 145 168 130
89 72 225 228
56 129 252 67
80 26 66 190
189 176 44 201
137 71 114 235
76 99 4 176
70 166 198 100
25 193 116 11
49 13 109 230
48 45 92 150
128 103 148 44
148 133 38 189
178 169 67 127
79 19 90 112
194 155 66 126
79 2 48 103
36 159 95 200
135 117 219 48
48 163 124 196
17 118 105 127
129 194 98 160
63 179 50 147
7 63 80 58
24 83 197 76
179 152 214 14
38 117 88 217
49 69 30 18
137 195 235 21
176 16 155 60
197 12 92 189
175 25 149 151
189 62 125 30
142 189 89 253
25 111 215 85
59 154 168 227
57 74 203 232
133 64 219 2
138 110 112 72
148 69 64 240
14 87 73 232
196 52 203 218
192 49 212 28
61 189 111 162
13 188 14 87
166 2 47 137
50 61 176 29
143 75 62 189
124 2 143 81
77 67 140 74
46 167 186 126
177 146 248 207
36 192 238 230
185 184 236 17
196 142 73 7
119 49 180 48
68 133 194 28
37 186 162 223
87 40 210 65
199 31 174 46
67 124 61 25
33 49 46 251
106 62 67 194
117 104 185 51
29 46 136 248
3 17 27 21
190 140 98 23
154 187 83 222
82 88 247 22
57 22 210 91
166 128 148 206
71 186 65 251
13 60 158 54
173 101 105 231
84 168 176 157
48 69 173 140
169 106 153 112
84 38 97 183
163 113 235 70
85 166 40 190
83 75 237 1
58 37 166 196
125 71 34 142
163 91 220 228
152 186 147 210
30 165 106 145
46 3 145 21
18 99 86 235
127 54 14 113
67 128 101 86
124 188 5 26
34 8 74 134
27 197 147 78
73 64 72 216
115 156 5 185
91 174 28 71
145 106 99 236
67 22 103 204
129 182 111 34
66 33 91 3
168 96 58 40
199 166 4 240
99 169 156 253
65 178 216 90
24 84 109 212
106 148 77 152
108 52 133 227
90 133 7 69
68 158 174 79
90 159 113 39
84 187 48 3
17 151 156 77
10 99 23 232
85 76 81 141
84 5 121 50
172 83 169 183
171 23 187 27
53 189 12 71
153 77 255 162
73 12 202 139
177 98 112 153
105 37 5 185
102 147 20 15
105 12 4 228
0 51 77 145
92 10 25 196
102 129 31 40
38 187 176 122
134 10 128 144
185 75 143 73
47 138 12 125
104 72 185 180
150 33 146 54
171 55 169 122
70 25 146 12
155 41 1 11
196 60 246 15
53 30 25 239
2 53 8 76
33 46 165 94
15 136 138 22
176 53 55 75
123 110 65 168
15 97 161 250
168 0 136 212
173 15 186 214
91 29 76 178
63 11 69 239
49 85 197 26
188 4 76 82
126 136 15 120
16 132 55 179
166 170 81 11
137 0 36 134
169 153 59 151
88 145 158 152
158 163 60 71
60 128 90 187
126 185 79 19
95 169 188 211
11 30 233 4
98 60 91 140
115 87 119 136
23 32 125 58
174 190 4 4
155 63 10 148
142 124 125 65
21 127 251 18
145 180 35 128
53 157 133 140
108 131 160 109
143 156 173 149
101 110 188 211
91 64 226 21
76 55 79 144
29 92 70 168
49 52 156 232
76 175 154 63
194 31 138 148
39 88 98 3
155 7 230 144
70 176 154 12
86 167 153 178
109 139 56 152
125 17 190 142
23 68 211 70
125 124 214 48
130 169 250 212
188 70 46 2
77 140 37 64
108 79 183 168
144 184 25 6
6 139 127 200
16 197 47 46
179 123 149 60
157 2 132 203
169 161 56 190
183 94 20 125
130 158 128 221
114 8 91 62
34 44 152 6
66 88 33 72
38 144 9 208
180 98 86 217
175 124 3 90
82 181 88 93
15 50 155 126
131 195 160 66
126 88 243 155
149 178 39 19
131 118 3 69
91 66 219 44
165 173 194 30
24 31 157 246
181 58 20 196
28 158 129 172
32 94 113 61
198 22 233 240
190 178 124 126
120 117 160 62
55 155 16 49
51 70 52 36
157 182 185 64
17 83 144 248
13 153 98 78
37 56 79 124
172 2 21 193
30 196 154 12
185 163 98 245
7 13 149 155
60 72 246 73
166 50 251 250
3 86 183 226
120 58 255 25
193 171 82 212
80 151 186 60
186 175 89 118
128 157 238 82
160 100 91 126
111 142 77 18
49 97 23 101
106 8 95 194
110 180 40 59
199 122 216 127
4 165 252 181
125 7 60 254
17 149 89 41
52 121 110 239
52 39 39 239
96 172 213 163
143 176 15 46
130 103 55 29
29 41 10 199
46 30 201 109
138 104 199 18
38 1 108 21
84 189 24 230
75 40 220 210
107 0 7 30
0 63 123 219
45 17 115 110
19 65 254 102
134 71 119 214
56 182 42 78
111 126 254 124
54 140 201 167
167 52 229 137
122 58 87 239
156 160 184 246
11 192 66 8
101 86 163 253
33 8 206 88
87 33 160 198
71 84 203 56
2 36 167 212
98 22 157 121
101 184 8 52
45 157 2 253
167 41 12 105
108 30 48 35
167 114 214 157
122 135 28 150
167 44 102 60
145 75 224 100
68 57 228 255
42 101 46 78
18 129 77 118
86 41 251 226
14 88 11 30
77 64 84 144
62 130 120 190
48 108 125 136
87 167 83 246
149 147 238 145
197 117 168 213
14 119 81 112
115 149 184 54
56 71 142 95
57 76 168 92
81 99 112 42
129 99 207 99
181 15 76 90
92 195 64 130
56 170 112 39
59 118 24 143
100 59 230 83
178 140 14 160
27 80 32 194
39 176 231 77
149 53 26 9
48 105 80 228
186 163 190 234
54 195 53 155
71 68 183 32
162 1 160 79
168 59 25 152
90 24 228 106
181 101 237 193
95 34 22 123
105 13 240 135
116 54 66 82
159 5 142 57
128 165 109 13
0 115 148 69
28 24 125 199
183 191 22 226
86 145 229 177
113 177 54 253
170 95 164 62
78 17 142 14
129 39 166 39
42 55 115 158
179 100 218 100
20 96 229 165
106 39 228 196
12 66 242 242
183 149 205 248
7 164 241 97
173 190 20 181
155 150 180 67
92 193 12 106
96 158 101 153
170 18 116 46
53 49 65 2
