6181 10955

55 28
69 110
64 131
125 111
93 70
86 24
186 128
22 105
125 181
49 41
1 188
130 87
108 125
162 107
90 167
165 132
0 38
129 19
178 196
48 30
188 129
110 13
140 55
49 73
181 31
53 111
9 52
193 110
30 82
32 100
109 12
39 48
165 88
175 8
69 12
199 91
125 101
94 67
44 66
35 144
152 183
157 188
46 48
141 85
6 176
117 124
172 175
105 81
108 119
175 153
64 140
192 166
144 158
66 16
198 57
3 156
134 157
73 94
181 174
78 190
20 27
165 177
34 70
195 48
14 129
84 155
33 39
186 184
160 120
139 41
52 71
96 0
6 120
114 123
7 107
129 156
110 195
162 5
191 160
8 110
14 174
9 70
129 42
180 188
41 55
116 97
6 164
101 135
25 71
33 25
152 67
0 8
125 151
66 185
100 59
139 78
179 70
168 160
119 25
144 92
24 95
7 101
106 170
155 129
28 84
26 32
72 192
171 78
132 72
55 32
114 87
17 48
152 43
50 194
91 169
163 71
130 53
23 20
167 196
158 113
187 18
23 169
60 146
145 42
49 116
168 13
166 29
78 143
161 135
46 194
53 165
161 170
85 70
199 187
123 62
4 15
112 25
83 23
132 189
89 95
1 138
61 166
16 122
168 128
187 143
150 132
89 4
147 121
124 132
16 43
16 74
113 179
108 24
117 133
53 56
58 101
12 198
173 51
18 10
167 160
142 10
137 183
12 154
51 186
10 65
111 75
136 168
121 44
170 11
21 160
127 92
84 63
185 80
148 144
2 126
197 180
22 61
146 129
118 93
193 40
6 45
76 90
126 134
107 77
115 66
188 102
68 47
159 93
149 49
133 104
62 36
137 79
164 182
98 24
33 103
181 99
37 93
111 68
54 48
