3629 16416

80 140
159 143
77 191
169 82
196 116
2 5
123 41
26 193
156 8
145 161
131 65
150 62
150 162
147 181
68 107
146 27
53 91
194 139
85 136
71 28
22 145
16 17
119 82
57 199
172 99
164 32
161 175
9 93
28 79
57 188
125 187
98 137
49 130
84 141
166 119
136 70
186 72
165 8
18 48
194 29
5 113
97 70
16 70
39 96
135 34
5 160
90 131
109 153
98 42
72 8
51 179
98 177
115 10
131 145
172 161
65 163
39 67
25 78
43 147
26 143
81 168
46 27
138 103
54 117
166 76
132 110
62 70
52 166
62 55
141 63
24 52
161 143
118 50
16 169
8 24
14 24
49 36
185 186
130 7
154 192
170 122
38 192
114 77
77 112
110 165
90 59
176 160
172 101
132 124
169 167
20 115
164 17
88 169
173 5
42 147
129 9
89 117
52 98
113 70
66 160
94 127
101 89
168 63
80 94
17 190
58 40
76 36
183 118
33 86
34 29
172 93
173 189
169 79
85 144
133 97
149 146
196 157
121 48
44 171
18 95
34 160
179 58
153 91
38 118
95 11
185 39
44 9
140 190
4 99
160 142
175 114
164 111
177 87
162 38
104 119
110 20
182 143
133 103
29 123
9 20
16 81
31 122
90 151
53 158
66 46
80 51
122 180
120 115
84 60
30 106
126 86
12 30
141 47
160 19
25 194
175 64
92 16
0 167
95 129
15 33
109 12
103 12
35 133
3 55
77 13
198 153
89 6
125 87
140 37
152 50
104 74
151 69
197 153
19 195
193 199
184 4
45 58
21 112
102 76
77 170
58 61
23 27
173 15
199 83
20 56
105 141
71 68
189 128
1 198
177 100
174 53
73 97
196 9
75 183
1 178
134 196
83 155
116 148
24 108
