11860 1203

113 183
195 83
104 118
81 144
64 153
70 155
72 140
1 14
77 153
170 124
116 182
91 19
119 61
60 146
134 90
136 140
56 129
106 193
83 180
89 22
53 121
66 116
63 135
9 39
10 91
147 144
14 182
38 18
99 66
96 125
174 61
25 63
194 187
171 126
61 102
170 176
181 128
86 174
162 145
109 106
112 50
15 52
10 62
5 59
0 121
162 11
199 110
189 99
37 145
162 129
46 58
193 120
12 163
78 190
136 184
138 84
111 94
7 146
16 54
117 19
99 47
91 51
43 194
102 158
21 180
97 195
58 43
122 169
62 54
178 87
124 1
119 29
79 67
121 46
141 78
68 199
24 123
163 104
101 33
110 11
27 184
138 30
129 133
114 10
8 159
118 52
3 80
157 177
149 183
186 176
143 140
74 9
64 199
100 122
184 132
81 191
145 26
4 131
135 3
12 117
178 139
104 88
124 112
78 87
143 45
128 69
77 52
66 37
164 112
2 76
95 177
48 169
115 56
137 134
15 168
194 98
197 185
101 5
116 95
92 63
25 28
85 46
147 60
104 142
114 8
132 101
103 176
118 61
135 17
46 179
108 104
8 193
147 160
158 60
35 141
27 13
183 86
78 144
45 20
91 169
111 45
179 11
144 136
107 0
147 171
79 118
175 184
148 124
83 6
3 183
29 9
183 55
153 125
22 104
137 31
8 105
173 190
41 67
6 30
49 41
109 134
36 131
25 73
55 165
158 185
18 114
152 134
176 76
131 91
63 181
65 196
44 182
82 121
117 167
192 171
95 151
128 23
154 48
39 130
97 4
80 24
94 198
156 150
61 70
138 75
166 106
196 142
42 193
40 24
93 151
172 166
161 39
34 86
150 154
71 180
127 12
57 96
32 187
33 188
