50 75
0 1 130 130
1 2 7 7
1 3 163 163
2 4 97 97
3 5 215 215
1 6 169 169
0 7 54 54
3 8 248 248
5 9 172 172
5 10 203 203
10 11 228 228
6 12 22 22
3 13 247 247
8 14 200 200
13 15 127 127
14 16 27 27
15 17 156 156
7 18 20 20
13 19 30 30
9 20 22 22
2 21 11 11
18 22 137 137
0 23 170 170
15 24 132 132
23 25 194 194
20 26 220 220
18 27 199 199
22 28 86 86
11 29 43 43
10 30 53 53
2 31 174 174
29 32 172 172
13 33 186 186
8 34 209 209
24 35 140 140
3 36 146 146
10 37 122 122
12 38 193 193
14 39 10 10
22 40 165 165
24 41 140 140
41 42 237 237
18 43 186 186
11 44 132 132
14 45 182 182
19 46 57 57
8 47 30 30
10 48 209 209
32 49 204 204
43 47 187 187
39 47 231 231
17 21 214 214
22 36 68 68
45 4 145 145
6 16 217 217
37 31 133 133
22 43 236 236
31 41 160 160
39 7 91 91
26 11 150 150
19 6 85 85
40 46 9 9
2 23 193 193
38 0 15 15
46 33 217 217
49 37 77 77
32 17 32 32
5 6 210 210
11 13 14 14
24 0 42 42
44 48 120 120
46 27 154 154
39 35 23 23
35 16 50 50
49 6 157 157
