18394 18394

16 186
3 8
13 41
19 55
33 75
75 125
137 61
21 29
0 1
150 50
28 129
61 112
12 63
176 179
13 71
17 36
13 159
43 146
98 45
18 32
12 39
51 81
106 5
155 194
1 35
143 157
57 157
52 119
155 150
94 86
193 39
79 120
67 108
103 133
51 173
92 172
12 44
184 98
7 13
182 76
27 97
98 174
3 11
6 44
153 44
6 46
188 197
13 19
37 82
71 133
122 128
34 6
50 131
97 162
84 64
37 95
23 160
91 196
141 178
4 20
62 101
87 127
13 99
85 164
193 162
124 140
151 23
89 132
45 144
120 136
142 165
20 33
173 12
170 159
166 170
29 43
35 151
15 30
17 26
48 141
55 124
20 151
36 68
191 181
5 57
34 95
10 89
13 53
48 110
1 182
13 74
4 7
99 145
5 6
11 47
12 163
66 91
48 60
141 139
124 59
14 22
153 150
97 121
169 175
15 78
72 87
3 5
17 90
118 122
17 169
28 69
24 27
126 176
136 142
47 49
42 72
48 170
20 9
10 103
159 171
28 38
20 104
114 167
65 166
0 67
56 58
20 93
23 34
156 122
40 52
112 125
46 126
10 189
14 25
45 113
51 88
109 137
32 50
69 118
24 66
158 114
35 70
133 92
98 159
5 100
16 197
7 15
94 177
50 129
58 59
45 54
5 14
59 123
83 139
27 161
0 31
10 111
38 134
91 105
35 183
65 77
18 21
8 62
178 185
78 84
196 42
112 135
5 197
25 181
21 148
39 115
46 116
145 158
49 94
152 156
2 162
44 168
30 85
69 175
30 192
18 73
88 187
91 147
16 102
78 154
136 187
189 190
79 119
99 198
130 153
7 117
71 107
2 149
9 199
36 180
7 195
41 96
10 80
111 138
