500
500 7031
499 86600
498 6438
497 66253
496 58073
495 5195
494 86600
493 36681
492 97255
491 11166
490 99076
489 97255
488 43817
487 35848
486 64026
485 51679
484 62030
483 75880
482 60085
481 57464
480 35592
479 22635
478 36887
477 30682
476 47385
475 48081
474 49683
473 58970
472 43553
471 39391
470 52599
469 50391
468 67688
467 44913
466 39411
465 52038
464 54200
463 54180
462 58125
461 23381
460 52599
459 11964
458 27586
457 67971
456 78804
455 24419
454 16833
453 3267
452 35252
451 51673
450 55349
449 5376
448 80968
447 21141
446 21101
445 69637
444 97255
443 68780
442 55638
441 74618
440 54180
439 14972
438 99652
437 26728
436 51942
435 54864
434 91471
433 85325
432 20875
431 49288
430 64104
429 81481
428 60390
427 42852
426 19974
425 34619
424 18398
423 70390
422 14901
421 57107
420 41659
419 51132
418 45610
417 34626
416 54584
415 52432
414 50468
413 81493
412 20990
411 83086
410 86886
409 85551
408 30361
407 70776
406 49157
405 65499
404 11166
403 62692
402 62433
401 60970
400 12867
399 67971
398 68672
397 66307
396 1628
395 47845
394 88698
393 28222
392 23306
391 92056
390 33361
389 23704
388 70776
387 75810
386 3739
385 68672
384 34402
383 55943
382 27322
381 83840
380 93972
379 48448
378 43817
377 2322
376 9632
375 36345
374 40927
373 42547
372 22997
371 78395
370 52599
369 34220
368 13297
367 36340
366 46724
365 22584
364 84634
363 29772
362 34619
361 20248
360 55091
359 31090
358 49200
357 54898
356 89163
355 47199
354 11296
353 3667
352 65953
351 17693
350 21808
349 39946
348 19520
347 367
346 1948
345 30395
344 99076
343 57353
342 99422
341 47353
340 19001
339 58546
338 7080
337 60952
336 47698
335 19951
334 87037
333 36187
332 57524
331 60838
330 23664
329 30259
328 37951
327 19681
326 54591
325 54137
324 94353
323 27867
322 97152
321 2290
320 8459
319 7031
318 62793
317 57322
316 60952
315 74918
314 72198
313 86905
312 16771
311 97067
310 70302
309 65252
308 66910
307 2888
306 868
305 10145
304 30735
303 75984
302 22732
301 98945
300 48765
299 64589
298 65334
297 48925
296 733
295 30259
294 3739
293 48980
292 67141
291 94236
290 15824
289 50218
288 53308
287 70770
286 89479
285 62888
284 62030
283 30259
282 97598
281 6458
280 85255
279 28551
278 95518
277 89430
276 50152
275 19803
274 80877
273 26505
272 34734
271 4802
270 99038
269 85909
268 56465
267 55668
266 77378
265 17277
264 7672
263 18926
262 59820
261 39138
260 28974
259 2688
258 61326
257 16199
256 52317
255 27867
254 92268
253 23461
252 83840
251 3772
250 61055
249 18341
248 70178
247 77802
246 34168
245 17277
244 14621
243 22732
242 45030
241 49067
240 34220
239 77687
238 10327
237 24053
236 79375
235 19757
234 11316
233 5627
232 80903
231 80877
230 31684
229 90588
228 13081
227 36907
226 95338
225 26505
224 76159
223 14799
222 76888
221 16285
220 98945
219 3619
218 25501
217 15614
216 74310
215 40550
214 63082
213 5252
212 90060
211 50322
210 24594
209 59231
208 54898
207 57361
206 15384
205 67048
204 12995
203 20056
202 42964
201 69053
200 83987
199 76737
198 1667
197 71923
196 64553
195 19160
194 11316
193 70390
192 45837
191 2371
190 29972
189 67940
188 94353
187 85642
186 34782
185 70918
184 2701
183 98439
182 89847
181 11689
180 60970
179 82376
178 6611
177 54861
176 43459
175 6099
174 3739
173 2290
172 23339
171 65729
170 17177
169 58737
168 32645
167 92913
166 82376
165 78636
164 31528
163 22472
162 9641
161 64164
160 41922
159 72034
158 62104
157 44844
156 28088
155 2934
154 67014
153 51089
152 85611
151 72034
150 18773
149 67817
148 91524
147 68174
146 32227
145 66797
144 10552
143 73176
142 30287
141 22210
140 94547
139 74918
138 46037
137 783
136 45074
135 14809
134 22939
133 20837
132 98537
131 64589
130 71229
129 38111
128 74798
127 28643
126 58601
125 41232
124 77289
123 21141
122 96119
121 25465
120 57915
119 28935
118 32492
117 18209
116 53279
115 85085
114 97444
113 87485
112 87762
111 11166
110 36340
109 22732
108 72193
107 34841
106 34469
105 38659
104 32541
103 74690
102 98899
101 55481
100 15614
99 68871
98 51381
97 50469
96 64215
95 29590
94 17096
93 18750
92 93869
91 89576
90 67960
89 37054
88 27510
87 59881
86 31883
85 79349
84 17839
83 39696
82 54836
81 93869
80 92839
79 62179
78 72538
77 26787
76 91902
75 72049
74 82281
73 91889
72 55638
71 8718
70 26214
69 49512
68 27496
67 67230
66 74009
65 3881
64 91298
63 78690
62 46513
61 17881
60 6105
59 26096
58 92491
57 25337
56 23908
55 33353
54 19532
53 99355
52 58879
51 80877
50 9799
49 47851
48 72616
47 50153
46 83371
45 12503
44 3840
43 41291
42 5942
41 53308
40 68174
39 10327
38 41189
37 75984
36 80135
35 73614
34 88372
33 85316
32 38539
31 20548
30 11615
29 42555
28 76815
27 19141
26 22384
25 64553
24 48060
23 90306
22 26341
21 17577
20 83998
19 32939
18 11291
17 90306
16 48023
15 18604
14 9717
13 49395
12 22836
11 98690
10 28691
9 27867
8 81134
7 62022
6 33034
5 51749
4 36187
3 68914
2 90060
1 64830
