500
500 93528
499 30989
498 16652
497 93528
496 11886
495 1535
494 39593
493 39593
492 55982
491 42312
490 72272
489 27365
488 76516
487 79634
486 87422
485 86041
484 28291
483 25107
482 54455
481 45289
480 33359
479 82069
478 10663
477 55533
476 83701
475 89933
474 15516
473 45984
472 28291
471 37560
470 2950
469 25529
468 84487
467 98843
466 44396
465 19633
464 16206
463 87422
462 97339
461 38867
460 63294
459 29243
458 8086
457 26983
456 33522
455 62354
454 37341
453 19013
452 92885
451 3653
450 62813
449 12520
448 67865
447 22661
446 93634
445 95515
444 86756
443 82018
442 98928
441 96946
440 79634
439 52305
438 15662
437 28665
436 92060
435 66688
434 32921
433 50121
432 1343
431 26325
430 19830
429 57931
428 14856
427 30973
426 92060
425 63136
424 96227
423 41236
422 75523
421 72776
420 15831
419 78157
418 98747
417 99686
416 62354
415 76516
414 53176
413 5748
412 63415
411 91359
410 63415
409 40616
408 59114
407 90449
406 92522
405 42824
404 2950
403 26050
402 36773
401 14214
400 62324
399 34587
398 71778
397 22076
396 53310
395 98843
394 95515
393 59669
392 38290
391 35741
390 85975
389 36288
388 33841
387 52310
386 97019
385 82095
384 79846
383 29587
382 30989
381 63917
380 1071
379 47856
378 75847
377 33459
376 56869
375 36114
374 11451
373 8690
372 751
371 55452
370 15314
369 8082
368 4911
367 62478
366 96183
365 32152
364 12235
363 6525
362 23999
361 71072
360 40565
359 75267
358 29617
357 29587
356 30973
355 72285
354 12441
353 24607
352 50017
351 70282
350 47027
349 17242
348 46418
347 47710
346 63136
345 56878
344 59114
343 92522
342 3250
341 87628
340 62354
339 82038
338 90459
337 17983
336 1547
335 7085
334 68295
333 45094
332 19211
331 56152
330 62646
329 20307
328 86002
327 46222
326 23671
325 11044
324 56885
323 25446
322 51679
321 60552
320 89276
319 48215
318 21043
317 1006
316 48659
315 81035
314 63014
313 57959
312 44692
311 1796
310 45340
309 52663
308 87092
307 25107
306 12520
305 36114
304 29919
303 27744
302 84021
301 91266
300 8936
299 79634
298 39184
297 41282
296 75125
295 76462
294 55168
293 43560
292 18231
291 17242
290 56880
289 65555
288 51373
287 55579
286 91215
285 81760
284 35644
283 56481
282 92298
281 53860
280 27824
279 67278
278 97447
277 98747
276 83641
275 65173
274 82095
273 20699
272 51293
271 89314
270 43168
269 47631
268 71413
267 48659
266 49727
265 2950
264 97423
263 37473
262 41579
261 96164
260 43042
259 44766
258 14826
257 69511
256 95152
255 41113
254 23401
253 65383
252 47027
251 10358
250 86041
249 60172
248 42759
247 5625
246 84647
245 22077
244 31506
243 35885
242 96946
241 39591
240 87970
239 29115
238 7142
237 39568
236 11677
235 87491
234 38579
233 29617
232 83364
231 91359
230 51098
229 51282
228 16493
227 97750
226 76435
225 24156
224 50066
223 76892
222 83701
221 14214
220 4605
219 91408
218 41117
217 23701
216 33210
215 47153
214 73484
213 63917
212 9459
211 92608
210 80155
209 83447
208 4844
207 90044
206 48014
205 14513
204 25509
203 9301
202 66641
201 64027
200 14722
199 22521
198 97454
197 45780
196 35854
195 45544
194 23407
193 96662
192 14853
191 45801
190 93187
189 71863
188 90485
187 30989
186 22256
185 49291
184 54455
183 18992
182 86041
181 78803
180 6445
179 98843
178 41762
177 43867
176 49971
175 31553
174 97437
173 39131
172 95251
171 78478
170 50017
169 21907
168 84346
167 22996
166 74620
165 1990
164 45838
163 4159
162 21358
161 89871
160 25642
159 95884
158 93055
157 30430
156 61705
155 10772
154 84098
153 29108
152 98188
151 99119
150 30871
149 84301
148 56696
147 21325
146 87171
145 51951
144 6749
143 40949
142 27213
141 13427
140 60721
139 24023
138 95821
137 34964
136 27851
135 81690
134 31036
133 97538
132 98876
131 7930
130 55305
129 59174
128 96555
127 31279
126 20757
125 30377
124 56124
123 29694
122 94304
121 27292
120 71073
119 85696
118 83066
117 47734
116 10836
115 45923
114 61927
113 1
112 51679
111 15831
110 64736
109 52676
108 53760
107 6525
106 32580
105 97750
104 59473
103 45561
102 63912
101 18396
100 74326
99 68698
98 79510
97 16215
96 41755
95 60581
94 88767
93 33569
92 41034
91 51679
90 17724
89 25442
88 75430
87 39198
86 42720
85 97534
84 17911
83 97766
82 3414
81 95152
80 9839
79 14826
78 4606
77 45076
76 28157
75 67063
74 40222
73 85609
72 2837
71 67802
70 61605
69 96946
68 86487
67 17950
66 70320
65 90513
64 57931
63 86378
62 93583
61 6525
60 29115
59 88890
58 75769
57 33996
56 22731
55 35318
54 25442
53 38000
52 40142
51 94829
50 1695
49 7200
48 58000
47 25742
46 50471
45 51837
44 17242
43 47734
42 1199
41 93921
40 61190
39 73233
38 9494
37 32035
36 68292
35 26088
34 39591
33 95232
32 21744
31 32189
30 34033
29 26154
28 13184
27 51110
26 36288
25 82780
24 62735
23 34057
22 93628
21 56286
20 7930
19 143
18 71413
17 2969
16 15094
15 11767
14 87491
13 37663
12 10042
11 65063
10 44766
9 58827
8 7576
7 33290
6 35860
5 77706
4 15975
3 98772
2 69240
1 64924
