500
500 31411
499 72270
498 79767
497 56054
496 45665
495 82129
494 47839
493 21324
492 62126
491 47839
490 31775
489 45665
488 50514
487 15806
486 47178
485 35847
484 45665
483 2236
482 11528
481 31411
480 98864
479 54628
478 11528
477 63590
476 688
475 96851
474 91713
473 69716
472 88833
471 68271
470 54211
469 99909
468 3362
467 56620
466 39379
465 5435
464 42283
463 78669
462 88363
461 50895
460 11528
459 69229
458 96955
457 73411
456 11528
455 41853
454 27801
453 73411
452 39169
451 65264
450 15657
449 23313
448 53675
447 3262
446 64945
445 21324
444 38319
443 76263
442 37469
441 32662
440 88833
439 86276
438 37671
437 90577
436 54226
435 41779
434 59028
433 7527
432 64379
431 34144
430 21324
429 33433
428 45435
427 26440
426 31477
425 303
424 17745
423 70748
422 15775
421 77698
420 68786
419 28899
418 24828
417 50814
416 83685
415 98349
414 588
413 76240
412 24828
411 29905
410 2583
409 89252
408 14912
407 11305
406 39658
405 77698
404 33433
403 40103
402 48684
401 24993
400 31796
399 98171
398 96068
397 41479
396 41381
395 70021
394 67288
393 2867
392 69137
391 41634
390 91540
389 99294
388 24977
387 27506
386 65804
385 63623
384 5163
383 45618
382 46439
381 18775
380 48490
379 39924
378 30381
377 25879
376 41527
375 67798
374 99423
373 87755
372 39618
371 45736
370 88958
369 63530
368 44504
367 24207
366 33680
365 52929
364 87755
363 84203
362 89578
361 81260
360 11204
359 49060
358 69138
357 62592
356 24243
355 70491
354 26337
353 35358
352 56574
351 14912
350 47585
349 81765
348 72190
347 29733
346 66827
345 65404
344 99184
343 40540
342 40103
341 22351
340 50440
339 28973
338 29269
337 79550
336 60551
335 62592
334 57652
333 86001
332 65905
331 29971
330 90664
329 39497
328 26152
327 18549
326 70539
325 18952
324 57355
323 48546
322 72988
321 74421
320 19761
319 18254
318 56564
317 97783
316 65625
315 90441
314 81211
313 68992
312 5040
311 44281
310 25200
309 11305
308 10231
307 43128
306 1227
305 55891
304 13066
303 62700
302 16192
301 82975
300 98469
299 23148
298 44880
297 490
296 36082
295 76796
294 43128
293 40753
292 52525
291 63315
290 76263
289 87287
288 88833
287 45401
286 19761
285 22457
284 2694
283 34972
282 62700
281 17028
280 59099
279 81491
278 48769
277 21408
276 93098
275 79868
274 14681
273 22438
272 85036
271 80086
270 96190
269 21634
268 36431
267 12154
266 80794
265 71207
264 79794
263 30329
262 57455
261 28291
260 88891
259 42253
258 63516
257 23591
256 89024
255 86016
254 14735
253 59028
252 17147
251 40103
250 10888
249 28776
248 8090
247 76471
246 63347
245 56778
244 42253
243 31382
242 55375
241 70425
240 50644
239 6892
238 96296
237 87968
236 97723
235 27674
234 36214
233 75272
232 65206
231 60730
230 72366
229 88533
228 21324
227 95166
226 30207
225 29957
224 24993
223 2559
222 97683
221 51409
220 26032
219 79362
218 21519
217 65470
216 52548
215 78267
214 1129
213 90577
212 91133
211 80694
210 96955
209 49635
208 28019
207 71803
206 24730
205 11639
204 32470
203 65696
202 93230
201 24833
200 98532
199 83808
198 120
197 45665
196 46734
195 18952
194 26936
193 55425
192 82987
191 88628
190 22895
189 26342
188 20963
187 74676
186 1873
185 83524
184 76578
183 15903
182 92536
181 14819
180 27449
179 18928
178 58679
177 32284
176 44478
175 90236
174 41641
173 46451
172 96068
171 85278
170 77993
169 72673
168 52929
167 7727
166 56619
165 85043
164 17227
163 65017
162 56499
161 49635
160 43034
159 67320
158 1106
157 84904
156 66868
155 82697
154 89300
153 74036
152 62590
151 71675
150 3754
149 94908
148 3692
147 56451
146 68271
145 56054
144 85372
143 13144
142 71063
141 27059
140 21324
139 72151
138 96318
137 58939
136 60098
135 48183
134 66484
133 86547
132 2193
131 31382
130 59067
129 79770
128 82090
127 46608
126 65776
125 61273
124 52215
123 88960
122 27506
121 28162
120 83546
119 9088
118 77774
117 64253
116 90686
115 66243
114 41775
113 31382
112 82811
111 30485
110 34872
109 41232
108 3689
107 92401
106 760
105 50058
104 58695
103 5320
102 97128
101 84273
100 19649
99 17745
98 74349
97 11450
96 11305
95 19002
94 75485
93 15656
92 80794
91 18885
90 71352
89 75444
88 48856
87 45556
86 34144
85 86084
84 56180
83 33929
82 37103
81 32003
80 27404
79 86962
78 31513
77 20493
76 9289
75 64998
74 83997
73 46005
72 83846
71 50815
70 35919
69 68304
68 14450
67 94516
66 3154
65 90550
64 61008
63 47998
62 36685
61 4892
60 120
59 52929
58 43641
57 88315
56 512
55 30667
54 63623
53 62638
52 48123
51 57625
50 7404
49 52141
48 69339
47 99609
46 28776
45 83808
44 15502
43 61735
42 66472
41 26032
40 7267
39 69900
38 44434
37 11702
36 43449
35 1873
34 65186
33 52943
32 41921
31 85421
30 84344
29 86907
28 30316
27 37671
26 43259
25 65093
24 95444
23 89988
22 40062
21 93104
20 34901
19 79587
18 36958
17 85856
16 65473
15 94920
14 94480
13 36942
12 98469
11 40228
10 69676
9 87612
8 11797
7 16632
6 93484
5 61052
4 7616
3 49066
2 26337
1 58679
