500
500 236
499 774
498 1522
497 6882
496 1565
495 1565
494 4870
493 1610
492 1951
491 1981
490 8571
489 2119
488 2273
487 2301
486 2319
485 2363
484 3856
483 3598
482 3654
481 10631
480 2043
479 4171
478 4387
477 1601
476 5570
475 5734
474 8379
473 1522
472 7017
471 7495
470 7610
469 7782
468 8735
467 7928
466 7928
465 8102
464 8350
463 6506
462 8948
461 8626
460 8700
459 7859
458 8909
457 2363
456 8963
455 10888
454 9601
453 10217
452 10209
451 12534
450 3761
449 10882
448 9386
447 11845
446 13007
445 16830
444 12314
443 23298
442 15313
441 12534
440 9784
439 12657
438 12657
437 11872
436 13347
435 13624
434 13643
433 16637
432 13673
431 15554
430 12422
429 13820
428 15565
427 15644
426 15817
425 16056
424 16290
423 16366
422 12202
421 16933
420 16593
419 13665
418 17369
417 16942
416 17513
415 17584
414 18552
413 18899
412 25212
411 18744
410 19510
409 19787
408 19789
407 19822
406 20124
405 20133
404 20133
403 20175
402 25363
401 12398
400 20865
399 20967
398 27169
397 22009
396 22498
395 22647
394 23366
393 23931
392 22943
391 37729
390 23743
389 33155
388 24030
387 21788
386 24073
385 24159
384 24161
383 24229
382 24620
381 24371
380 24643
379 24854
378 24855
377 24995
376 25053
375 18830
374 20488
373 25633
372 25761
371 25861
370 25863
369 26305
368 26176
367 26674
366 27532
365 26824
364 26876
363 24055
362 27045
361 27218
360 26454
359 20701
358 28302
357 28482
356 29338
355 28828
354 29137
353 28482
352 29603
351 29609
350 31550
349 29856
348 30500
347 29847
346 30561
345 23720
344 31452
343 30422
342 31784
341 31876
340 32658
339 37750
338 32975
337 33108
336 33152
335 27949
334 33419
333 33183
332 33764
331 34149
330 33585
329 34293
328 33419
327 44179
326 33900
325 34078
324 33555
323 34178
322 33653
321 36084
320 34619
319 35206
318 35391
317 33866
316 41689
315 35746
314 35846
313 41486
312 36084
311 39727
310 36405
309 36776
308 36630
307 37017
306 37243
305 37459
304 30788
303 32855
302 37914
301 37997
300 38431
299 39691
298 34499
297 36352
296 40098
295 40324
294 40506
293 40514
292 40618
291 47412
290 40981
289 41407
288 41453
287 45934
286 41682
285 35709
284 41720
283 41776
282 43755
281 35702
280 42424
279 42936
278 42481
277 42553
276 42481
275 42991
274 43171
273 42195
272 46185
271 43510
270 53995
269 43741
268 43297
267 46527
266 42360
265 44195
264 44297
263 44572
262 43303
261 44812
260 45135
259 45355
258 46878
257 45918
256 39848
255 46094
254 43541
253 44698
252 46252
251 46411
250 44113
249 46135
248 45696
247 50982
246 50886
245 47444
244 47779
243 49545
242 48368
241 48874
240 49338
239 49255
238 59021
237 55719
236 50311
235 50381
234 58325
233 50786
232 50874
231 49843
230 50911
229 52233
228 51182
227 51839
226 52040
225 40960
224 53610
223 53113
222 53168
221 53168
220 53349
219 50464
218 53943
217 54678
216 54113
215 54135
214 54568
213 54675
212 47080
211 54840
210 55086
209 62080
208 47440
207 55991
206 56143
205 56151
204 57355
203 56506
202 69684
201 56703
200 64599
199 57125
198 55345
197 59649
196 57437
195 57631
194 59573
193 57702
192 57957
191 53083
190 48336
189 58465
188 59079
187 57797
186 56190
185 56701
184 63179
183 64038
182 66101
181 61106
180 61379
179 64173
178 60941
177 61624
176 61982
175 57205
174 59971
173 62771
172 64340
171 61961
170 65907
169 63895
168 73344
167 62308
166 63113
165 64440
164 64511
163 69096
162 56811
161 67734
160 64973
159 72179
158 63567
157 66044
156 60072
155 66190
154 64583
153 66782
152 66959
151 73457
150 67222
149 67462
148 67593
147 64673
146 68051
145 68303
144 68907
143 68920
142 69049
141 69049
140 72895
139 76632
138 69666
137 70295
136 62771
135 70623
134 78496
133 71202
132 71270
131 71652
130 65193
129 77891
128 66515
127 80966
126 69049
125 73010
124 73034
123 73041
122 73158
121 60513
120 67072
119 73529
118 73622
117 74839
116 73678
115 75416
114 75265
113 75146
112 75464
111 82781
110 76197
109 76259
108 76502
107 85676
106 76794
105 70826
104 72521
103 78017
102 79258
101 78248
100 77117
99 78976
98 83242
97 78090
96 88320
95 79928
94 72874
93 84691
92 81256
91 83951
90 82109
89 92802
88 86607
87 82781
86 82975
85 88413
84 91277
83 83620
82 81819
81 84438
80 79983
79 84901
78 85172
77 86506
76 86628
75 85172
74 82628
73 96228
72 89493
71 86750
70 91198
69 87041
68 87435
67 79370
66 76179
65 88520
64 89261
63 72760
62 91213
61 89572
60 90301
59 90302
58 90311
57 90455
56 90787
55 93656
54 94375
53 89536
52 94838
51 90791
50 91544
49 91372
48 92573
47 92334
46 93566
45 79131
44 82124
43 92899
42 92927
41 93218
40 93252
39 92674
38 93588
37 91559
36 94198
35 94375
34 86789
33 92285
32 94954
31 98492
30 95160
29 95642
28 97065
27 97649
26 86622
25 96157
24 97053
23 97065
22 95788
21 97108
20 97125
19 97277
18 97496
17 96071
16 97707
15 97999
14 98074
13 98091
12 98230
11 98492
10 95116
9 98904
8 99138
7 99430
6 99434
5 99444
4 99583
3 99430
2 99441
1 99801
