500
500 1467
499 185
498 9020
497 10281
496 1081
495 268
494 1263
493 1325
492 3640
491 1550
490 5908
489 2257
488 2420
487 3282
486 3100
485 2420
484 3445
483 3603
482 1165
481 3847
480 4105
479 4253
478 4319
477 4875
476 6048
475 4685
474 13341
473 5048
472 5684
471 1714
470 4699
469 6458
468 6476
467 6730
466 6730
465 11445
464 18017
463 7475
462 7515
461 7574
460 661
459 20844
458 8197
457 8672
456 9665
455 8744
454 11648
453 5040
452 15747
451 11823
450 9733
449 9746
448 7580
447 9665
446 9262
445 274
444 8970
443 13671
442 12431
441 19624
440 13135
439 7447
438 13388
437 12564
436 13756
435 13764
434 13972
433 14151
432 14151
431 14500
430 14796
429 15491
428 17672
427 19468
426 17669
425 15954
424 7959
423 16945
422 15861
421 17177
420 15734
419 18310
418 19282
417 22227
416 7475
415 18265
414 17852
413 25028
412 19352
411 19181
410 19257
409 17887
408 19170
407 10454
406 30388
405 19563
404 12769
403 19635
402 20120
401 20152
400 22569
399 20394
398 20596
397 16877
396 21827
395 22065
394 22134
393 17982
392 22227
391 20142
390 22904
389 23517
388 23818
387 24013
386 24204
385 24502
384 24723
383 24778
382 19020
381 25032
380 25106
379 26089
378 25569
377 30685
376 31950
375 26241
374 26323
373 26381
372 26525
371 28552
370 26663
369 30059
368 26739
367 26967
366 29611
365 29266
364 28644
363 26591
362 30023
361 26732
360 30148
359 30148
358 39636
357 30516
356 30550
355 25781
354 30977
353 37753
352 31212
351 25160
350 32311
349 32523
348 32579
347 32790
346 32811
345 32895
344 35003
343 32935
342 33366
341 33754
340 33989
339 34234
338 34326
337 35245
336 34637
335 34864
334 34896
333 34939
332 35405
331 35040
330 34621
329 32900
328 35548
327 49236
326 37459
325 35567
324 35992
323 40371
322 36171
321 36578
320 19529
319 46063
318 37374
317 37459
316 35716
315 37742
314 30977
313 39863
312 38330
311 38531
310 39040
309 42560
308 39088
307 36822
306 39701
305 39710
304 37995
303 40212
302 36089
301 40395
300 40755
299 41383
298 41587
297 41972
296 42893
295 41766
294 42254
293 42085
292 41607
291 44490
290 42407
289 49724
288 42565
287 42577
286 42858
285 41633
284 42869
283 42923
282 35967
281 43168
280 48378
279 43562
278 47410
277 42373
276 48007
275 44813
274 43349
273 45623
272 49409
271 36828
270 44434
269 46216
268 46620
267 46759
266 45971
265 46881
264 47270
263 47299
262 48060
261 47444
260 47782
259 47813
258 43752
257 48060
256 46202
255 44954
254 48576
253 48982
252 46764
251 43063
250 49637
249 53743
248 49848
247 50199
246 50492
245 54854
244 51979
243 51979
242 54941
241 52027
240 39040
239 52302
238 52334
237 52778
236 53597
235 53530
234 53158
233 53733
232 52282
231 53780
230 53780
229 53810
228 53851
227 54059
226 54153
225 54235
224 54348
223 54256
222 54472
221 54733
220 57331
219 54747
218 51002
217 60496
216 55544
215 55616
214 56043
213 59355
212 56267
211 56549
210 56901
209 56986
208 56043
207 57098
206 57163
205 57245
204 57270
203 57055
202 57588
201 57417
200 57797
199 57812
198 57857
197 57873
196 60415
195 58115
194 58180
193 58277
192 58421
191 58493
190 58673
189 59259
188 50543
187 58012
186 65922
185 60950
184 61422
183 61690
182 61851
181 62107
180 62199
179 62469
178 62471
177 74501
176 62625
175 62943
174 66413
173 62645
172 64052
171 64514
170 64733
169 64819
168 55278
167 64832
166 65942
165 66143
164 66387
163 66609
162 66548
161 62736
160 67159
159 67197
158 67664
157 71910
156 67953
155 67953
154 69752
153 74200
152 70430
151 71102
150 71121
149 77333
148 71167
147 71308
146 67808
145 72129
144 76759
143 72969
142 73521
141 74184
140 75973
139 62471
138 74598
137 75299
136 74893
135 83006
134 69903
133 75624
132 75783
131 74819
130 76055
129 76207
128 76240
127 76536
126 76587
125 79277
124 76742
123 72947
122 76951
121 77356
120 78584
119 77048
118 77738
117 78084
116 76711
115 78487
114 88385
113 80902
112 78307
111 80390
110 80442
109 80563
108 80776
107 71153
106 81278
105 81283
104 82053
103 81526
102 81356
101 82952
100 81909
99 81801
98 82244
97 82660
96 81909
95 75094
94 84646
93 88459
92 84895
91 83843
90 85588
89 93791
88 84604
87 85289
86 84686
85 85607
84 85680
83 84873
82 86480
81 88000
80 86646
79 89857
78 87000
77 87218
76 87292
75 87533
74 87401
73 95544
72 87642
71 87757
70 92770
69 90088
68 88157
67 94741
66 87002
65 88190
64 90223
63 88666
62 88755
61 92071
60 89164
59 88266
58 90936
57 86557
56 95065
55 89939
54 91466
53 91766
52 89070
51 92222
50 93137
49 92441
48 93114
47 92571
46 92666
45 84030
44 87773
43 92918
42 92993
41 92554
40 92269
39 93513
38 78535
37 85985
36 87378
35 93540
34 96158
33 95004
32 94764
31 95052
30 92681
29 93948
28 95706
27 95752
26 94463
25 96660
24 96800
23 96801
22 97063
21 97063
20 97307
19 97447
18 97556
17 97678
16 97692
15 97708
14 98240
13 98390
12 98402
11 98520
10 98703
9 98703
8 98765
7 98779
6 98958
5 99248
4 99488
3 99710
2 99710
1 99767
