500
500 95
499 401
498 185
497 526
496 4524
495 923
494 935
493 1180
492 1552
491 1497
490 1335
489 5782
488 2456
487 2813
486 2877
485 3086
484 3304
483 3492
482 3627
481 5352
480 3769
479 4119
478 4245
477 10177
476 4624
475 4815
474 5014
473 794
472 3600
471 5323
470 5415
469 10621
468 2383
467 6393
466 9624
465 7156
464 7229
463 7255
462 7229
461 7573
460 7679
459 16594
458 16538
457 8033
456 8061
455 8229
454 8276
453 8338
452 6726
451 25933
450 10612
449 11476
448 10050
447 5352
446 10295
445 10540
444 9902
443 5709
442 10655
441 11050
440 9907
439 12287
438 7856
437 12524
436 13721
435 13786
434 12423
433 13460
432 13594
431 13602
430 13688
429 12673
428 13784
427 13786
426 13017
425 15361
424 14199
423 16024
422 7777
421 15491
420 15583
419 24863
418 16357
417 13030
416 9709
415 16600
414 16690
413 16857
412 16897
411 17000
410 17042
409 23194
408 21821
407 23040
406 17858
405 18205
404 18279
403 18420
402 19427
401 19606
400 20606
399 20606
398 20833
397 20963
396 21003
395 21063
394 22319
393 21474
392 22071
391 17720
390 22100
389 22100
388 22424
387 32535
386 35044
385 22753
384 22922
383 17106
382 23031
381 17796
380 23186
379 28654
378 24010
377 26960
376 24077
375 25175
374 24612
373 24611
372 15079
371 25099
370 25104
369 24387
368 25263
367 13786
366 28861
365 26693
364 26734
363 26935
362 26860
361 24010
360 26992
359 27052
358 27204
357 27791
356 27497
355 28405
354 27930
353 28561
352 23019
351 22394
350 25733
349 29620
348 29266
347 28949
346 29520
345 29919
344 21263
343 29986
342 30147
341 30806
340 30942
339 37192
338 32575
337 33803
336 32087
335 28710
334 31018
333 32778
332 39642
331 32907
330 33767
329 35898
328 33873
327 35823
326 34260
325 34859
324 29919
323 47020
322 35265
321 35332
320 40282
319 33489
318 35915
317 35918
316 35993
315 38410
314 36194
313 36486
312 36800
311 37236
310 31052
309 37444
308 35075
307 38112
306 38256
305 35997
304 38541
303 38930
302 39046
301 39067
300 39173
299 39423
298 31443
297 39874
296 40267
295 34227
294 43684
293 49927
292 40770
291 41145
290 40967
289 41337
288 41573
287 42106
286 42238
285 42250
284 43480
283 43505
282 40302
281 43547
280 38012
279 43723
278 43724
277 43858
276 44293
275 44296
274 44460
273 45395
272 44818
271 45052
270 45144
269 44596
268 45976
267 46081
266 46351
265 43715
264 47111
263 47135
262 47237
261 47782
260 47863
259 47931
258 40596
257 48341
256 48280
255 48341
254 48561
253 59738
252 51091
251 55683
250 48747
249 48975
248 50948
247 49596
246 49744
245 48587
244 50077
243 50356
242 53378
241 49301
240 48702
239 51091
238 51116
237 51608
236 51871
235 53573
234 50687
233 53009
232 57153
231 56370
230 53230
229 52729
228 53408
227 59024
226 52701
225 53791
224 55600
223 54245
222 54266
221 54329
220 54421
219 54658
218 54675
217 54245
216 48703
215 56070
214 53143
213 57780
212 53014
211 57417
210 57427
209 57949
208 58184
207 67116
206 58655
205 57910
204 53535
203 59048
202 59048
201 59105
200 66534
199 60196
198 60272
197 60572
196 60945
195 60991
194 61020
193 61571
192 61571
191 48226
190 61721
189 75846
188 62975
187 63055
186 63210
185 63273
184 63480
183 70978
182 64035
181 64202
180 61582
179 64988
178 65097
177 65358
176 69704
175 63798
174 65617
173 65886
172 66087
171 64951
170 67075
169 75296
168 71893
167 73560
166 67798
165 67861
164 67888
163 67980
162 68283
161 71486
160 68638
159 69018
158 71659
157 65576
156 71002
155 87032
154 70312
153 70549
152 73224
151 69380
150 69751
149 68492
148 71618
147 62414
146 65617
145 71639
144 67136
143 72412
142 72313
141 72552
140 73177
139 70883
138 67847
137 73566
136 73993
135 74286
134 74390
133 74578
132 74785
131 74823
130 77619
129 75158
128 75225
127 86238
126 56397
125 75694
124 75028
123 75859
122 76676
121 78490
120 77131
119 71692
118 79050
117 78620
116 79007
115 79410
114 76676
113 79628
112 79754
111 87935
110 79827
109 92881
108 75296
107 69789
106 88474
105 81140
104 83176
103 81485
102 80780
101 82116
100 81949
99 82515
98 82612
97 80093
96 81882
95 83299
94 83461
93 83736
92 84040
91 83934
90 83857
89 84786
88 89742
87 84854
86 85162
85 85216
84 79773
83 91657
82 80365
81 92359
80 86859
79 81077
78 87158
77 87428
76 85355
75 88209
74 88906
73 80835
72 88268
71 89174
70 89352
69 89352
68 94061
67 89812
66 89915
65 90257
64 90382
63 90493
62 86210
61 91499
60 91590
59 90889
58 92041
57 86436
56 92426
55 92481
54 92591
53 95242
52 82703
51 93002
50 93039
49 93061
48 93131
47 93140
46 93296
45 96846
44 93361
43 93361
42 93296
41 93697
40 84838
39 94061
38 94192
37 94467
36 95083
35 92731
34 95256
33 95644
32 95769
31 96299
30 96339
29 96809
28 93361
27 96850
26 96904
25 96978
24 97039
23 97396
22 97544
21 97663
20 98254
19 97691
18 97692
17 97692
16 97913
15 97986
14 98078
13 97691
12 98254
11 98272
10 98524
9 98766
8 98689
7 98784
6 98950
5 99043
4 99043
3 99191
2 99191
1 99726
