500
6750925 9310
7042907 6210
3974789 81336
8524616 62236
9895600 33410
2433764 68221
8154173 10984
5381867 73976
798807 7397
782371 54449
3265644 96329
3777334 28069
1263402 95121
3758613 38428
640643 76097
6609543 89430
1347301 45230
9358023 46915
3657727 71173
760541 19655
1207084 7150
4177083 22943
8999584 57618
6774939 27877
6626055 41054
5589948 36354
469147 46998
4146537 7840
734202 89524
1231444 8300
2679721 23222
6525008 98876
1277754 71142
7847530 37653
3168368 44013
3624472 81862
4086823 94181
698762 64717
151968 43934
3420009 61563
7101661 95158
1867138 18040
3857260 22352
3447346 96042
2559270 76889
5951943 14369
3546942 89843
6345390 5743
6213813 91459
5008819 76316
9952205 80295
6638645 94150
2710743 61985
1614047 82434
2220358 35587
8777139 98869
3484442 1235
7406194 28780
3096222 38445
8939878 69210
2540343 59164
7073730 65261
8777139 4677
7657383 44183
4755766 69011
8062206 65202
3483015 44013
3467660 12038
669521 63362
3891085 71423
675768 75871
9620629 31762
4528892 76112
9860894 53784
7701490 27789
3829744 2121
5225487 56185
7901984 9310
4209633 60865
7919551 37168
3265644 83492
5467672 51478
1247505 92339
8737890 27573
5345063 76577
1796642 50809
1123878 28133
2470351 39500
2220358 16271
5614987 8045
7644947 98013
2046243 94370
3857260 716
8394485 91055
3189356 56777
7069141 75274
222769 92111
8777139 27877
4105569 8469
7447280 29845
490108 50982
5435461 84734
2429574 66180
3919307 62119
4049940 18508
9152166 47780
2505371 6785
2339752 40020
4146537 30644
812187 69498
408551 15861
6771211 69183
9721599 46915
7800011 5191
702969 57058
7323192 64734
4733734 27453
8889859 11244
2180323 81892
1036974 80821
2452241 25185
1164282 63163
5283830 24281
6587668 73845
8746817 16746
4680809 59100
9695029 46253
7887523 50055
5302585 81083
356587 43453
6895337 94969
8030977 14815
1970504 86981
4145486 18406
5803991 45038
1803451 21466
2114159 47903
7478070 98876
9913268 10379
7043337 98450
7100763 90096
6196535 80308
93772 99543
6304139 78097
3318452 75904
7980553 43584
675768 31995
7750382 48633
9616717 95286
4446102 34190
2716988 28348
4885615 55017
4917752 80769
3334323 34817
9535570 98450
5803991 77543
8777139 98994
3181752 32671
5439092 7986
6176871 75021
8777139 5864
9195481 59266
8177143 84696
7750382 68213
8015003 94106
1160089 34543
8049325 14702
9239663 65695
2510863 45400
3189356 91203
1741622 16868
8366687 34219
4680809 34001
1996039 76577
8154173 57175
7042907 31844
62008 46194
1264327 68195
7069141 90981
1957665 1092
7677609 83224
2452241 13071
2321252 61796
7115865 59764
9920172 86461
7990765 23559
4076274 54690
8516684 46974
7971686 1710
3963736 8149
8393854 34801
4755766 55552
9881743 60464
3484442 92323
4211828 19655
9752547 1843
1260308 7473
5179594 86461
2470351 55294
4220449 36846
4865373 26704
3641622 12367
4177083 18406
2470351 51966
5827394 50914
3724467 89430
7867099 26704
7508670 83475
994576 31092
3770680 25966
5803991 35505
686102 39743
3829744 65519
3224053 71779
4870230 83061
702969 65472
1741622 31762
1714949 53199
490108 61128
2470351 14603
3102516 12747
5166594 93378
7999759 45934
293405 54197
2823482 63297
8324835 24902
3186141 5684
6670472 82689
7594116 82958
9895600 11359
3698581 67694
8777139 26704
2667946 35716
9554348 65695
9152166 85732
7930783 63423
9318846 46591
3618952 97361
2543264 44106
9840992 49709
7526475 1760
7069141 5406
8967729 13154
2563138 66087
5002288 28216
2076172 54946
5408304 16201
8476348 33410
8825361 21674
8087370 95396
2752951 44010
6818603 53984
7069141 91285
3581786 14537
4206332 66900
675768 57635
7959941 45215
8004246 73819
7437269 74880
5559692 77569
3484442 70687
1263323 75959
474962 17540
702969 42609
5721484 10569
2302654 89686
2007214 85667
671951 74081
3273254 24463
5848764 88120
8322757 11185
1488810 6356
2913062 33678
9381917 10002
9237672 15284
7657383 71377
7927832 38273
7146925 5868
2382965 49794
8777139 37188
8889859 73084
6526100 60005
7244158 69011
4406388 90366
6639211 70985
6006737 66365
2470133 11351
3108758 68301
8825023 20577
2470351 80354
6875271 26512
782371 30638
7612834 27877
7836242 71699
3360543 4928
6589826 22251
8154173 14499
4085188 10800
130834 96588
4160213 67752
1239632 64626
1168404 12862
7431736 48404
4131628 9437
2703708 33243
2859188 61415
2110550 24828
2964800 51248
2470351 59685
536683 17540
1274973 25474
8047045 88552
9770896 35307
3189356 83158
6997265 31538
8037131 83158
2470351 86467
2481561 43959
490108 72852
1622226 20166
8983190 16136
6829308 63940
6340989 67698
9389741 82689
1468968 98110
2022742 49625
9875451 13839
8777139 45019
3698581 70985
1962641 99496
3679596 85318
8269174 14822
3975633 54435
6875271 33974
7990712 4857
3676103 84734
8971913 19778
4680809 71345
3857260 91752
7526475 61573
1996039 62396
7509483 50216
2795214 85340
1231444 69866
7657383 50680
9144297 87819
7493518 54690
8766585 76097
8599321 36053
1796642 87918
2221667 16338
3736537 85934
1554901 50076
3447346 25688
6149626 55710
6742352 31724
9979420 33410
3739866 92339
6837499 27914
4597410 16408
7681375 26704
6649746 83475
6667165 68899
2563138 47939
4086823 50455
7367655 42624
5767484 22608
4220449 17011
397384 25877
616204 29279
5899922 5868
8777139 92111
5756553 21890
2725186 29087
8436104 1214
8524616 97361
7019406 65676
983961 3123
6107223 20419
7069141 95698
7334081 57587
1587778 17543
9006993 75136
8518328 36093
8338836 53
3546942 36112
3555370 41545
1603137 57175
7372235 34845
4177083 70510
3857260 12038
6149626 60658
4347847 30117
2666020 89843
5997298 85288
5222902 46441
1192165 51257
8358301 38604
5927238 47307
7447280 74716
9352177 98869
2180323 9359
490108 50088
1741622 42715
1927465 19480
4638842 93810
6292777 16072
7899144 79964
3724467 68114
523861 39531
2703708 52991
7069141 76769
7146925 13187
1714949 42465
3676103 78871
8015003 79137
2589804 89843
4743740 5406
1728899 63297
6626055 60865
4402034 31187
964061 18291
964061 41505
8015003 87318
8029125 88496
3767161 36099
2370833 10526
7115865 10930
961383 13573
9429196 580
8995365 5406
2667946 25954
1796642 1413
6331586 91872
8777139 85887
2233557 84001
9046947 86087
485423 7660
8589269 49585
5614987 67904
6848020 69011
4294342 76014
5767484 2121
1044745 53786
438673 47622
7791291 45230
3061960 7569
2340243 75527
5154346 29020
9920172 11468
878154 39040
4543862 92339
696398 24083
8358301 57175
383933 13218
1923974 21568
8051891 90981
1923974 31548
7131325 58895
7447280 80231
8540085 3917
2543264 99496
9462393 46253
1436651 27124
1339769 95340
3208898 64636
9869047 78969
6107223 90981
8981268 32635
8680629 41853
2090735 44797
4727935 72268
6349937 56221
8825023 45215
8558861 39108
3721622 87682
7069141 13834
1050825 38881
6744832 18341
9046947 97321
7641464 70032
4177083 30152
8142880 80972
4069904 33372
1881565 23697
1115980 77143
3767161 57175
3880633 16321
994576 64659
4049707 13563
1260308 51557
782371 97272
9380126 46915
4768929 46441
1741622 95086
3741035 31019
6131862 55969
606040 45237
6837294 76997
614316 36839
