500
8957559 98719
7111386 85308
603443 15685
7980720 27939
9390618 94399
9762662 80053
5996908 51302
8332616 4933
9848303 23188
6280000 25696
8910558 96811
8910558 53340
2095497 18322
5264799 51286
6451016 64091
772564 72669
7922625 77835
8212149 33846
2454410 35786
828456 41633
357813 24982
2884785 8027
5785690 70353
1183781 78741
2989010 85308
7703178 66672
6432575 53340
3983190 21530
2732828 55359
6451016 1444
622067 15656
6087164 23130
1888341 21146
7722928 36972
9871140 80053
5742374 70178
4677318 49164
1532935 73876
7312693 33023
8675503 65237
8194165 84680
5063295 68623
4007478 3143
480453 20991
4705626 64324
3320847 92051
1212025 576
1218841 34007
8163795 18582
6451016 22404
9757546 88446
3675720 60445
4213984 21308
8910558 8578
3689712 78878
7777930 76564
8754350 80695
793104 21469
821986 15616
1549874 16130
4793799 33848
535543 70336
4724510 1860
2831243 5551
6202504 53111
2034697 36921
8776187 6827
6799119 56512
773377 47640
3677782 90617
4693587 8212
9212203 29499
8678897 62964
9521029 85308
9644013 80695
548643 2677
2444991 94923
8066643 13451
8421419 46539
6980914 50881
8829762 31674
6420003 32226
9044823 76315
9629823 16951
7873128 83117
6892062 37491
7402548 71248
356534 83664
6442331 13572
5575493 21213
1212025 40424
6456316 54426
8990086 77924
2806624 11946
2521541 54361
2095497 64635
5678097 15678
6802256 26579
8110116 20792
6432575 71633
2941361 62857
5099956 35775
9655178 49731
8166630 5482
5077929 5208
3939110 39788
3863887 67076
6491433 40638
2419687 7816
718046 50881
5035393 21146
7971659 25765
6712238 55355
718046 79306
5706022 65697
599431 44415
7978894 20991
8389551 2479
9328679 63056
5997741 31271
6995001 38230
5082843 55667
3919954 55071
7116454 89309
8281920 37491
5752739 5022
6594570 40754
9840605 31808
1121216 71018
3245542 24469
1416973 58174
1725676 17829
8584674 98939
5836675 74384
3677397 7341
4848475 79330
2331970 77385
4426422 65492
4771927 47904
6730073 93369
4007478 91925
7217031 27003
849689 7561
5785690 83006
8949476 7148
1298653 61349
8122596 67608
6990739 55630
3891884 58738
8137316 51855
9435742 68167
6451016 35232
3641879 38744
2989910 13200
311787 61432
6451016 21230
4563668 73628
1407157 82032
4848475 69484
8318482 69093
7345795 31673
2293045 55433
4452262 80695
9564788 59477
6248649 61641
9354555 79599
5752739 77418
3855800 2360
9528329 2916
7723072 49990
4199584 82862
5851335 74641
3213228 91991
6451016 63774
1287834 47407
463054 92851
9110213 80695
9788670 80441
9198941 97026
4783024 10974
4499639 79570
6416842 86129
5678097 27300
3274136 96487
1557340 19984
5687063 68920
2173199 4461
5997741 75640
128 74137
8477156 38062
6148476 66872
9912804 36788
5163565 49676
6167278 90489
6451016 24342
5282102 56097
5433789 92604
7009840 16785
7126492 10993
5687063 18686
3245542 30613
6992374 26554
2983995 74641
5182692 23620
3202510 79657
2817099 79563
1298653 59304
4157428 20718
3911804 33453
2342410 28544
4337662 26280
5886863 2377
8110116 41827
4848475 37495
4740954 40101
5816646 17067
4869733 30279
639094 10159
1325730 83357
772564 41767
5133510 99144
2087038 24
4335233 20980
1507559 24388
849689 25493
1890285 29283
5749959 95690
4140209 62104
9469866 31708
7858938 10766
5282102 84530
9711401 80695
5672834 1428
4323812 52852
9328679 61079
7214047 72865
5264326 91249
8305368 54671
5148168 78279
3733672 28556
3976620 69339
3700822 96956
4637840 99665
9314903 21146
2095497 33044
1287834 94296
4851947 80329
5282102 19291
1703200 72759
1298653 17173
1669521 85183
7367102 8797
334590 3519
8805549 90885
3451267 81730
5039704 7522
3673886 81288
5752739 83117
2078036 87061
9848303 52650
5997741 43060
6451016 28585
356534 70779
6451016 70374
7377054 34146
1955679 43739
7012754 54602
3040696 99189
8682188 20843
5805950 11405
3859846 42349
6451016 69339
9287030 92761
6943468 94065
4931465 15053
2430934 36902
3202510 4732
7674758 69855
9328679 19986
8856146 83062
463054 16207
9585466 80695
8956362 85308
4872423 32772
2418067 99014
3087867 2141
1035546 54278
2414107 87328
2020795 7148
7747975 15168
7846754 77924
9124808 55630
5678097 28034
1436049 52108
6990739 79537
4142144 71613
8177980 42008
1527465 16015
1111967 66449
4820079 77851
7214047 76315
1792615 12344
221301 47244
7275304 3423
5850311 78279
3641879 92245
6324195 96562
68548 11573
1489166 27628
706448 5194
1998138 12474
9789180 10766
5268007 36892
8342218 41968
7469410 39519
4413276 69727
8852554 87161
4882417 71293
356534 37841
8643476 49329
4232995 10358
2095497 63087
2702039 22427
6929596 62964
7297498 68617
4945470 4556
9672847 17539
5454822 83743
7835807 61496
7782172 23620
1850035 72438
8903637 42096
930947 79080
2272046 56063
4612159 46136
1528543 39559
2112086 53332
5264326 79115
2102082 89094
1182533 63495
9713346 34647
3035341 62089
6447617 35099
7737830 87780
7619192 82802
6205633 6550
3930955 58384
8457732 5893
579579 14283
1827827 29598
1212025 57602
537732 20843
6752414 6827
1996949 42250
8166630 19801
6536733 78350
8471469 85308
816209 42982
2020795 77303
5879974 19986
1549874 39457
470572 51531
8661906 47431
463054 12277
8661906 55723
8940615 36289
8619448 99665
4007478 17379
6892062 79816
7147088 6240
463054 73134
255514 92001
8910558 24072
5840980 94340
9265318 52850
400393 57186
8389398 49731
8163530 43454
8903637 67174
2733386 27286
1557340 78350
8163530 69039
4140209 10950
4433283 15053
6410538 75518
6451016 69579
8661906 44498
356534 62606
1290393 72463
4931465 53111
8835340 55630
9478858 10226
7367102 49676
4659873 63636
6201854 68766
1905845 15600
1287834 46562
2008053 44695
9310281 66076
3338313 2232
8559003 21146
4530118 1928
1106738 85457
3692906 54941
6361937 49990
1532935 42330
7930123 10653
1489166 42884
2601415 21899
3174125 93656
2759386 37841
9044823 76268
2817099 76335
2274550 35512
3045505 23579
6975428 53111
1219268 90521
5634561 16432
1270253 79226
8080684 35385
1833033 27704
2240143 2372
1211280 31340
7297844 72521
9789180 14723
5434115 99889
6451016 43084
9850563 81358
9596291 49274
5600449 58762
1287834 22118
1945553 75077
2240143 73001
3705372 29753
2935793 53080
5165745 50080
5997741 70178
6752414 35436
4643355 72934
3980257 95663
6342004 77924
6451016 68507
5443387 82802
5997741 4038
1580169 92143
4232995 50896
1287834 11946
5798937 51216
3324106 84846
372736 72950
5348804 26326
1361162 14486
3349504 85308
4266439 87871
5811383 32046
9314903 23045
7998940 42543
8699801 4808
9552230 59208
5264114 1286
4073818 5142
7582496 17829
2339810 30216
860931 80695
5063295 49315
5723865 60133
7168674 48031
8529371 40682
8910558 57427
9742627 12623
4499639 34362
4102410 59466
6512369 46136
860931 90477
2632621 67441
6451016 4259
1489166 50572
1690534 66077
2139086 46094
1940149 79490
2095497 7855
796811 85192
9032119 18196
6938698 83743
3664477 66047
2289556 46490
8910558 96080
1049723 15401
5894172 63636
6447617 2009
1121216 18465
1528148 17073
8835340 10949
3269610 47318
8457732 88951
2632621 83515
3664477 4808
4412716 87445
5687063 43052
2843781 60417
