500
17 46069
50 57584
73 99660
26 68660
98 55268
75 71978
29 21075
92 96083
55 54028
41 81030
32 17901
30 85623
86 51199
17 8069
95 27081
37 49696
76 95854
78 7051
40 93822
20 86855
73 57344
88 14802
73 83569
32 85100
68 13626
77 43517
34 69843
73 35441
55 71319
8 22346
51 88446
42 93726
97 35767
50 36965
97 15346
73 426
42 30284
66 72639
7 45336
44 94940
65 18716
92 87670
49 57441
99 52029
73 40386
98 92676
76 23143
57 58275
53 50101
68 29972
32 82131
94 80412
84 5223
30 78384
30 11464
67 70604
88 68627
82 66994
14 27687
28 1061
15 8951
15 48197
14 97969
41 26884
15 70413
99 79074
53 41802
67 27273
42 16806
89 50691
62 45536
18 45701
58 84100
12 25800
90 87402
79 81418
72 45102
43 91769
61 61868
20 61220
86 16072
55 52779
69 56935
91 8647
67 99408
22 24511
84 65009
22 48379
40 74638
74 15346
91 32523
76 19004
8 30927
41 53399
15 23000
99 75403
87 74136
17 75990
58 9247
82 11140
33 64162
75 48599
10 95987
82 27541
14 88509
77 72279
51 13259
85 26167
52 31117
14 81444
17 99411
77 97865
20 72213
55 93111
74 94209
72 72123
82 75004
2 68128
91 22292
8 84000
75 30020
73 81059
88 65241
16 18647
89 31216
35 68121
44 5070
64 42953
57 59413
64 28440
54 65742
34 51684
76 75107
75 55129
48 14905
88 95127
57 16645
87 50691
86 99031
94 58418
73 9599
84 12883
42 66042
3 3485
49 60642
54 98884
84 33250
46 26392
79 3913
55 29209
99 26683
6 64799
74 9526
90 29283
98 8035
68 60324
52 18795
30 36506
29 62491
100 62897
40 42227
87 79368
27 27667
34 95334
72 69626
100 95386
97 64366
46 95105
30 11550
73 85120
52 48096
28 2920
27 76204
28 24230
19 93459
18 66598
86 40378
93 41285
37 84218
24 76879
12 36658
99 26573
67 80734
81 47402
31 85945
4 84024
75 26501
98 67726
60 10390
82 94250
82 33070
4 41764
19 48599
70 4707
11 80282
85 61
14 67028
85 8574
30 3733
77 307
87 78384
76 86942
96 5704
84 8110
4 34589
47 21869
63 48762
80 27442
43 52442
70 94054
87 43517
16 22853
13 48637
57 20342
38 28848
47 16903
17 17250
82 93510
95 32687
10 14607
46 77180
91 77147
63 91829
22 46645
33 28162
66 71480
34 82585
65 82834
9 27489
73 7070
40 65009
89 55485
95 87402
15 63248
34 8318
30 49706
91 11142
85 65602
38 78725
30 43589
32 76364
14 41501
83 74742
16 54450
26 23000
48 86713
1 28749
5 72637
16 55824
86 81821
76 16645
74 62581
86 29283
74 25622
66 16645
16 40721
32 94609
88 41359
84 46631
13 25407
17 99154
32 67497
50 27865
1 64459
1 96902
20 29104
97 2174
51 96336
27 99154
53 92789
75 36940
84 41681
89 85081
99 97908
52 65742
33 62211
80 27481
74 76663
4 28984
28 56289
17 9620
73 41287
44 95858
26 29989
6 91546
33 98006
44 7051
71 76663
17 71289
25 85291
18 18374
41 91829
16 32003
28 62966
20 71792
76 75099
8 38084
62 79097
76 68812
94 68627
91 78384
21 33349
81 29649
25 57724
20 21069
65 16899
17 47603
72 27035
94 49341
25 29860
58 7051
66 26501
15 62897
98 39720
96 67518
9 37970
61 33496
62 58434
84 38041
65 48599
47 82999
3 70247
63 57441
6 69248
66 13048
86 37450
48 48441
99 52343
15 94282
6 74298
47 95736
92 21342
66 4820
93 11142
76 68735
45 60342
29 58543
17 71332
58 59126
19 16645
82 98517
5 79463
29 65162
98 55268
69 26683
83 3421
53 78090
65 21711
14 61927
16 7771
73 35159
89 66860
53 52240
26 62211
81 33733
92 76602
11 459
100 59469
56 29283
89 34209
60 57035
2 9046
95 62438
57 48758
47 50578
45 25419
86 19382
26 43425
65 90742
26 71495
17 38284
5 90747
98 35767
48 45507
92 2264
38 54492
73 47367
26 68518
55 84203
27 99379
32 39821
66 15984
58 97330
2 44350
71 98594
63 15336
50 70756
15 5968
57 41782
44 3057
11 70922
80 71922
78 85461
78 93663
19 54894
30 84627
19 62733
17 21460
18 15346
91 80734
39 20780
32 49547
72 95041
16 40668
5 79167
48 26221
38 22750
28 70801
71 7051
73 73280
73 44259
7 25083
33 43517
1 89519
30 3285
30 99092
95 89533
94 17656
64 47215
17 46069
47 50428
95 60735
95 83569
83 15346
9 71240
47 78861
55 90792
1 66809
7 96862
79 99552
22 72590
40 93194
98 15293
65 61961
55 6204
93 95041
85 68851
69 96932
91 63978
40 58977
68 65610
31 1487
26 93001
47 67527
92 65411
33 70756
23 75091
2 79469
72 18989
66 56599
35 97494
2 96243
87 12014
49 1354
10 91400
46 81548
89 80412
25 85024
93 7235
70 81418
29 40721
66 6512
11 77180
89 70683
98 49570
59 19985
92 48193
47 79718
92 4618
93 43027
44 87712
89 72000
96 13631
66 29031
48 61080
86 75091
50 59322
47 93346
70 39667
100 86720
99 71768
87 1487
90 95524
84 11142
3 5883
56 63301
3 74717
13 45423
57 53760
28 48086
88 13534
53 76233
88 30834
17 25894
49 68211
17 84154
90 1855
77 69843
55 28504
41 80584
