500
4873733 48565
534191 95004
1728354 81995
8455585 14881
4053187 58151
8043942 16947
1075361 89430
4979586 52179
272380 96847
9703462 2780
5871844 38073
2061005 85596
9917518 1167
9285103 7785
481183 96419
7266140 22226
3396489 64229
5391493 42222
5923852 30118
4549776 51978
3482759 62825
5925606 41547
7300404 30563
2177953 76583
2930304 70637
3999791 58302
6505265 29970
9464103 3862
9411658 12948
5008465 44380
4969157 48875
9348167 7015
7380802 21631
2712078 72004
1543835 82809
1728354 82050
4232878 55923
3040651 69055
2119123 77876
6638587 38158
3465872 62970
8888518 3649
247822 97538
7962914 10370
1749170 80902
1250040 86838
5991337 31910
1099565 95780
4936336 47162
4271161 57855
5151081 44251
4561768 51877
1318925 79300
2064893 77922
8271881 15614
4674860 50413
9513727 3347
7339804 21337
2362649 75813
7057673 31108
4143672 45437
1096909 83042
1655498 86058
2766071 70924
9334435 10114
3738458 61270
3571998 62597
129810 99122
7087515 24037
3232469 74543
8521404 17762
3330268 65475
6444874 38730
9782583 2393
2227192 76180
9238594 7946
7008955 24851
490256 94910
1306773 86001
6562663 26321
8723987 17557
7456709 23544
5552364 40888
993256 92027
1593871 78572
8845126 9368
994413 91488
9841687 1446
3772378 60051
562776 96304
6360516 30734
6090120 31964
233835 97594
2069630 76720
7194550 22607
534191 89672
4298851 55515
9411658 16135
2580824 73490
9223495 11794
395215 96660
4748357 49920
5801467 47385
4528983 57319
6549449 37077
4233708 55921
7100473 22921
5421897 35696
3738458 61265
5307461 47687
9917605 1044
9776092 2729
4100078 58003
4239047 55755
1953987 72111
3381696 64528
2187440 76583
6408224 27645
7575167 20165
9827010 1555
4528983 50717
1075361 89215
4745359 49859
7966002 7865
6181057 31164
5740123 39235
2591570 76054
6648184 29005
1104097 88635
1347689 84987
3211672 66702
6145592 36349
3457565 71714
8744632 7054
3280366 65606
1721854 82095
2938458 70412
789952 92861
787894 93319
8566901 12867
6505265 30015
1482064 85780
6181057 31257
1468860 83891
7765810 21631
5057322 45102
4851696 48640
1523086 89660
7445256 20462
4443111 54086
2102648 76365
5318720 33641
1749170 83164
6118997 31591
3684503 61540
3927256 59390
4499441 53337
6788348 26282
9347432 3255
8280806 14165
496260 95899
1096909 89178
3874147 60491
1112044 88112
2083034 77389
5353257 42575
7062079 25610
844114 93628
5931105 36135
5102836 44279
3927256 59509
8803737 9748
7397927 20940
3738458 61383
9907183 6626
7441641 20649
7094896 23930
3223652 59519
1306773 83846
3041927 68483
3927256 66340
172619 98160
7095125 28678
2234672 75586
9250663 7841
1075361 89311
303621 96761
8200227 6153
5095973 38800
8177012 16152
8579306 10503
9145809 8398
3638971 61856
4667745 52237
4608754 51357
8526021 16757
8557184 13543
7100473 23097
6757479 29471
3041927 67819
4793287 46255
5534948 41528
1608241 90494
3632432 61891
6798694 20287
3891341 60291
8723987 10189
3893560 61102
9361818 6804
5844335 30015
3041927 62074
2220747 76243
4745359 50030
763127 92801
2952565 70033
3571998 62466
3441321 58442
985344 92553
1035540 82312
7226688 21059
1477512 83900
7749147 18229
7483993 20059
1406507 84109
4926829 40999
9690334 2857
1747373 81626
5568818 40111
6487058 30182
9462758 1357
8647393 17194
4975825 47002
3874147 60510
9247508 7785
9326050 7308
4548651 51981
5582351 39418
2296273 75522
4108012 55592
9778300 2622
1887882 80188
7300404 16300
3968994 63268
2588362 73230
7135833 12312
8044622 13543
1855960 80441
7087515 24455
7504657 20287
4745359 50042
5443882 48751
7284961 27645
4926562 43599
4960777 47027
1253785 86204
4528983 52897
6360516 29297
7622841 19778
4774070 49920
2592993 63314
5667473 35032
7955847 17239
3571998 62443
2296273 76022
1065389 89831
6513901 29847
7529558 25883
2591570 73146
9347432 7015
1618503 79762
4858655 44251
4360740 54177
1318925 85299
3040651 69149
6505265 42209
4748724 49869
3674502 61740
1363885 90862
8053984 22066
8345844 14143
3232469 65984
534191 94070
7102054 22798
8566987 20287
6636140 29180
3040651 69157
5133055 30513
3891341 60291
5719867 38830
522743 88773
5085250 44735
4278829 55583
1075361 94016
3041927 67612
5837026 44031
3210470 66750
6011833 33655
7670504 18790
5353257 42575
9145809 8387
7902254 10337
8559194 5447
1279496 82286
6950962 24489
4969157 46183
5715801 39075
6631722 31037
7101414 21177
7575167 20059
3042791 68616
2016569 77977
9508196 3649
4745359 50361
1640641 82287
4645498 51337
3340364 65301
8888518 9226
818111 92871
9909204 1285
6897117 25765
6000682 29022
9411658 4736
4053462 58095
7760181 23485
5925361 36849
2417339 75329
7095125 20376
3695498 61607
9314956 7370
9575433 5709
2897189 71797
7622841 18151
5443882 41651
367632 96761
6487058 29773
7857229 17798
3989215 58935
9226637 8191
5283654 44157
1749170 83887
7397927 22429
1804389 80795
3069941 66799
5053239 45695
9411658 8950
2918903 70700
5307758 43527
5512829 38691
2933597 70452
5837018 38617
4443111 54076
7921292 17290
5353257 42887
5453830 41533
3465147 63750
1728354 81889
96735 99122
4310736 54831
7873846 13605
1523086 83042
2362649 81416
5546005 40999
8749136 9870
7626816 19619
168657 98725
7181407 22745
3932128 58372
1006229 86959
6754750 27503
5203055 44038
2694779 72108
3432566 63855
9475810 9003
3041927 67904
5719867 45582
5447126 41542
2495775 73708
264396 97317
1936162 79682
9003646 8967
6721172 27503
4873733 47724
4428032 55266
3927256 59390
9964217 436
192836 98160
2630772 79517
993256 92152
8803737 9447
2591570 72536
534191 94308
4658306 50413
4230558 56128
8394803 14429
2057649 78420
3396489 64283
37713 99443
3741177 61114
3396489 64409
3263346 65894
2949745 70101
7397927 18069
9782583 2222
1751155 80898
7641359 19517
9348167 4142
7487777 22759
1519257 81242
7094896 23786
6718440 22921
1117855 87015
481183 96615
37713 99615
9402345 3174
7249049 22417
6024457 43495
2481159 73838
6076703 32224
7827597 17927
2911906 71185
2424818 66061
7102054 22900
172619 95852
5318720 43321
7656739 8275
1728354 81788
5991337 35911
4456160 53902
3041927 68820
499391 98633
1370802 84601
6954926 25317
1117163 87015
4218024 56591
634603 93762
534191 94196
4310386 55269
4169282 56982
6713903 27930
2422592 74768
9041254 8967
3232469 66118
9575433 7001
7094896 23769
3033253 69256
9543481 15067
4390806 54423
2423295 74735
5925361 36899
9954874 619
3891341 59654
3365565 64409
538228 94016
9266060 6648
6011833 36088
3356641 64912
3512870 62652
651528 93686
3927256 60107
5784315 38705
562776 93832
1180370 84821
1482064 83687
2339900 72878
4645498 50908
6732608 21242
6549449 29692
822858 92966
1417068 82312
3597662 68217
5421897 42210
9303552 7667
2011262 82413
2849262 72786
8418887 7308
8579306 19369
6065161 33400
7658101 18750
4232878 55958
1869724 80320
6337376 24779
5184112 38553
2610854 73124
1543835 82491
5421897 41959
4494038 53416
8234422 15666
2625551 72298
6505265 29990
1749170 81285
9424568 5624
9818870 1694
9102375 3179
2422592 75329
5372971 42502
9348167 17038
1924769 75468
6666089 20287
200539 97663
9907482 1357
