500
4554038 47200
4884451 49543
1718008 80727
360451 96672
1921542 77459
9361598 5312
8302521 15260
4935762 42083
8706545 12630
2070914 73744
6919303 31083
153228 98831
6300638 35517
3050690 66843
8799053 6709
1009617 89583
2567655 65220
3929560 56433
2690431 70633
1117746 88861
6499964 32883
164423 98342
1461746 82867
5899504 41063
6415727 34438
1940990 76569
4803844 50948
7066674 34763
7824750 18147
4504637 53254
7195420 25798
3295841 66926
7440151 23084
3334804 61566
1765135 80897
9698431 753
564559 94645
6541881 32209
1519683 82526
1570868 81720
759808 92269
4504637 52985
529529 88047
2214090 71714
657295 91063
7102455 35015
1117746 88747
9568370 4996
6238441 36109
7546177 25819
101876 99689
1145526 87808
8409047 14403
2605205 71141
9871272 652
9645904 2899
5588152 48760
1117746 89105
1541003 82517
5351292 49311
3209186 64164
6415178 36264
4625542 52062
1255825 87280
1982393 75584
7763710 19820
3913750 57275
6670321 20860
9396523 5240
4984686 48882
8266110 15341
9810613 854
9174709 5453
2563077 71688
271849 98051
4935762 52630
3295841 63555
3423320 59489
4286073 54316
8396544 14403
1940990 81482
5823052 43124
1117746 85880
7543121 19883
7197779 33249
4707555 50991
3334804 61846
8956243 8911
6808431 27799
4935762 49230
3898817 57864
7403268 24019
9631591 4490
4232725 54696
2261394 72676
5297538 45842
3792157 57283
9586340 4808
4067916 55195
1370056 84592
3329870 59242
3635518 66749
7414963 28621
6539792 32753
2119831 73304
7972704 16197
8766587 11825
3194657 64425
5743030 43204
5327045 46572
6499964 31421
2116907 78521
8333131 15171
4995020 49029
4504637 49092
475582 95989
4646146 58202
3829766 57820
2115023 73417
1145526 94965
3048003 67138
9128592 7347
8804017 11242
5693309 43245
1117746 84104
6062636 39845
6254602 45565
3439797 59301
3292991 63565
8580365 13275
7572043 21596
6120195 39789
1145526 89055
295521 97571
8415534 14046
1117746 89357
2584541 71543
2862234 69890
4417162 53467
6129096 38635
5868677 48423
6922793 25818
1258045 70468
6152928 36640
4530492 56297
5588152 43915
8122041 15352
7029037 26280
1302446 88393
9743195 7329
334188 97166
8393630 15020
1801258 79453
1192775 86716
3087384 64949
5998322 40879
6415727 34620
9177168 6437
5211587 52062
751328 91984
8057233 16650
9786267 5206
2758514 70633
4854534 51585
9693958 2227
9174709 6620
2980179 68582
2044615 74774
9604273 4603
1828364 79201
9818960 750
8727052 10212
9137451 11624
5472836 50965
9171586 7104
9640406 3189
3578662 54957
4420053 53416
1258045 87014
7768795 20087
6912624 18819
7832084 21807
4753002 50952
5868677 49266
7869291 17478
5234189 47469
4310735 54235
3918173 56700
3294636 63557
8804017 10908
1555840 82175
3949999 55723
5637269 43693
1117746 89528
8580365 13314
9630850 4921
5670235 43380
9957362 125
5252161 42065
2316213 72344
3048003 68547
6792040 24848
3865977 57360
649522 93709
4224399 58636
7945002 16199
4228982 54946
8942690 11851
1350554 67241
7496824 24502
3209764 63881
9171586 6872
3948056 52415
3016536 67735
3915210 56756
6443884 27783
3913750 57063
2519779 71878
1323634 82543
7738220 19931
4110439 53917
3087384 64632
2859430 77192
8032661 16060
6141589 38237
360451 96732
9088522 11395
8615333 13669
676817 89749
8852082 5334
2231663 71598
614169 93925
4504637 52953
4382313 54089
5238243 58142
8516936 13501
5590116 43754
8290921 15171
6139415 38424
2156090 73167
5236062 47292
9104650 7660
5835667 51693
8069297 15716
8964327 8019
3048633 66882
2494688 72892
2584541 73315
8140672 20686
145308 98980
5949848 35537
2108999 73421
9412158 4542
7452236 22936
1173078 87676
556053 94851
9710538 1580
8476315 21684
8769401 11662
1212309 78776
3446240 59242
608951 94248
4995538 41246
1230696 86818
6496408 42498
4835627 50609
1570868 85013
5227123 47695
4026350 55441
9992543 578
4539790 52285
8619046 12882
9291130 4247
3423033 60078
3771623 55117
7716093 16848
1903038 72701
27988 99799
6229834 36257
2763255 70498
2990831 68015
8550819 13105
1570868 81853
4681138 49655
5927038 34123
3366281 60093
6145542 39588
1416063 84013
8456555 15295
1907719 81331
141268 99666
4412147 53542
7494914 22392
9088522 6348
2990831 77554
16477 99823
2595716 71324
2061174 74120
5588152 44522
7584188 15342
6749316 28166
1415040 88190
6062636 39892
550756 94941
3329504 59445
489215 95179
5391224 46850
8956243 4624
4752613 40664
1773409 80292
6965519 25818
7948125 16351
7163979 23353
8352882 13913
9688072 2340
6417783 33824
4369499 54095
3846730 57683
291971 97688
8617293 12889
6501644 27151
5868677 42655
3087384 63102
1822081 85409
1295182 93377
203226 97166
1775209 77814
430835 96324
6714207 29687
8958346 8844
290607 98342
5699313 43224
5915489 40549
1828802 77788
1574496 81674
6007548 43048
4943772 53330
1698102 79921
6910451 32874
5791790 43153
768576 91398
8097944 15499
1424535 83733
8956243 9986
1943099 79319
7775240 16667
3479962 58751
3734389 47821
7414963 23437
5641752 43649
8727052 12152
1555840 82510
2044615 75346
4554038 52112
6832389 33525
1888937 81930
1446625 83481
4275951 54696
5998532 40467
9636058 6187
6839105 27429
6499964 33159
3295841 62800
1519683 86555
6884633 27318
2419715 72347
6720110 29258
9303797 10746
4504637 44731
8706545 12283
2533023 72327
7741534 13819
3043546 77779
3425356 62495
1416063 83797
7225234 24502
6922793 26307
8697237 12774
1541003 80297
8580365 13182
4699744 51267
9586340 7777
9398431 5240
1461746 83115
1716467 86467
3444471 59269
6670321 26351
9029445 8407
6884633 31715
7172372 24781
6141589 38294
4554038 48726
1810453 77533
812389 91368
1295182 85730
657295 92895
5823052 42650
7904229 17671
3081548 66359
9640406 2004
6015223 40120
9171586 6720
6670321 31441
2666228 71121
3295841 62711
6120195 36835
1805669 72422
9586340 9963
6954715 26492
9171586 7693
3344647 60683
8792398 1323
3464331 62196
649522 85921
5787272 43156
7163979 25526
6720110 29223
6145542 37194
7496824 29271
1569940 82580
1693279 82510
4995538 52112
1461746 82128
1107659 92560
6214732 36276
6948014 25896
7496824 22362
759808 91480
7312464 24429
7163979 25700
7459242 22548
3366281 60550
5868677 47086
6382056 25809
2990831 67862
305988 96400
435760 95129
3649288 32912
5823052 40730
6542928 31988
6779512 35365
882995 92872
8810920 10847
1117746 87832
1824311 71589
3949999 56229
3479962 59173
494998 96198
2443689 75856
5334858 46169
116833 99670
153228 98975
4088840 55170
3053840 66544
9199136 4624
6401658 24757
6049013 40120
6120195 39092
2884056 68823
6349183 35404
1114734 90643
4314158 54235
4275951 54580
5524843 45004
8898679 10394
4654412 51641
6720110 22336
9849142 746
6218795 28375
258208 98158
5854964 42687
9291130 6709
305988 97571
3200516 58205
6692078 30898
6415819 40158
1059100 90079
4142776 54981
7904229 16903
1962432 76234
3278549 64084
8285789 15312
5035300 48192
579248 94344
6613112 31695
9627261 4192
9640406 3380
3051946 64349
8580365 13348
1926220 77354
5868677 41187
3292991 63741
9459708 5014
8455051 13981
7905376 18213
360451 97951
6585946 27770
4902986 46100
4382313 58159
4314158 54235
