500
967669 87179
9697849 1596
4209520 59905
7548633 28303
9355389 10585
8868064 12650
675006 90362
1415243 85651
3666830 63762
8319897 19836
1960088 81856
7010298 33210
9279690 8963
5235265 47932
9398473 6325
45191 98644
8340035 19293
2202474 78564
7687287 33152
8308364 20107
7642813 27419
4263186 59462
8810700 13325
211286 93781
324351 95842
4234438 59131
8747526 13534
652867 92777
7762969 25191
2178949 91375
7460518 28666
4988076 51226
45191 99479
9523107 5039
727920 88610
1990875 80825
8357092 19039
608859 92296
797150 88516
175563 97033
2532821 74718
7510097 28554
65202 98515
2996414 66591
9516616 5989
9555226 3957
4129210 60489
3793367 61251
6203870 42172
2901277 77564
5808565 44716
853030 94428
9753496 768
8447992 21243
1292773 85923
5311742 44969
324351 94882
6931863 33919
7361209 30345
3780609 62348
8449267 17558
9697849 1907
2959351 73191
3075535 79618
4805091 54186
6222997 45600
3606922 64017
5195618 49555
7185921 31870
6399768 40311
1019877 86914
6553322 38959
4802597 54227
248918 96048
8674438 14468
7151083 31609
7983346 24147
9279690 8557
3019460 70030
662056 91003
6583010 31356
8447992 17809
3441293 66517
593636 91797
832647 85887
4805091 53874
6673297 36471
6843688 41452
2131318 79999
1721119 83942
8838207 13113
7983346 22273
5808565 44009
4405705 66490
9283642 7851
8349472 19060
3009466 68761
2023533 74193
4542298 57962
5528980 46077
9279690 9010
1794285 88736
277724 95957
2894344 74909
2402713 78197
4974774 60601
5278235 56468
7699550 27014
9279690 8364
1721119 83187
7389514 30266
4783247 55982
4661253 48862
8433332 17862
9523107 5626
6249877 35302
6231218 41635
977667 84607
1568882 86938
175788 97851
4343609 58722
4374125 58658
8838207 13229
9753496 1757
1997982 80275
6150695 42739
525828 86740
917235 94120
7798135 24239
3710605 67952
7229268 38874
5413194 51192
4129210 60487
242668 84031
1955851 76553
8549863 12526
8514746 15834
2355260 78197
8629406 15040
461409 96536
5941820 43377
5508201 45619
2620935 76284
4618531 52804
5217803 48123
4295834 58635
3543292 65787
7972548 25855
427735 88047
3106443 69411
4542298 57778
707048 90028
9026673 546
8507992 16859
5124570 50493
2059359 80375
8065674 22962
8430021 27242
9398473 6346
8485888 17277
3477273 66812
7173557 32924
3477273 58618
7769094 25851
285331 95887
1809242 82284
7589896 19872
8960302 10955
175788 98266
1194613 86180
8514746 21449
3624152 63933
726606 80039
4735115 55958
8835194 15663
4805641 53743
2954402 60167
9248056 9174
9114818 9938
5321684 47368
175788 97731
358391 94871
1740996 82968
9697849 770
8868064 7975
2955016 71660
4295834 59032
7681104 26663
8297340 27955
5413194 47048
6796127 43997
9091066 10274
5167575 49547
324351 95013
726606 89815
175563 97878
3770175 76099
6336971 41083
662056 88359
8462152 17315
2874055 75036
652867 92287
5487011 47687
3337268 61001
4748599 48415
9860879 112
8065674 23400
1253084 88603
4126399 51839
1720215 85041
1540314 84090
9576227 3104
4277928 59766
726606 89158
7438926 31632
3732978 66107
6121582 42764
9642616 2854
6641153 44209
6587192 38399
4805091 53965
3844699 68005
4633818 47771
7452971 29160
2099268 79286
3332336 68868
8252707 22311
1185071 96292
9176059 9384
3780609 62499
6538847 39848
1960088 82413
7972548 25282
8747526 13273
863322 87945
7288590 31139
248918 87181
8449267 21449
4974774 52560
5573898 47567
8065674 23937
5508201 46141
6641153 37914
8065674 24110
5899215 43334
3841079 61292
9510288 6102
6688843 36909
9071437 10347
2565273 76939
525325 93106
9027281 6325
8289831 20326
5470799 46517
5712550 45202
6911275 34960
1721119 79005
8433332 21484
8426808 17708
6648855 43652
4824202 53743
8209223 21416
4880304 53743
5000389 47099
6721652 37875
405306 94500
8279675 20800
5153766 50164
6572717 38766
3441293 66701
4165676 73284
5077343 50530
45191 99275
7311383 30877
4594618 56554
3441293 67072
5321684 46213
8387721 16195
8868064 6516
7102607 31956
3221606 70670
5722228 45196
6549736 43322
2200213 78801
6323763 41107
7077338 18101
4144946 60179
1690219 89535
4783247 54240
8675448 14392
8340035 19102
6984424 34430
1890557 81962
7379949 29363
2781413 75561
2955016 72863
519799 93210
6991616 33647
4768685 54349
6721652 36148
4588139 53743
3468932 71513
7510097 28665
2145642 69523
2508055 77852
8665597 14818
4553220 58258
2171028 81364
9250807 9010
9415556 10438
797150 88516
5155776 59032
1540314 83211
7010298 29219
472522 93453
7132254 31870
1587763 84545
3505318 64331
5875174 35349
3196578 68780
652867 86421
8065674 23150
1721119 84014
5883294 43839
8984912 10874
2918829 69668
2544685 76942
8065674 23413
1760730 82742
8065674 22472
7391160 29219
1626727 84216
7983346 25451
2013036 80439
8500979 13598
9475089 6284
2946254 63120
8139659 25182
373378 97475
9576227 3269
2874055 75381
8201219 21092
6359690 40755
5550460 45877
5851709 35577
175788 97027
7603790 27864
3780609 61359
2769024 63053
1721119 83327
4039507 60672
9197606 9215
4959588 56535
3303092 68579
53501 98639
175788 97184
4331304 58753
7173557 33541
7307066 31036
6442822 40149
8747526 16938
58867 98551
2781413 67569
1418582 85094
3477273 73898
559618 92727
727649 90362
9319019 7206
45191 99934
9538527 4717
578257 92570
4209520 60105
6641153 37799
6986338 34235
8868064 12419
6217645 42498
2627053 76275
6323763 41217
6336971 41083
1721119 83592
6120713 42944
9027281 13270
7670515 27239
8009895 23579
9753496 1071
6179343 42527
3433586 75612
2107943 80559
8139659 21109
175563 98047
2779827 81962
9114818 10661
6721652 36063
7642813 31836
2508055 77745
2781413 75771
8447992 17829
194379 96918
4421939 58618
8179136 17612
5708464 46387
113266 98303
4542298 58572
7090444 32263
2532821 77145
45191 99514
2592141 75887
8747526 11145
1169285 93018
6024152 43403
8868064 12367
2287319 78252
7090444 32780
5167575 54335
570232 92652
9558724 4429
9642616 2123
537585 92425
8511479 16609
8868064 12858
5896638 42004
9697849 1888
5335736 46834
5000389 50722
824487 88431
5881491 43984
7056807 26911
8585694 15663
1415243 85765
680321 90110
3852106 60763
9279690 12066
2971630 71645
5783939 55157
9727085 515
6034816 39108
9475089 6247
8594363 15493
8241874 17995
8891923 14066
1809242 81173
7750836 34990
52502 98858
8065674 22531
8175475 18797
7387310 29311
5167575 49327
5167575 49383
4535747 57051
3037568 80439
5000389 51138
9283642 7803
9753496 9703
2601994 76293
9152504 9589
9168802 9215
3157013 63538
882891 87339
3780609 61634
77530 98513
248918 96184
9319019 7319
1721119 84872
4760240 54360
6887763 26039
4748599 54486
5321684 47771
9751889 1050
753166 88603
3444544 66673
7389514 29349
2532821 77262
4433350 46162
2246730 78511
3327536 68027
5853416 37681
175788 94631
6268271 41352
797150 91809
8887495 11630
6156956 42739
4983000 51800
427735 96249
8252816 18797
6887763 34990
9352574 6610
4824356 57008
674679 88528
7288590 31609
4126399 60242
8116314 22466
5474881 44925
221246 96362
527031 92959
45191 98644
726606 84188
2926663 74072
2660364 76266
8893053 10987
662056 90945
