50 2 50
205554747 205554747 205554747 205554747 205554747 205554747 205554747 922860802 922860802 922860802 922860802 922860802 29100603 21468265 21468265 21468265 21468265 21468265 21468265 21468265 21468265 21468265 220723886 220723886 220723886 654563455 201345137 201345137 201345137 201345137 201345137 522866291 522866291 522866291 522866291 392731088 308236948 308236948 860313923 860313923 860313923 860313923 860313923 860313923 224446898 224446898 224446898 224446898 224446898 224446898
22 41
18 21
28 34
9 32
1 23
3 24
41 45
12 43
16 21
4 16
7 16
5 27
7 27
41 42
14 48
7 26
19 49
24 46
7 33
6 7
9 9
4 29
44 48
22 47
11 17
25 28
4 22
31 33
24 31
22 45
23 50
3 41
27 47
31 38
35 44
39 45
2 21
2 48
16 46
23 28
14 49
5 36
4 40
16 36
14 39
32 38
35 38
29 38
13 19
21 49
