48 1 45
968078302 968078302 968078302 968078302 968078302 968078302 968078302 968078302 968078302 968078302 968078302 968078302 968078302 968078302 968078302 968078302 968078302 968078302 968078302 968078302 968078302 968078302 968078302 968078302 968078302 968078302 968078302 968078302 968078302 968078302 968078302 968078302 968078302 968078302 968078302 968078302 968078302 968078302 968078302 968078302 968078302 968078302 968078302 968078302 968078302 968078302 968078302 968078302
25 32
16 30
28 32
17 37
24 30
27 31
26 28
28 37
10 24
16 36
7 43
10 17
31 35
1 19
14 23
29 39
12 21
17 35
41 43
34 42
17 28
13 39
19 20
17 47
10 32
6 33
20 38
31 37
22 31
7 35
3 21
41 43
14 45
25 27
5 13
18 21
8 9
1 29
17 43
5 26
1 28
7 25
24 46
36 42
17 22
