50 50 50
590011676 99788766 131925611 171864073 317159277 171035633 602511921 963050650 69979074 919854382 33661027 589806849 86105861 475191199 894416411 550050021 780437021 583787227 893281829 550277487 650366415 990569006 968873680 612872374 163967332 764676461 72834384 841258874 802348053 82417968 25141347 392359728 34723085 9583309 564223800 351882362 180618941 19252072 314933011 103114366 939106454 348594038 692921214 877728666 823785236 587337624 280295038 456738608 23641202 173576866
16 43
23 24
4 38
24 35
28 40
24 42
17 28
19 33
24 38
1 39
41 45
4 37
12 25
29 49
30 33
14 28
37 44
3 35
40 41
9 19
3 28
44 47
27 29
15 20
2 7
21 42
1 10
13 46
25 36
13 20
4 29
47 48
1 16
8 32
40 43
18 26
22 44
15 27
31 48
2 45
18 36
38 45
28 42
2 16
14 18
22 34
34 41
8 21
6 35
16 26
