50 5 50
290852542 306299798 315686056 332521462 363893870 388150095 408061505 415005627 428543307 326652024 312092123 309644729 305576924 303490366 297336293 288757470 277935207 266717131 264092535 253245309 246351784 242155848 870233998 872190157 873927838 880197100 881908999 57857095 56391099 55541464 54366449 52568835 52297188 51670196 50504442 49656547 47304108 46670525 44588676 44189142 42069713 40939746 240423381 259919853 280816839 308486900 335005531 368139700 374976714 377074051
6 14
22 28
13 32
12 29
12 50
9 12
2 3
10 36
5 34
14 14
40 42
3 19
1 49
5 7
21 24
21 32
1 33
3 48
33 34
10 46
20 34
7 36
24 45
9 47
13 49
22 39
6 27
7 7
12 26
3 13
34 36
17 33
36 38
16 20
23 25
8 16
26 44
20 44
20 44
19 27
2 6
8 14
14 29
6 20
27 36
10 10
21 45
8 27
34 44
6 29
