50 5 50
954381323 941584740 938455109 920581049 917542849 905693750 894327079 881246560 876702588 866255914 855606664 842170462 841444531 834540510 824159493 813389627 811135305 800888981 789020676 777819652 763910199 752699181 747646901 732745277 729669012 725031419 713116729 710512284 701631442 698550790 693148817 679674356 667773913 655728871 653862491 651747539 640676076 635604900 625030335 617231833 606202649 601444017 594360581 587504178 582912113 572954898 561758170 554620387 548355940 547155199
38 41
1 26
43 47
4 13
5 8
7 49
10 11
19 25
22 40
1 14
6 35
23 26
30 35
21 40
31 36
18 35
14 25
20 26
6 35
16 30
39 40
1 14
2 42
21 24
33 37
18 23
2 43
23 41
14 37
13 18
1 50
27 34
6 12
4 21
34 40
31 35
2 22
25 32
3 44
27 49
25 38
32 45
27 38
7 16
3 19
4 33
20 20
32 32
26 35
2 18
