50 3 50
757547897 763177319 49268312 863977183 885423424 920918721 464612197 936502656 948630607 961433872 967743203 967746890 977755606 319905335 406127524 567090947 737189959 790881284 798124677 859194017 872457538 417891504 454787375 880839944 446035910 478935139 650564600 776596220 787478454 846533631 445488350 507441759 399583834 163121678 381902259 628664008 710395554 63492209 871563764 872032726 690491712 811813442 824823280 852002354 320568237 587916428 733043489 471985620 561118662 281204978
27 40
3 15
26 30
29 44
23 28
18 41
8 30
1 5
5 29
16 38
36 40
4 5
13 23
6 9
19 35
11 15
11 33
15 41
9 44
37 37
4 15
27 48
14 30
2 43
34 40
11 22
14 31
28 46
33 35
6 6
17 22
18 29
6 32
14 21
10 24
3 43
13 31
28 41
12 46
23 48
33 36
18 20
46 48
16 33
22 30
40 49
7 44
30 50
3 37
15 15
