50 2 50
215069296 311962009 86128679 385788726 753820419 394002378 255532676 906573272 54404748 679162308 131589624 179656374 97642529 100364174 876662345 113981582 577648321 198294839 891854072 208116669 424885269 107628345 65686956 299460182 479838563 460457229 25739513 864854524 712507289 151291767 195282558 927576584 315770128 133927589 165881661 69590546 527929966 421414336 828680170 582334713 100576644 960269793 761991086 50735524 913150318 491169782 17233457 490798639 689464621 909087528
9 12
24 24
22 24
44 47
11 13
1 1
18 20
9 12
25 28
16 16
38 38
38 40
36 38
5 7
46 47
22 25
15 17
21 23
35 38
22 24
48 50
18 20
1 3
46 47
3 5
23 27
24 25
12 15
19 21
3 3
44 48
21 25
22 22
48 49
5 8
3 6
42 43
21 24
49 50
20 20
31 34
42 42
6 9
14 14
23 26
42 43
43 44
26 26
3 7
23 26
