50 1 50
989311424 130649495 665249398 78488846 618703404 871829096 963074282 474368282 788673290 867811124 161578101 532940317 819715719 75697935 791931762 109863370 55341882 774648885 243189064 572324019 517651324 698873305 373528118 36643622 986310456 513135836 567427813 152692899 938690552 847094374 388651227 780518327 830260220 53900624 859007173 301479976 925729719 674597806 775848257 566919361 542408929 937426358 99859677 214640999 13124292 744307790 324504369 920982526 518956674 420209784
46 48
13 37
19 45
33 49
1 42
8 19
28 28
2 43
5 15
9 11
25 37
3 17
12 35
6 43
17 36
32 38
16 28
36 45
24 45
16 20
30 44
24 35
7 29
13 26
35 42
19 23
24 43
9 22
4 16
16 42
6 34
25 50
20 32
6 37
10 15
11 22
8 38
36 48
13 37
10 31
33 48
1 22
24 27
31 31
39 47
23 24
2 49
25 36
14 20
36 42
