50 49 50
312936240 312936240 312936240 312936240 312936240 312936240 312936240 312936240 312936240 312936240 312936240 312936240 312936240 312936240 312936240 312936240 312936240 312936240 312936240 312936240 312936240 312936240 312936240 312936240 312936240 312936240 312936240 312936240 312936240 312936240 312936240 312936240 312936240 312936240 312936240 312936240 312936240 312936240 312936240 312936240 312936240 312936240 312936240 312936240 312936240 312936240 312936240 312936240 312936240 312936240
14 39
8 39
2 43
13 40
9 37
6 47
11 45
2 43
7 38
7 47
14 50
4 45
14 43
5 45
4 39
10 48
13 40
13 38
10 48
4 44
7 47
6 46
2 47
3 45
1 41
11 48
11 38
2 42
12 47
5 46
14 41
9 50
9 37
1 49
11 37
3 40
10 44
13 45
12 48
11 45
2 46
10 38
6 46
5 46
10 37
8 37
6 42
2 44
7 49
13 39
