50 50 50
641409110 641409110 641409110 641409110 641409110 641409110 641409110 641409110 641409110 641409110 641409110 641409110 641409110 641409110 641409110 641409110 641409110 641409110 641409110 641409110 641409110 641409110 641409110 641409110 641409110 641409110 641409110 641409110 641409110 641409110 641409110 641409110 641409110 641409110 641409110 641409110 641409110 641409110 641409110 641409110 641409110 641409110 641409110 641409110 641409110 641409110 641409110 641409110 641409110 641409110
13 45
22 26
20 37
4 13
36 47
16 23
17 36
16 47
38 38
15 39
1 13
17 40
34 45
7 20
20 38
19 35
32 40
10 19
9 13
7 33
9 47
24 37
21 24
2 13
11 43
26 29
44 46
15 29
23 42
12 49
10 18
43 45
7 7
12 16
21 47
21 23
5 49
7 32
10 21
32 45
3 25
9 48
21 25
13 25
26 46
9 25
24 42
1 2
14 29
1 18
