200 220
61 199
116 183
26 13
84 103
23 96
63 18
120 191
51 86
41 111
196 143
59 72
50 122
30 1
2 26
180 52
141 124
12 114
47 66
11 150
81 97
121 18
18 180
183 138
31 149
108 195
101 173
163 96
39 22
62 140
89 45
3 36
158 160
177 171
13 171
28 136
184 32
92 58
82 194
138 147
3 35
45 119
171 141
142 119
26 112
164 101
88 49
142 98
155 161
78 112
13 94
70 28
106 176
8 115
4 196
181 118
162 79
100 91
134 187
19 26
104 34
193 52
28 38
87 68
175 79
74 192
34 143
75 40
193 126
109 117
177 118
120 154
2 133
87 111
164 113
12 87
31 45
35 106
197 59
146 198
157 192
158 120
104 160
83 108
50 180
97 47
22 127
110 166
159 71
56 26
73 100
175 68
141 34
192 76
16 200
99 199
141 197
146 22
8 79
166 130
179 103
45 40
143 53
184 29
69 80
8 121
31 154
66 76
110 91
91 176
82 40
123 12
50 72
57 77
126 156
29 70
144 24
125 138
104 124
45 143
61 65
148 106
77 190
36 50
37 26
190 74
69 197
152 180
162 169
52 55
135 200
197 53
112 84
65 79
4 25
110 33
185 40
71 99
113 61
66 193
50 150
5 58
33 21
54 146
23 66
113 57
110 56
72 37
94 58
89 73
198 115
111 39
183 119
84 178
83 195
125 28
38 190
153 138
77 126
147 195
171 27
174 161
2 94
10 12
80 36
146 188
39 173
121 103
41 14
41 67
106 173
124 1
53 58
117 68
39 92
48 168
2 84
129 180
147 144
142 127
22 195
97 168
44 70
196 62
112 7
12 197
169 117
5 55
40 178
129 159
169 132
109 156
167 179
136 8
182 47
66 80
135 97
127 39
23 106
11 183
148 91
104 77
63 185
163 106
22 72
173 144
95 25
141 77
181 23
167 56
136 85
199 173
7 3
3 183
115 78
176 123
102 43
36 83
77 3
58 30
153 76
70 184
