26303 26411

49 142
39 42
114 129
11 17
7 64
16 102
5 41
53 66
8 11
31 141
51 198
65 190
1 46
24 147
18 26
54 107
76 168
26 32
171 197
8 15
168 175
47 93
39 143
71 109
32 82
2 40
11 14
110 177
7 70
14 84
124 149
5 68
109 178
84 148
6 16
21 24
23 195
142 162
2 67
93 99
4 184
19 90
50 52
113 155
63 72
38 113
21 33
70 80
32 63
27 119
2 104
180 196
151 187
57 116
11 193
4 8
24 35
151 159
7 12
97 106
181 192
65 150
17 21
62 78
51 76
16 180
141 171
67 77
93 124
0 18
126 199
6 135
36 123
13 47
104 164
108 127
6 9
15 89
21 62
68 94
35 131
7 53
1 65
21 87
0 3
2 97
77 186
34 170
169 188
170 174
0 58
43 88
8 22
121 165
27 181
65 179
3 79
0 34
18 85
26 27
73 156
5 19
27 28
28 96
36 115
35 189
76 101
11 126
12 31
7 137
52 110
16 132
75 139
97 130
2 51
165 185
19 158
39 100
38 108
34 38
75 91
110 133
0 13
14 45
1 60
62 73
3 36
64 92
20 48
77 146
59 120
16 69
3 4
16 29
23 44
59 121
94 95
68 183
15 153
1 6
102 161
124 140
81 154
7 81
8 37
9 56
2 23
51 128
119 169
19 74
113 194
115 134
23 61
125 144
105 117
36 59
97 125
92 105
25 30
120 191
142 172
68 166
24 71
59 176
74 157
7 25
159 167
3 7
35 160
26 151
80 114
87 103
11 182
103 145
26 54
36 112
5 152
46 111
1 10
0 1
11 122
23 49
52 86
20 50
20 98
0 2
3 5
14 75
51 55
16 20
23 138
34 43
153 173
22 39
14 57
124 163
5 136
11 83
73 118
