200 199
0 1 123 231
0 2 237 237
0 3 110 110
3 4 179 179
3 5 239 239
1 6 189 189
3 7 219 219
4 8 72 72
6 9 101 101
1 10 230 230
8 11 14 14
7 12 79 79
0 13 169 169
11 14 40 40
8 15 28 28
6 16 48 48
11 17 7 7
0 18 90 90
5 19 139 139
16 20 241 241
17 21 84 84
8 22 126 126
2 23 195 195
21 24 53 53
7 25 216 216
18 26 20 20
26 27 136 136
27 28 141 141
16 29 180 180
25 30 210 210
12 31 152 152
26 32 25 25
21 33 63 63
0 34 133 133
24 35 75 75
3 36 173 173
8 37 193 193
34 38 166 166
22 39 245 245
2 40 39 39
5 41 12 12
39 42 3 3
34 43 244 244
23 44 180 180
14 45 169 169
1 46 17 17
13 47 99 99
20 48 176 176
23 49 233 233
20 50 237 237
2 51 161 161
50 52 61 61
7 53 107 107
26 54 227 227
51 55 241 241
9 56 194 194
14 57 246 246
0 58 121 121
36 59 207 207
1 60 170 170
23 61 202 202
21 62 103 103
32 63 66 66
7 64 9 9
1 65 107 107
53 66 13 13
2 67 54 54
5 68 45 45
16 69 178 178
7 70 43 43
24 71 210 210
63 72 61 61
62 73 172 172
19 74 198 198
14 75 240 240
51 76 85 85
67 77 86 86
62 78 84 84
3 79 132 132
70 80 64 64
7 81 192 192
32 82 37 37
11 83 251 251
14 84 44 44
18 85 135 135
52 86 236 236
21 87 109 109
43 88 125 125
15 89 102 102
19 90 60 60
75 91 167 167
64 92 175 175
47 93 34 34
68 94 104 104
94 95 184 184
28 96 141 141
2 97 116 116
20 98 237 237
93 99 57 57
39 100 165 165
76 101 151 151
16 102 11 11
87 103 225 225
2 104 67 67
92 105 208 208
97 106 82 82
54 107 23 23
38 108 166 166
71 109 37 37
52 110 155 155
46 111 229 229
36 112 228 228
38 113 63 63
80 114 224 224
36 115 143 143
57 116 70 70
105 117 205 205
73 118 252 252
27 119 66 66
59 120 178 178
59 121 183 183
11 122 232 232
36 123 97 97
93 124 89 89
97 125 208 208
11 126 152 152
108 127 101 101
51 128 195 195
114 129 5 5
97 130 157 157
35 131 105 105
16 132 155 155
110 133 167 167
115 134 201 201
6 135 93 93
5 136 246 246
7 137 154 154
23 138 243 243
75 139 156 156
124 140 190 190
31 141 14 14
49 142 1 1
39 143 35 35
125 144 203 203
103 145 225 225
77 146 177 177
24 147 17 17
84 148 46 46
124 149 45 45
65 150 83 83
26 151 223 223
5 152 228 228
15 153 186 186
81 154 191 191
113 155 61 61
73 156 138 138
74 157 215 215
19 158 161 161
151 159 78 78
35 160 219 219
102 161 189 189
142 162 54 54
124 163 246 246
104 164 100 100
121 165 126 126
68 166 210 210
159 167 217 217
76 168 25 25
119 169 197 197
34 170 118 118
141 171 86 86
142 172 210 210
153 173 245 245
170 174 120 120
168 175 30 30
59 176 214 214
110 177 42 42
109 178 46 46
65 179 131 131
16 180 86 86
27 181 128 128
11 182 225 225
68 183 185 185
4 184 59 59
165 185 161 161
77 186 117 117
151 187 68 68
169 188 120 120
35 189 149 149
65 190 17 17
120 191 210 210
181 192 82 82
11 193 70 70
113 194 200 200
23 195 53 53
180 196 68 68
171 197 27 27
51 198 15 15
126 199 92 92
