500
500 65296
499 99368
498 92458
497 79746
496 27699
495 48315
494 83861
493 53015
492 41488
491 42051
490 66580
489 49585
488 76290
487 29868
486 83748
485 44096
484 21985
483 41839
482 66526
481 69813
480 86137
479 97017
478 12319
477 90880
476 27699
475 69283
474 38783
473 8527
472 66792
471 5475
470 36218
469 67896
468 47381
467 66580
466 3913
465 29803
464 43487
463 49585
462 43747
461 71601
460 63854
459 5314
458 70758
457 51428
456 37010
455 66792
454 37313
453 2290
452 81318
451 42644
450 66792
449 63690
448 6954
447 21780
446 22470
445 62046
444 37034
443 47164
442 90988
441 14025
440 64017
439 98473
438 79334
437 70269
436 34199
435 51443
434 1571
433 43329
432 80142
431 26361
430 66682
429 22730
428 1823
427 37693
426 27552
425 23738
424 55625
423 75595
422 7600
421 2138
420 34060
419 69192
418 58811
417 45118
416 94710
415 83305
414 68456
413 63603
412 28834
411 92717
410 66682
409 87775
408 51101
407 4568
406 84969
405 34413
404 71223
403 55874
402 20956
401 37272
400 45118
399 95495
398 56586
397 29321
396 69978
395 25933
394 56261
393 50692
392 5474
391 60356
390 15140
389 66773
388 1678
387 53677
386 2485
385 63419
384 46890
383 2374
382 14914
381 392
380 10401
379 72685
378 43487
377 54884
376 89049
375 92976
374 97288
373 41785
372 41839
371 15210
370 15210
369 29192
368 50203
367 56542
366 64695
365 47381
364 64665
363 83022
362 80180
361 16863
360 75130
359 50203
358 64306
357 56382
356 37883
355 45410
354 27552
353 83682
352 74961
351 79676
350 61804
349 50831
348 96620
347 83909
346 31926
345 88601
344 73719
343 2485
342 68814
341 46620
340 42124
339 74345
338 10895
337 20696
336 75225
335 46933
334 38567
333 84533
332 18284
331 62230
330 43508
329 90972
328 68814
327 51641
326 36728
325 78207
324 80486
323 23686
322 16863
321 90186
320 16262
319 64265
318 28525
317 90988
316 7916
315 87669
314 20292
313 45640
312 81409
311 43646
310 66792
309 28026
308 55084
307 3365
306 83443
305 43646
304 77936
303 65076
302 30750
301 76613
300 90079
299 66179
298 64668
297 9413
296 32867
295 5441
294 81597
293 47158
292 59446
291 94091
290 96006
289 60401
288 35612
287 30964
286 52967
285 31694
284 59446
283 4568
282 45070
281 67410
280 58403
279 41418
278 80199
277 79070
276 98310
275 49146
274 80177
273 66179
272 38783
271 43329
270 65143
269 65143
268 18161
267 12757
266 20461
265 65143
264 50452
263 73321
262 56261
261 23102
260 45285
259 47986
258 16052
257 91077
256 94779
255 93307
254 28097
253 88461
252 8430
251 75595
250 77119
249 69912
248 42180
247 86839
246 15202
245 99725
244 77311
243 97265
242 98845
241 43223
240 1133
239 69529
238 73061
237 66844
236 63603
235 34946
234 82371
233 72385
232 83353
231 13424
230 42105
229 40797
228 26925
227 97788
226 15251
225 12044
224 37009
223 20003
222 66781
221 34687
220 42674
219 24748
218 37670
217 84605
216 46620
215 72685
214 71155
213 28737
212 5694
211 72778
210 51473
209 89501
208 15598
207 47164
206 24643
205 30751
204 17271
203 73106
202 9788
201 17923
200 91665
199 89781
198 20176
197 90186
196 97213
195 64158
194 53494
193 38145
192 54650
191 53637
190 52013
189 42674
188 12726
187 26107
186 95766
185 78997
184 71322
183 82201
182 11670
181 68192
180 62997
179 76554
178 35260
177 46086
176 48799
175 34907
174 23102
173 18220
172 88461
171 6296
170 56092
169 30854
168 34102
167 38736
166 49173
165 39633
164 87595
163 4869
162 66781
161 66070
160 89049
159 30523
158 64695
157 96279
156 97288
155 18150
154 80112
153 49729
152 81041
151 89112
150 60721
149 28490
148 73563
147 93204
146 45118
145 52885
144 94655
143 88085
142 48737
141 82188
140 29018
139 25005
138 70834
137 34374
136 91794
135 2289
134 25661
133 44228
132 49515
131 72214
130 62258
129 13863
128 36788
127 26
126 49772
125 53129
124 92788
123 6139
122 46620
121 58834
120 83918
119 95695
118 48234
117 4832
116 73217
115 79996
114 75278
113 12043
112 14488
111 26906
110 58794
109 29405
108 25971
107 84832
106 41839
105 63902
104 21186
103 65426
102 95282
101 25424
100 34199
99 49515
98 69246
97 63381
96 80964
95 29387
94 65053
93 24575
92 6090
91 82076
90 36728
89 39867
88 96643
87 1546
86 18946
85 80199
84 14762
83 83121
82 88536
81 97040
80 99544
79 8069
78 46620
77 72685
76 86055
75 93990
74 42357
73 99708
72 201
71 31671
70 29018
69 82871
68 36058
67 84842
66 53089
65 51241
64 95947
63 73061
62 76571
61 48725
60 87514
59 85336
58 62892
57 95371
56 2987
55 94946
54 17866
53 57882
52 74663
51 64327
50 64973
49 30710
48 1170
47 48298
46 59474
45 95458
44 13910
43 99267
42 44729
41 78207
40 64044
39 34934
38 5694
37 32094
36 55403
35 47305
34 98448
33 97841
32 38777
31 55236
30 12550
29 54144
28 58625
27 88940
26 77119
25 45621
24 39995
23 34369
22 73866
21 74437
20 17923
19 66693
18 22366
17 66792
16 30710
15 87469
14 81462
13 8331
12 61475
11 5141
10 32493
9 24087
8 92450
7 35280
6 87895
5 39633
4 96158
3 25235
2 37301
1 63439
