500
500 368
499 519
498 637
497 694
496 1012
495 1252
494 1401
493 1921
492 1605
491 1679
490 1723
489 1894
488 1439
487 2466
486 2719
485 2744
484 7085
483 2906
482 2909
481 4860
480 3182
479 12709
478 3196
477 3240
476 3423
475 3773
474 3813
473 4060
472 4161
471 6930
470 3066
469 5050
468 5720
467 5811
466 6863
465 4329
464 2906
463 7366
462 7398
461 7698
460 7698
459 13093
458 2953
457 9927
456 13418
455 8465
454 9182
453 8156
452 10060
451 8165
450 12822
449 11475
448 11955
447 10639
446 10685
445 10821
444 15536
443 10944
442 13982
441 11310
440 18375
439 10209
438 11802
437 10305
436 12650
435 8912
434 12710
433 12747
432 10208
431 12879
430 12882
429 17568
428 13953
427 13354
426 8346
425 13584
424 13732
423 13845
422 7878
421 11146
420 17447
419 14121
418 14496
417 14675
416 15539
415 14796
414 15161
413 11399
412 14754
411 10868
410 15883
409 18604
408 15934
407 19792
406 16854
405 16392
404 16791
403 16326
402 17435
401 17435
400 17447
399 13995
398 17529
397 12913
396 17665
395 15851
394 26815
393 18593
392 18831
391 15883
390 17991
389 19054
388 19104
387 19505
386 19453
385 15986
384 19830
383 20813
382 20032
381 20338
380 20338
379 20338
378 28108
377 20607
376 20713
375 20000
374 20901
373 25246
372 21347
371 21838
370 21996
369 22077
368 22083
367 22415
366 23004
365 23049
364 23819
363 23425
362 23653
361 29222
360 23966
359 23971
358 26778
357 24494
356 25461
355 24780
354 34035
353 30141
352 25123
351 18136
350 21248
349 23981
348 25639
347 32955
346 25763
345 26817
344 26258
343 26335
342 23971
341 32134
340 26360
339 26823
338 29604
337 31510
336 27040
335 27159
334 27348
333 27518
332 27811
331 25036
330 28331
329 26153
328 23234
327 28459
326 30166
325 29952
324 30087
323 30124
322 25016
321 29616
320 30869
319 30485
318 30493
317 32955
316 30792
315 30836
314 37302
313 31211
312 25165
311 32081
310 26419
309 38252
308 30502
307 36661
306 33163
305 33370
304 20456
303 34671
302 35257
301 38849
300 35362
299 35434
298 35457
297 35583
296 35702
295 37846
294 36298
293 38021
292 36372
291 36467
290 41418
289 36316
288 37267
287 30460
286 37579
285 37778
284 36108
283 37929
282 36853
281 25662
280 44074
279 44781
278 38580
277 38749
276 39042
275 33094
274 38974
273 38762
272 39123
271 39363
270 39702
269 39734
268 39827
267 40229
266 40393
265 40554
264 40871
263 40871
262 41188
261 41908
260 35331
259 38493
258 41522
257 41748
256 41853
255 41414
254 41908
253 41908
252 42030
251 46956
250 42790
249 42896
248 47085
247 43286
246 51034
245 49085
244 43977
243 38368
242 44152
241 44548
240 44751
239 41490
238 45157
237 45553
236 45672
235 45699
234 45977
233 46021
232 46021
231 46047
230 55289
229 42233
228 47032
227 55676
226 47323
225 50613
224 48755
223 48791
222 48874
221 48907
220 48937
219 48937
218 43886
217 49315
216 49556
215 49564
214 50630
213 50048
212 50048
211 50872
210 60587
209 53129
208 50933
207 43344
206 51227
205 51252
204 58691
203 51856
202 51990
201 52858
200 52662
199 58457
198 52967
197 57607
196 53261
195 53297
194 53514
193 57798
192 53884
191 53714
190 54238
189 55166
188 56163
187 55611
186 55630
185 43176
184 69169
183 56163
182 72204
181 48741
180 59191
179 54238
178 58110
177 58146
176 52085
175 51550
174 72785
173 58940
172 58927
171 59095
170 57798
169 59469
168 59470
167 60391
166 60542
165 49887
164 60651
163 46650
162 61654
161 62492
160 68720
159 63163
158 84911
157 63463
156 64346
155 57362
154 71342
153 65497
152 70660
151 65764
150 72394
149 68068
148 76728
147 62816
146 65740
145 61986
144 69358
143 69358
142 69399
141 71531
140 70159
139 70516
138 71662
137 71248
136 64798
135 70115
134 68817
133 71892
132 73323
131 67833
130 72781
129 58717
128 73056
127 78478
126 73165
125 77188
124 73394
123 73691
122 73987
121 63220
120 74227
119 74325
118 74924
117 74409
116 74504
115 74094
114 80326
113 79488
112 75625
111 75985
110 82205
109 64478
108 77288
107 77288
106 80323
105 77492
104 77564
103 77528
102 77741
101 84551
100 78480
99 78852
98 74359
97 79213
96 79262
95 79361
94 79140
93 73122
92 80151
91 80198
90 80223
89 75602
88 75460
87 81015
86 81277
85 88479
84 89658
83 81999
82 81945
81 81782
80 82187
79 82205
78 68363
77 83037
76 83291
75 83458
74 83489
73 83497
72 83683
71 84142
70 79675
69 84962
68 77305
67 87953
66 85129
65 85129
64 97583
63 90664
62 90114
61 87473
60 87846
59 85129
58 88018
57 81526
56 88714
55 97792
54 86583
53 81756
52 89850
51 89876
50 89216
49 90467
48 86107
47 92949
46 91039
45 90838
44 90900
43 97200
42 91433
41 91533
40 91672
39 92304
38 90820
37 92933
36 93153
35 95555
34 93430
33 93555
32 98603
31 85397
30 94180
29 94448
28 94531
27 94448
26 94928
25 95058
24 95137
23 93167
22 95568
21 97569
20 96341
19 96363
18 96779
17 93920
16 94096
15 97061
14 96970
13 97454
12 97634
11 99222
10 95627
9 88884
8 97867
7 96853
6 98847
5 99150
4 99081
3 90781
2 99246
1 99440
