500
500 49
499 421
498 551
497 844
496 1301
495 1562
494 4435
493 3661
492 2291
491 2549
490 2955
489 2984
488 3007
487 12660
486 3129
485 3552
484 3477
483 1949
482 4681
481 3733
480 1813
479 4850
478 4418
477 4607
476 4681
475 9496
474 4681
473 4245
472 5158
471 5225
470 5367
469 5635
468 5843
467 16894
466 6117
465 11707
464 6323
463 6573
462 6607
461 6632
460 15104
459 9676
458 7524
457 18399
456 5932
455 4470
454 8396
453 7858
452 9295
451 8157
450 7491
449 9875
448 10542
447 11812
446 10854
445 11034
444 11038
443 6210
442 10956
441 12534
440 3050
439 13124
438 13184
437 13338
436 13338
435 13485
434 24514
433 13947
432 14051
431 14102
430 14329
429 14895
428 14878
427 20892
426 17956
425 15226
424 20872
423 15292
422 15732
421 27987
420 24700
419 16004
418 16465
417 19219
416 15962
415 16989
414 17495
413 17567
412 6971
411 21887
410 7582
409 21354
408 18394
407 21466
406 19607
405 19847
404 30166
403 34200
402 20730
401 23699
400 13854
399 18908
398 19331
397 21502
396 21788
395 21796
394 21871
393 8466
392 21985
391 15921
390 22992
389 27200
388 23232
387 23572
386 19982
385 23805
384 23995
383 15226
382 24446
381 27618
380 14654
379 25587
378 24670
377 24652
376 25547
375 16974
374 25718
373 26444
372 25918
371 29821
370 23047
369 27878
368 27369
367 22155
366 28264
365 27248
364 24514
363 20253
362 29163
361 29426
360 29291
359 29233
358 29600
357 25743
356 29906
355 30045
354 30108
353 34432
352 24179
351 39798
350 30499
349 30562
348 30602
347 31315
346 32191
345 30170
344 32192
343 36650
342 32464
341 33549
340 33993
339 41947
338 34303
337 34357
336 32016
335 37133
334 34886
333 35171
332 35542
331 44967
330 40236
329 39188
328 38419
327 35885
326 42533
325 40590
324 35835
323 32315
322 34483
321 37295
320 35708
319 37680
318 38320
317 35957
316 39112
315 35966
314 39285
313 40530
312 39504
311 39469
310 40652
309 30483
308 40169
307 40172
306 35997
305 40429
304 39351
303 40530
302 36392
301 27802
300 41604
299 40769
298 41353
297 40672
296 41679
295 41787
294 41866
293 39452
292 42219
291 42290
290 42398
289 42406
288 50619
287 42505
286 36518
285 42548
284 42849
283 42865
282 42976
281 44349
280 42986
279 43542
278 43659
277 42986
276 51589
275 44927
274 37295
273 49271
272 45325
271 45567
270 45585
269 45706
268 45986
267 45943
266 45829
265 46001
264 52400
263 47145
262 47166
261 47280
260 47911
259 47930
258 51502
257 48153
256 49744
255 51338
254 49744
253 52928
252 49054
251 50295
250 50301
249 50186
248 50700
247 50876
246 50948
245 50948
244 51052
243 51023
242 51307
241 42449
240 51437
239 53269
238 51580
237 52530
236 53019
235 52177
234 46474
233 52656
232 44904
231 55400
230 45051
229 51590
228 53034
227 47997
226 53357
225 53607
224 54137
223 53715
222 53722
221 52526
220 54338
219 54359
218 54660
217 53607
216 61554
215 55519
214 55435
213 56332
212 56577
211 60654
210 59594
209 57666
208 57668
207 57761
206 57742
205 58734
204 57625
203 63723
202 59240
201 59590
200 58772
199 60151
198 60004
197 61109
196 61239
195 60253
194 57368
193 60428
192 60668
191 60878
190 60906
189 60943
188 66817
187 60057
186 59733
185 61326
184 65558
183 56079
182 61664
181 62120
180 62200
179 62194
178 62416
177 61446
176 62823
175 58840
174 62825
173 63116
172 63116
171 65794
170 62823
169 64164
168 64164
167 64553
166 65721
165 68492
164 65217
163 62157
162 68760
161 65071
160 65734
159 63483
158 66721
157 61097
156 67902
155 66486
154 66789
153 65959
152 66817
151 66885
150 66917
149 67167
148 67240
147 67362
146 67758
145 75619
144 70673
143 68107
142 68385
141 65139
140 68760
139 65641
138 68914
137 69000
136 79376
135 69607
134 70205
133 67997
132 70781
131 85112
130 72526
129 72568
128 73555
127 73867
126 73995
125 74378
124 74410
123 74969
122 74606
121 74878
120 74494
119 74979
118 75130
117 75398
116 76766
115 78665
114 75974
113 75786
112 75786
111 76332
110 84017
109 66556
108 76821
107 77131
106 77182
105 77232
104 77520
103 77555
102 77520
101 77650
100 77985
99 78009
98 78294
97 78493
96 79736
95 79905
94 75756
93 78826
92 78520
91 78902
90 79120
89 79132
88 69594
87 86182
86 79469
85 79807
84 78652
83 82494
82 80489
81 80538
80 80687
79 80843
78 80846
77 76749
76 82093
75 80343
74 82540
73 82712
72 83459
71 83665
70 83736
69 83782
68 83818
67 80902
66 84159
65 84830
64 85112
63 78855
62 86120
61 85825
60 85692
59 72268
58 86219
57 86529
56 87274
55 87374
54 87539
53 87568
52 87672
51 88544
50 88366
49 88471
48 88533
47 88259
46 88914
45 89351
44 89514
43 94838
42 90065
41 90333
40 92968
39 90614
38 90596
37 91683
36 91740
35 90339
34 92303
33 92534
32 95939
31 92766
30 92917
29 92139
28 93179
27 93388
26 98765
25 95299
24 94933
23 94988
22 99371
21 95722
20 96530
19 96042
18 92719
17 96565
16 96612
15 96612
14 97103
13 97680
12 98045
11 98109
10 98611
9 94261
8 98730
7 98888
6 99165
5 99072
4 98911
3 99168
2 99343
1 89963
