500
8959076 17719
2413413 76796
6997691 34512
4902627 57211
9686204 3747
7713607 30091
969986 91417
743364 94801
7451393 26468
4101489 61932
2487431 77166
491723 94375
5116102 51534
2615305 80130
9726810 4544
4354003 59767
936908 92886
6714351 37779
1461022 85384
8731056 18945
8376069 20294
4932214 59465
7145620 31803
1853791 85013
6094718 43222
8555947 15959
265625 99077
3009449 73524
2215919 80970
2683948 76144
1141737 89572
4917799 51758
3115670 71206
6989833 34842
8213407 22945
6190128 44877
4376820 59581
8055922 30035
1411809 88315
4588893 58675
7513115 27655
807945 93970
8430572 15883
8686085 14430
1353879 89299
8311633 17625
9255323 10043
3091797 72173
6662579 38507
9315327 7087
1617762 86364
4702531 58512
5113725 51777
1507395 87468
1432833 88234
1455837 88181
9436394 8816
9880032 1918
930088 92919
4366741 59583
6714351 37779
938166 89032
5109350 52290
3976893 62290
6721205 37702
5398060 50466
3732672 76571
7449807 30224
9738911 3747
2114073 80986
2496974 78776
822533 93886
5232573 50666
3459214 72462
8677977 18485
2604368 77987
1720971 89990
2659117 82064
7210012 32023
9726810 5161
8445118 16978
7513115 18688
3408635 68315
4010919 63203
7945215 24529
9910755 1884
7509351 38622
5967540 33102
3678989 65410
1151877 90132
2207963 81691
2478338 76314
2218672 80590
9997352 577
9997822 537
7561903 27728
3168736 70900
5489209 49002
4178857 60876
622737 96348
5933424 49257
3972708 63640
6841784 37059
9391266 8911
3310726 69771
8585844 15731
3166674 70943
2112464 81577
9374980 9743
1682456 80522
9085368 12293
507906 97235
2152874 81121
2520120 78292
9124382 20302
7243303 27976
4139624 61959
3462596 76259
7996517 27342
1507021 87468
9120492 11914
8642355 12302
3885257 70900
6028758 47005
1884960 87665
743364 94526
1927473 83828
6253223 42568
4860065 57466
272330 99064
8357206 19459
8524209 21949
8411459 17515
4101489 53140
6185976 44164
9919968 1814
3131135 71197
6864001 47048
8066255 23615
1619187 86244
8959076 13173
3282114 70023
3047508 73435
7743770 25235
4185419 60387
6226106 42975
9374980 7792
2977566 73884
989831 96232
3168736 64837
1122304 90321
9997352 1201
2357530 79757
5032294 48073
7337090 31142
1884960 82786
7546522 27902
7162418 32520
8495614 13859
2785562 75267
4433480 53369
9910755 5565
6359586 44601
5776230 50470
7482503 30003
647574 96175
4860065 57970
9255323 9997
8143148 22318
2989659 73709
1643680 85886
8295423 17948
3166674 70900
5084247 51853
9553660 7380
7556102 29835
8408703 20223
9643947 27
6490166 39761
8113386 28901
81069 99295
7722575 30784
81069 99181
9713044 4839
5958671 47741
5097206 49315
6185976 42001
9803196 3009
588754 96996
6098928 46896
4308370 59820
9306469 9899
6185976 44156
8231449 20790
3511096 66360
5293262 50181
7759539 24817
8756253 23314
2680963 70716
7873374 24596
4198168 60350
1764331 84945
8516288 12221
7556102 22869
9311529 9401
6041242 46524
1803829 85170
8132075 22841
565551 97067
7102983 33195
2357530 79620
1932333 87135
3733322 65335
81069 99600
1958481 76743
6983818 35034
5851571 48073
3649787 61328
1619187 86204
3091797 73042
5294697 50525
6098928 46360
743364 97268
4285644 59907
9997352 5948
2027660 85013
9269616 9913
4620268 52243
9124382 6931
2779076 75351
6176268 44791
8052407 23986
3118533 71197
716963 95210
6343526 42333
8398821 16558
9774824 3747
6990836 29363
6443198 40362
1605815 86832
9589176 3831
8937770 13194
7875801 24538
8733454 13806
5838413 48939
9707775 8968
3217967 69406
5161854 51686
4253608 59971
441234 97489
7576624 27655
6646176 29763
9782993 7547
6084364 46884
8914058 13358
5032294 48185
1956827 82408
1345434 85588
6163484 39126
2234658 85588
6866274 36547
7682335 26678
5526396 49664
7102983 33288
800514 90143
9726810 4076
2942367 74718
8247681 20648
1353879 89094
359260 97958
2964232 77267
8411459 17429
8263143 20478
9561068 12880
1780144 85224
4185419 60622
409098 97515
6548670 43734
6696236 34796
1742927 85586
5398060 50394
7596577 27430
4612397 56477
7479178 14449
5161854 57076
9726810 1823
8630378 15604
3478751 66005
1091272 92002
2622406 77135
360706 97604
1864354 85013
969986 92853
5861121 47145
9182792 7102
2977566 74062
9726810 3782
9686204 5243
1922266 84476
8397490 18381
3234772 70211
8981116 12910
1404442 92222
8185511 21653
6598444 38699
9124382 6786
9490301 10637
2263947 80231
3344113 70396
4027807 63068
5033368 58576
3957468 64078
5232573 50844
9561068 7177
969986 91134
3118533 67687
9726810 4084
9804009 3149
4621994 58352
7638440 26702
6866274 36465
1108171 90468
6422293 37072
3047508 72001
6595028 46759
5958671 51781
8067597 23567
969986 93292
9804009 1959
3402354 68355
9194661 10450
9726810 4651
7433198 30304
5032294 52741
2353237 80307
8516288 16558
3445319 65338
930088 92889
9436394 11628
3387949 69122
2659894 68156
6124434 45602
969986 82485
5544391 51843
1653498 87562
3297838 69830
5245219 50659
3198779 70370
2763866 76080
3646593 67311
7321022 31407
7487526 45016
2478338 79477
779829 94331
6105133 45683
7576250 28931
9189198 3162
5056980 51901
5040947 52020
6646176 38538
778568 94374
9436394 8406
652862 95385
6795579 41010
5934314 48068
2622406 78948
2496974 78702
8166212 22070
3639102 67248
4528032 59034
1932333 83757
3173004 67360
3012310 73435
9242582 10733
3994240 63203
2771616 75352
1954311 91400
8390685 16937
9614950 8625
2701481 76080
4503949 59439
9255323 10101
7318171 31690
229974 99205
7065074 33911
1540346 87357
9634350 6066
625456 91040
715572 95210
8107061 20876
7337090 31765
4480837 58669
7929189 24582
4040027 62688
9997352 1433
2771616 75719
6436714 40615
2540872 78251
6514035 38858
4997834 59581
743364 94536
1353879 94149
9340110 9171
1932333 83512
8546524 16017
8311013 19808
9599915 11628
2320788 80166
8150949 22229
6414080 41107
1353879 89195
5230614 51258
9629056 6223
4063018 63076
1480331 85726
6366240 41579
7124636 33167
6163484 37044
9000180 10449
7246701 28931
929498 93039
8093844 13437
5589396 49307
2060625 81320
8328263 28931
3967602 64078
491723 97327
4027297 63382
4950627 58675
648989 95589
7339485 30579
8731056 13949
647574 95676
9480400 12742
8166212 13162
8134229 22664
2674502 79222
901005 90669
4063018 62629
8390685 23693
4035766 62958
3930282 64177
1927473 84476
81069 99330
2646705 79046
3522685 66493
8397490 11190
3108965 73407
5917405 48920
7513115 38040
454623 97426
4517754 59067
8574181 17063
2239374 74337
9095988 16595
1934268 81888
5709661 53198
7736179 32158
8411459 17557
9361245 9047
6595028 38858
5176461 51410
1566755 83529
3812525 65038
1031788 90788
6302589 42333
6795579 37641
3885257 64400
9999775 1639
52280 99636
5033368 52243
7515312 26383
13598 99927
81069 99330
6452987 40146
7632926 24320
3972708 63947
9079969 15001
4950627 53993
7171414 26232
4656225 58357
9369292 8983
9782993 3376
7596577 27655
1934268 82522
6190722 39711
964910 92802
9124382 10981
1117617 90377
5958671 47242
3091797 72332
9000180 7624
4539993 58923
4546700 56017
257023 99548
356152 98051
2988748 73829
3520082 66493
4860065 57738
5032294 65596
