500
6564535 32948
4606443 46872
343059 96410
9561622 4126
7278688 27383
3391774 64861
7779839 25294
6435917 35496
8758693 12225
4419205 55600
992429 89849
7900458 26352
7178942 27743
4002260 58377
4661130 57139
3456793 63371
6587703 32376
2129343 86820
2646228 72426
6559566 40143
6320405 43058
600205 91381
1536394 84870
3874001 63368
6078282 38915
1478070 85570
50933 99823
7352180 26558
3582498 56363
1228550 86845
9335621 6504
3097064 67726
7620031 24713
5632185 37763
7777132 23440
7137690 28328
1828724 85244
4105947 55908
2067325 81595
6652055 31354
8223580 18314
7857326 22037
9125008 10165
5223581 46124
6015745 49200
4469789 47105
2067325 81561
7779839 23017
8391053 13491
243437 98602
8154103 7053
9978463 108
5283877 43214
2804170 69029
1120056 90550
4675753 49730
189473 96411
7783042 22897
8351850 7881
3145595 67115
3087930 68822
7205634 27624
6004045 34968
5570396 41799
2156260 81296
3233832 65946
9960018 2952
7528996 23393
7598895 24591
4839380 49513
2462207 75987
638275 92119
9373949 6300
8097896 14030
2462207 76020
2067271 81657
1796504 82626
6537967 33418
2546396 74754
9865229 3352
1634840 84719
7197183 32841
1037764 90091
189473 96328
2769293 69974
6569741 32240
3447136 60885
2532248 75297
8351850 16609
2055016 81746
2543383 75134
2259579 78276
186897 99466
8547586 7037
6902627 29502
2587289 73551
8317537 17084
5835399 33016
7656099 28584
1800791 82507
3715031 61504
2462207 75868
4590981 50974
3129164 67223
6381157 36442
9715961 4386
4002260 54582
5767492 36845
9359958 6418
3853223 60300
6257932 42833
2852079 68978
6559566 37375
1228550 81655
734057 91611
657460 91984
1357316 85716
2732082 70354
6160714 38660
9681526 4737
2544219 75762
3228447 65980
3809467 60451
9220797 6781
638275 92867
8271416 16708
3748998 61722
3196405 66385
3182319 66385
8260665 19068
9611887 5412
2508739 70705
6256784 37716
9978463 1754
9382250 6152
1465665 89887
2014540 81751
2316470 76941
9978463 1452
9978463 3222
4186134 55600
9299686 6573
810164 85888
1791754 83707
4483970 54279
9277074 6652
8637439 13461
5837680 39755
206175 98768
8088645 19947
7765859 23399
4469789 54629
4469789 54582
6435917 39110
2664209 66111
6558757 33251
9724038 5128
8693557 12571
4521256 52960
8198366 18699
8802254 10260
8470964 18239
50933 99765
5974278 38044
6777062 30930
5316083 41009
484927 95667
4497386 61357
6411262 35748
3233832 65946
9978463 140
3958169 59350
287074 97560
8626984 13774
6257932 33250
1368000 85516
8198366 18333
3583260 61649
1253455 93845
3233832 65726
7965893 21020
1102635 81755
1178335 78747
651405 91995
5197709 43773
2239492 78876
5337970 44294
3093902 68184
3149922 66521
3197052 57894
8087309 15503
4694619 49693
8392582 15955
9128395 8440
526373 94014
7543640 16028
6535103 34893
3190896 66385
8296294 17452
9611993 4985
6107643 38692
7815548 22037
3579706 63695
455928 95776
4657494 50569
1506714 85516
2560232 74064
6523763 36948
638275 92311
9978463 1030
9887510 177
1519292 81840
7956987 21579
6900958 30194
9978463 952
8942195 9969
4062070 66136
6414173 35601
5130660 47198
4965407 57200
8765762 12031
343059 98976
6621570 32269
2156260 82173
6530157 34119
7441792 26461
9149981 7580
8054940 20791
8482807 19612
1800859 82417
4204928 56854
4108961 57293
2727326 69408
1368000 87219
5226579 46065
1814478 82224
5710977 40421
8396515 15107
3099793 67311
2532248 75624
9033868 8345
5509599 42833
360754 99067
9427936 5961
5454056 43048
7777132 23720
287313 97252
4108961 48893
3715031 61504
6813305 30666
5669843 44323
7343879 27210
9022049 8180
2621171 73389
1948988 85516
8234907 18239
1172591 78714
5905131 39621
992429 88572
2285445 77335
6727571 32084
5534435 42617
4898155 49176
5905131 39621
6496960 32084
2725792 70830
2698300 70784
9978463 2038
5283877 44497
5152430 53210
4069067 57721
8701911 12332
3841057 60352
864240 91164
3582498 52903
3428717 71695
5509599 37275
3899071 60011
294843 96586
3093902 66503
4545130 49576
3654246 57363
2560232 66385
7765859 24314
8198366 27703
7900458 21838
7033814 24694
3582498 63713
5837680 47512
7140837 27960
9075706 16382
2785520 69339
7003573 32010
9020417 9112
1613658 84834
568970 94014
7140134 28230
6621570 33826
3233832 65470
332637 93008
4151900 56876
3755514 61801
8245202 14849
6630260 18532
1026766 89938
2566300 73716
2950091 68973
5383309 50799
6530157 34080
6371845 36616
9020417 6219
4137901 50432
7413220 26373
5418736 43537
864840 90594
3841057 60324
6556891 38977
8802254 10362
4581872 51368
9067388 19073
4947939 49125
9978463 1165
3899071 59885
6284205 37009
4847051 52459
269543 97971
2285445 81072
3093902 68081
2687784 64103
5177740 55666
3093902 68574
4445674 55072
861828 91264
2633252 73164
657460 91856
7803081 22409
618494 99985
4090872 57956
4273776 64484
1357316 85837
7343879 26697
8482598 14154
6518891 34798
9715961 4104
9373949 3668
7792815 22896
3922102 59668
4469789 55016
1043363 87261
702533 91612
6832097 28673
4314900 56338
4994398 48442
7023658 28740
9947443 2968
4663451 49905
6777062 30946
1021079 89941
6530157 34109
7873512 21972
6813305 30826
9840579 3567
3897486 66887
9467036 5731
2285445 76941
1859529 79196
4280391 56857
8858238 10034
8680661 24770
7765859 24748
6615416 32281
3432031 63879
28819 96286
523144 95160
2219159 79275
3145595 60183
7416976 21879
3999908 59350
2651999 72539
2832583 68762
6181674 38590
3233832 65792
8417603 15034
3300419 60185
2726060 75800
1645940 84358
992429 89948
7793544 22506
4400673 47105
413893 96471
3093902 70784
8198366 18509
5054527 48402
6187961 41084
4151900 57229
5624359 41752
3321750 64484
3767896 60794
448909 96597
1381797 85546
8942195 475
2757347 70319
8331654 17821
7900637 21580
4151900 56962
2785520 69697
2011786 93906
1016733 89948
8480766 14755
5634752 39239
2194047 80877
1126751 87725
6677780 29488
7441721 26317
3176512 68258
5141466 53689
5440053 40926
287313 96127
8030589 21013
6181674 38633
4108961 57011
9755069 3818
2570379 73635
2260278 86941
4497386 53302
2606921 73438
1016023 89935
9602560 5383
5418736 45469
4497386 47141
4403974 56362
7543965 24765
8006797 20957
6016593 33258
9817894 8776
1252318 81970
3093902 66385
6652055 28363
2221357 73084
8795976 10573
7004295 28896
7028923 30278
7137690 27979
5538509 41854
568970 85546
9212255 13884
2725792 71104
1156863 87336
6762274 31126
3110787 67229
5208126 46263
4048638 57691
151985 99720
4545130 58466
7140134 28042
2262953 78696
2246053 78854
3197052 72370
8792409 10837
7376027 26550
1182464 89020
2285445 77943
2508739 68574
4793260 38977
4324270 56238
7379484 25523
1145825 90516
7809894 22181
5283877 44867
2362960 76688
4360316 61572
9978463 1598
5119078 39755
9977906 2119
1784616 83911
9978463 9877
4265487 56399
1791754 83361
3093902 75201
5242658 45822
8156426 17942
7079335 32240
8802254 7705
9388059 6031
6244317 41259
2646228 78512
4500200 53015
3172096 74317
2982546 68906
8482598 14030
6312549 34709
7251151 27408
3162040 68334
1182464 87020
3097064 67416
2280265 86357
2402593 76632
7215324 27435
2462207 76048
8394455 20762
