200 2000
0 1 237 237
1 2 16 16
2 3 92 92
3 4 66 66
0 5 113 113
3 6 70 70
3 7 8 8
1 8 83 83
6 9 161 161
3 10 13 13
7 11 89 89
1 12 36 36
5 13 227 227
6 14 72 72
10 15 118 118
8 16 101 101
5 17 236 236
2 18 168 168
14 19 198 198
16 20 177 177
20 21 147 147
5 22 148 148
13 23 165 165
8 24 59 59
24 25 147 147
14 26 116 116
19 27 94 94
4 28 169 169
23 29 158 158
20 30 45 45
26 31 239 239
22 32 11 11
21 33 187 187
30 34 75 75
1 35 204 204
23 36 172 172
35 37 144 144
16 38 211 211
13 39 254 254
28 40 177 177
27 41 95 95
40 42 214 214
31 43 84 84
20 44 194 194
38 45 30 30
37 46 201 201
36 47 39 39
13 48 137 137
26 49 240 240
22 50 109 109
1 51 58 58
17 52 132 132
19 53 128 128
49 54 95 95
15 55 190 190
7 56 19 19
6 57 210 210
40 58 155 155
13 59 59 59
35 60 239 239
6 61 71 71
3 62 42 42
27 63 122 122
10 64 3 3
23 65 243 243
25 66 70 70
43 67 174 174
9 68 4 4
68 69 152 152
61 70 44 44
49 71 180 180
53 72 247 247
6 73 3 3
67 74 135 135
38 75 185 185
61 76 159 159
74 77 80 80
16 78 95 95
10 79 41 41
51 80 64 64
61 81 75 75
77 82 98 98
82 83 67 67
14 84 203 203
51 85 192 192
33 86 2 2
16 87 221 221
58 88 19 19
31 89 156 156
44 90 25 25
6 91 129 129
55 92 227 227
14 93 193 193
72 94 250 250
26 95 101 101
49 96 181 181
45 97 191 191
2 98 19 19
78 99 56 56
93 100 88 88
40 101 189 189
10 102 107 107
29 103 206 206
30 104 63 63
92 105 241 241
104 106 135 135
7 107 222 222
33 108 65 65
79 109 101 101
84 110 7 7
70 111 255 255
38 112 176 176
104 113 231 231
94 114 67 67
30 115 250 250
42 116 40 40
6 117 68 68
113 118 215 215
61 119 185 185
80 120 95 95
10 121 111 111
65 122 58 58
99 123 193 193
4 124 49 49
54 125 180 180
86 126 38 38
80 127 101 101
41 128 115 115
107 129 183 183
35 130 156 156
76 131 202 202
61 132 117 117
112 133 7 7
9 134 152 152
89 135 51 51
117 136 247 247
55 137 158 158
16 138 17 17
69 139 183 183
35 140 131 131
71 141 150 150
3 142 182 182
134 143 178 178
18 144 126 126
56 145 248 248
61 146 172 172
94 147 37 37
49 148 187 187
20 149 131 131
36 150 221 221
18 151 154 154
55 152 114 114
122 153 150 150
45 154 91 91
36 155 162 162
20 156 74 74
143 157 1 1
81 158 7 7
18 159 189 189
17 160 183 183
69 161 34 34
5 162 7 7
96 163 171 171
148 164 167 167
122 165 31 31
73 166 222 222
41 167 158 158
96 168 60 60
119 169 110 110
13 170 85 85
3 171 190 190
24 172 5 5
121 173 138 138
127 174 239 239
7 175 2 2
46 176 3 3
44 177 155 155
156 178 38 38
79 179 189 189
106 180 158 158
92 181 130 130
116 182 214 214
2 183 16 16
71 184 24 24
81 185 50 50
181 186 177 177
84 187 225 225
25 188 50 50
45 189 55 55
158 190 158 158
162 191 104 104
21 192 215 215
129 193 36 36
21 194 147 147
41 195 126 126
129 196 66 66
158 197 240 240
180 198 28 28
90 199 126 126
67 69 94 94
37 47 239 239
92 90 187 187
30 18 98 98
35 84 121 121
17 113 171 171
75 41 226 226
159 58 250 250
19 48 197 197
114 185 8 8
50 84 184 184
120 55 99 99
103 189 137 137
88 85 142 142
116 122 114 114
138 183 33 33
192 127 63 63
183 36 162 162
18 13 2 2
54 53 239 239
49 23 88 88
166 124 31 31
16 77 215 215
125 49 47 47
173 128 66 66
134 93 106 106
135 37 44 44
82 24 4 4
74 199 217 217
146 13 198 198
134 90 1 1
140 117 55 55
78 158 181 181
82 84 187 187
163 132 25 25
107 82 174 174
8 124 229 229
159 143 250 250
112 37 168 168
193 85 171 171
117 127 130 130
178 52 223 223
116 12 14 14
76 191 11 11
11 175 237 237
4 98 255 255
17 96 170 170
15 96 171 171
55 98 33 33
132 18 171 171
30 40 155 155
52 38 121 121
134 180 201 201
1 127 114 114
65 118 39 39
6 195 139 139
170 122 91 91
7 47 83 83
65 171 142 142
174 21 52 52
69 191 25 25
118 84 14 14
39 125 233 233
182 172 78 78
143 164 200 200
155 80 129 129
160 89 251 251
12 161 46 46
168 77 124 124
79 174 35 35
72 1 216 216
48 31 253 253
48 66 130 130
2 174 101 101
87 23 135 135
166 157 238 238
108 5 100 100
82 42 177 177
129 26 153 153
159 93 133 133
174 114 92 92
125 86 179 179
155 137 125 125
199 123 165 165
14 30 164 164
49 38 163 163
31 49 175 175
115 24 254 254
6 155 245 245
0 124 188 188
112 108 177 177
82 195 142 142
102 11 201 201
173 13 155 155
105 99 219 219
79 182 17 17
185 34 28 28
120 136 86 86
109 86 62 62
166 110 23 23
125 197 247 247
160 99 22 22
181 27 147 147
123 188 121 121
182 75 250 250
64 95 154 154
183 146 230 230
42 38 94 94
158 15 75 75
51 15 128 128
114 131 98 98
197 51 38 38
117 69 178 178
139 27 222 222
156 105 74 74
89 33 87 87
132 36 2 2
77 7 248 248
176 11 212 212
83 40 118 118
58 18 180 180
139 100 134 134
56 49 4 4
67 60 125 125
64 181 160 160
191 13 94 94
184 108 142 142
83 75 59 59
87 191 179 179
180 177 75 75
24 187 82 82
163 103 171 171
19 198 224 224
143 29 100 100
17 34 163 163
130 25 218 218
83 197 253 253
85 99 10 10
65 67 183 183
137 100 199 199
143 176 9 9
91 75 26 26
153 115 237 237
23 189 186 186
91 138 119 119
92 62 55 55
137 188 17 17
92 154 247 247
22 174 175 175
131 58 101 101
123 17 110 110
157 6 99 99
93 22 234 234
26 182 113 113
122 169 96 96
159 13 138 138
196 64 207 207
80 11 109 109
100 103 68 68
0 192 2 2
42 45 183 183
6 131 149 149
185 50 44 44
37 7 151 151
24 168 121 121
65 100 79 79
185 175 240 240
106 31 245 245
197 84 88 88
165 72 168 168
53 124 189 189
37 2 96 96
141 118 65 65
13 41 42 42
173 165 153 153
185 167 55 55
162 192 223 223
50 147 42 42
42 87 47 47
107 19 142 142
56 172 142 142
71 193 156 156
99 129 113 113
24 97 120 120
14 190 140 140
121 19 208 208
66 158 129 129
21 159 91 91
28 186 61 61
1 154 196 196
104 186 220 220
73 66 115 115
130 124 217 217
14 125 8 8
11 121 138 138
96 19 82 82
45 167 86 86
13 145 122 122
96 189 71 71
194 110 45 45
131 67 34 34
130 150 131 131
177 103 12 12
109 158 225 225
90 62 172 172
112 194 165 165
1 185 25 25
60 83 12 12
109 26 206 206
8 73 71 71
99 104 153 153
44 97 92 92
71 57 226 226
194 120 10 10
199 188 83 83
30 82 110 110
7 112 89 89
16 46 83 83
142 106 73 73
108 6 149 149
52 61 150 150
192 112 37 37
145 53 136 136
91 105 111 111
78 190 171 171
10 123 18 18
87 33 64 64
132 33 2 2
153 83 11 11
173 136 7 7
166 180 173 173
48 102 45 45
165 16 137 137
148 59 185 185
122 9 14 14
66 174 181 181
22 10 94 94
39 167 38 38
15 130 192 192
73 94 44 44
72 35 235 235
17 112 216 216
68 101 7 7
145 174 205 205
185 119 226 226
110 103 216 216
99 110 187 187
5 16 186 186
127 106 43 43
76 1 4 4
67 94 80 80
128 89 192 192
104 167 167 167
57 119 87 87
49 82 175 175
165 73 82 82
117 134 231 231
185 137 238 238
36 83 210 210
63 21 241 241
2 173 116 116
76 53 128 128
36 33 30 30
70 115 125 125
139 98 57 57
116 6 171 171
192 44 50 50
96 48 22 22
163 105 80 80
119 164 113 113
139 85 192 192
190 8 60 60
19 175 73 73
145 55 198 198
10 9 136 136
28 12 170 170
134 104 158 158
18 122 67 67
90 40 101 101
37 29 72 72
90 154 197 197
188 34 52 52
82 66 8 8
141 1 235 235
182 80 10 10
38 172 54 54
100 185 62 62
65 110 240 240
146 94 37 37
75 33 143 143
150 93 225 225
155 40 24 24
133 193 15 15
22 23 127 127
99 10 148 148
57 1 198 198
198 91 42 42
67 139 197 197
92 50 91 91
171 131 248 248
174 11 181 181
141 74 27 27
148 6 52 52
185 95 126 126
52 60 96 96
80 3 60 60
153 35 167 167
195 38 253 253
180 17 126 126
13 79 12 12
179 70 196 196
81 177 195 195
113 100 190 190
68 5 204 204
150 191 174 174
88 77 199 199
2 181 2 2
188 88 107 107
198 40 183 183
148 78 165 165
195 53 250 250
113 143 25 25
43 46 61 61
160 56 136 136
125 92 151 151
21 191 208 208
59 42 79 79
149 161 192 192
33 189 22 22
38 36 169 169
171 142 184 184
139 111 202 202
30 137 68 68
103 131 108 108
167 99 72 72
184 32 163 163
42 28 167 167
78 154 239 239
36 156 33 33
198 115 164 164
114 172 122 122
106 173 228 228
14 7 230 230
87 47 184 184
197 77 48 48
35 168 21 21
19 126 254 254
79 50 177 177
15 182 127 127
181 182 182 182
33 117 86 86
15 27 248 248
97 93 78 78
49 132 146 146
1 116 129 129
104 59 228 228
89 70 226 226
67 128 79 79
70 64 164 164
6 105 247 247
184 25 119 119
32 15 219 219
27 199 65 65
149 160 186 186
182 183 198 198
78 197 9 9
162 127 94 94
42 96 236 236
13 44 119 119
181 14 126 126
160 37 145 145
26 1 240 240
108 93 98 98
130 178 246 246
109 88 40 40
35 45 146 146
60 93 11 11
67 9 39 39
5 1 67 67
144 35 10 10
150 107 92 92
163 192 24 24
155 176 2 2
36 136 169 169
143 148 42 42
174 121 130 130
150 82 141 141
166 32 139 139
12 27 208 208
120 47 176 176
72 185 130 130
67 84 72 72
78 134 11 11
45 84 194 194
87 190 129 129
119 37 209 209
49 34 74 74
181 156 222 222
163 170 189 189
93 58 192 192
118 19 219 219
179 68 205 205
101 145 49 49
172 20 189 189
160 196 196 196
158 27 88 88
80 188 206 206
113 125 78 78
24 152 126 126
67 96 144 144
189 68 87 87
130 171 217 217
25 45 39 39
93 118 89 89
103 11 130 130
137 82 207 207
32 190 90 90
179 132 142 142
55 103 90 90
105 167 170 170
99 63 62 62
147 131 219 219
3 12 113 113
57 28 73 73
165 76 30 30
124 106 241 241
145 6 153 153
77 170 103 103
52 122 80 80
134 177 86 86
190 166 40 40
50 174 43 43
25 155 163 163
141 76 88 88
170 88 103 103
8 126 230 230
101 17 47 47
154 18 53 53
93 78 52 52
124 190 173 173
36 154 68 68
160 88 139 139
76 0 6 6
44 10 107 107
129 186 99 99
128 48 8 8
107 179 58 58
174 132 188 188
86 68 149 149
161 57 148 148
108 169 229 229
183 161 83 83
138 89 238 238
179 183 86 86
119 104 27 27
174 155 12 12
58 134 199 199
44 86 179 179
87 40 242 242
97 16 23 23
26 25 136 136
17 85 153 153
4 191 192 192
18 43 170 170
59 131 112 112
52 168 40 40
100 187 144 144
129 190 158 158
173 195 219 219
165 147 196 196
102 175 202 202
34 146 32 32
61 121 206 206
138 158 208 208
137 116 138 138
136 106 176 176
2 92 215 215
98 172 67 67
135 109 235 235
103 187 235 235
29 155 214 214
174 111 209 209
145 2 189 189
172 118 197 197
197 137 39 39
18 52 215 215
64 52 80 80
198 125 237 237
173 89 10 10
36 62 66 66
5 124 131 131
169 159 18 18
16 19 90 90
131 104 68 68
128 186 187 187
43 110 201 201
93 170 234 234
21 38 76 76
172 193 104 104
109 122 197 197
82 79 143 143
174 98 50 50
131 124 100 100
23 56 93 93
165 11 129 129
70 123 109 109
135 39 13 13
82 104 215 215
10 166 176 176
160 91 119 119
104 3 195 195
1 198 134 134
125 174 72 72
36 50 255 255
119 97 202 202
172 1 238 238
176 98 87 87
99 59 27 27
174 74 91 91
115 140 223 223
86 186 219 219
177 97 222 222
77 188 240 240
63 37 54 54
31 168 161 161
41 32 44 44
166 118 254 254
158 154 139 139
52 92 246 246
78 180 229 229
40 117 207 207
155 107 133 133
9 41 151 151
45 72 52 52
15 175 97 97
121 92 24 24
115 185 32 32
82 146 236 236
105 75 111 111
130 23 207 207
193 88 99 99
177 162 177 177
165 181 86 86
54 195 43 43
114 197 176 176
76 106 32 32
114 31 25 25
13 75 7 7
25 11 185 185
99 192 115 115
138 20 230 230
36 53 149 149
5 118 81 81
151 62 86 86
193 81 202 202
121 15 241 241
101 86 1 1
196 107 72 72
33 110 251 251
104 61 246 246
168 170 46 46
92 182 75 75
45 69 250 250
145 144 68 68
61 83 253 253
165 50 218 218
88 122 218 218
168 39 29 29
137 114 70 70
120 22 73 73
53 193 236 236
37 106 41 41
79 186 249 249
13 64 66 66
48 70 83 83
125 17 170 170
40 169 224 224
151 38 107 107
39 48 48 48
134 52 154 154
131 51 221 221
54 19 149 149
126 23 47 47
10 63 174 174
89 130 107 107
37 142 120 120
75 27 31 31
0 106 107 107
83 47 191 191
30 76 27 27
16 133 225 225
66 7 108 108
181 0 228 228
12 64 91 91
52 66 47 47
35 178 225 225
41 45 54 54
193 130 10 10
127 30 253 253
24 2 250 250
57 24 82 82
108 22 233 233
190 30 35 35
36 73 203 203
77 18 170 170
101 94 117 117
53 85 244 244
168 65 139 139
102 172 95 95
84 137 163 163
102 125 164 164
135 95 188 188
8 62 57 57
125 184 82 82
65 135 106 106
9 125 35 35
109 199 201 201
156 145 8 8
24 33 13 13
116 126 8 8
79 20 161 161
93 133 109 109
57 13 243 243
150 111 133 133
49 87 200 200
112 184 34 34
134 72 102 102
198 12 125 125
56 15 43 43
147 17 100 100
141 56 119 119
168 97 252 252
154 193 77 77
82 22 26 26
71 162 199 199
194 164 247 247
47 3 142 142
130 149 59 59
136 116 2 2
155 0 109 109
52 89 221 221
72 50 165 165
101 128 41 41
66 0 149 149
98 159 118 118
9 66 18 18
8 115 183 183
59 90 63 63
137 130 25 25
4 83 68 68
86 129 197 197
105 1 186 186
44 41 176 176
69 151 184 184
41 121 63 63
193 113 120 120
124 94 218 218
193 190 165 165
47 91 116 116
101 56 132 132
171 169 136 136
151 108 235 235
52 108 128 128
143 51 212 212
63 29 132 132
180 168 198 198
183 176 75 75
9 52 18 18
128 2 128 128
126 121 203 203
115 50 253 253
167 61 94 94
192 14 239 239
152 93 38 38
22 62 242 242
32 57 101 101
165 196 55 55
87 181 42 42
26 19 35 35
195 111 207 207
113 139 236 236
148 181 232 232
42 133 137 137
26 57 156 156
9 180 160 160
50 193 71 71
38 56 148 148
181 155 122 122
4 68 107 107
136 182 8 8
87 38 126 126
143 34 242 242
149 109 114 114
48 10 253 253
43 190 71 71
78 37 245 245
123 65 68 68
136 102 17 17
122 145 135 135
34 124 195 195
90 24 220 220
180 71 132 132
180 185 160 160
91 68 75 75
167 130 42 42
106 111 19 19
164 7 176 176
20 178 223 223
70 20 187 187
189 65 210 210
162 19 174 174
55 38 167 167
84 191 186 186
92 158 182 182
88 126 67 67
83 178 91 91
151 63 125 125
1 83 214 214
0 44 84 84
103 168 231 231
174 10 94 94
31 90 209 209
17 3 90 90
69 39 207 207
175 10 79 79
57 90 32 32
181 112 69 69
80 18 18 18
55 172 48 48
50 59 203 203
73 153 84 84
75 74 139 139
36 75 79 79
118 92 116 116
195 44 214 214
54 26 120 120
134 23 134 134
63 157 6 6
47 147 215 215
136 127 65 65
165 191 87 87
51 141 133 133
134 101 231 231
153 7 18 18
55 28 60 60
33 43 169 169
135 99 235 235
147 189 56 56
77 33 128 128
165 59 190 190
189 180 31 31
168 154 93 93
52 167 16 16
53 188 247 247
46 170 44 44
131 97 221 221
112 65 23 23
150 17 239 239
24 5 238 238
45 9 198 198
1 148 186 186
64 136 193 193
199 163 81 81
78 77 137 137
196 195 53 53
88 137 166 166
175 56 128 128
44 27 186 186
175 97 43 43
167 21 87 87
68 98 122 122
70 132 130 130
115 20 220 220
149 91 97 97
178 146 19 19
52 179 151 151
94 116 11 11
67 46 253 253
31 97 206 206
123 179 10 10
92 163 59 59
117 67 108 108
171 161 229 229
46 146 74 74
10 13 100 100
167 30 144 144
114 130 39 39
9 63 249 249
173 187 128 128
161 25 148 148
166 56 191 191
93 34 58 58
54 124 213 213
83 129 144 144
56 176 66 66
92 173 10 10
43 63 54 54
86 42 194 194
9 96 68 68
7 128 224 224
127 71 25 25
117 193 189 189
153 126 98 98
9 127 116 116
114 170 158 158
104 32 116 116
26 198 138 138
66 32 40 40
74 102 240 240
161 130 215 215
78 53 176 176
55 73 43 43
68 141 68 68
115 29 149 149
190 123 244 244
109 117 39 39
146 26 37 37
62 99 154 154
105 71 32 32
42 83 36 36
51 20 174 174
33 70 223 223
53 59 94 94
172 14 131 131
142 2 111 111
20 197 159 159
75 88 12 12
91 143 36 36
70 81 224 224
66 179 79 79
150 164 4 4
6 12 121 121
63 111 140 140
84 42 228 228
82 126 236 236
125 85 169 169
146 110 88 88
107 199 246 246
169 31 80 80
14 111 72 72
33 186 205 205
109 61 255 255
74 0 242 242
4 144 17 17
81 22 20 20
124 31 230 230
186 82 55 55
195 1 183 183
145 79 128 128
195 179 214 214
5 72 219 219
64 152 173 173
103 152 53 53
3 69 184 184
55 124 48 48
98 82 163 163
26 157 214 214
76 102 60 60
140 14 70 70
167 33 183 183
15 163 10 10
12 173 201 201
35 77 48 48
125 170 21 21
49 180 173 173
122 4 155 155
50 137 189 189
193 105 133 133
62 43 17 17
187 138 13 13
97 166 76 76
96 125 222 222
20 188 139 139
91 157 62 62
124 59 110 110
190 92 30 30
174 3 163 163
65 161 37 37
32 142 213 213
131 33 163 163
122 5 250 250
37 124 176 176
143 183 80 80
182 5 47 47
26 169 104 104
143 76 128 128
153 108 81 81
180 45 189 189
17 56 59 59
56 159 22 22
100 30 116 116
114 117 68 68
143 146 222 222
11 75 35 35
131 134 216 216
80 121 12 12
10 23 62 62
104 192 149 149
180 82 16 16
114 124 78 78
110 1 34 34
67 64 91 91
61 47 44 44
61 78 44 44
56 117 25 25
190 108 26 26
26 42 74 74
3 37 187 187
69 86 62 62
123 102 31 31
7 134 221 221
77 111 56 56
126 58 78 78
146 192 46 46
134 56 229 229
194 1 53 53
1 133 45 45
86 9 54 54
2 76 241 241
117 101 230 230
132 143 75 75
96 87 102 102
181 117 169 169
174 56 169 169
19 181 8 8
190 97 129 129
155 191 52 52
61 41 196 196
199 7 23 23
194 72 67 67
63 195 19 19
5 101 183 183
156 8 29 29
177 74 189 189
169 157 226 226
149 102 53 53
75 123 214 214
159 46 44 44
143 101 112 112
170 50 20 20
44 184 74 74
43 196 204 204
143 38 202 202
68 158 151 151
33 25 121 121
59 190 175 175
33 188 203 203
16 95 165 165
4 151 228 228
88 31 61 61
74 47 11 11
78 82 175 175
148 173 162 162
136 71 180 180
176 180 215 215
7 19 41 41
128 150 53 53
57 196 11 11
61 43 237 237
185 7 202 202
61 1 204 204
54 111 127 127
186 59 129 129
90 88 232 232
73 120 60 60
122 174 100 100
94 58 157 157
197 70 146 146
191 156 15 15
89 119 140 140
58 99 165 165
68 119 89 89
142 42 88 88
40 127 239 239
49 53 111 111
128 104 81 81
164 66 158 158
115 130 186 186
93 157 245 245
170 118 3 3
78 92 246 246
44 124 1 1
151 41 177 177
146 142 24 24
197 187 52 52
61 56 8 8
86 81 191 191
175 28 104 104
123 167 18 18
107 125 172 172
20 35 51 51
181 136 93 93
54 96 170 170
66 147 179 179
17 83 196 196
81 62 230 230
7 32 150 150
103 153 97 97
174 53 120 120
141 187 165 165
61 179 108 108
21 36 156 156
8 96 125 125
156 67 68 68
21 128 139 139
103 2 107 107
17 109 148 148
50 35 42 42
8 56 37 37
72 25 9 9
139 105 171 171
87 99 154 154
137 143 136 136
52 63 219 219
196 145 49 49
2 57 187 187
125 23 226 226
45 85 240 240
120 153 36 36
152 141 115 115
34 7 28 28
96 51 213 213
116 98 207 207
86 124 198 198
154 110 136 136
150 46 147 147
15 189 172 172
145 152 158 158
132 197 116 116
15 80 163 163
95 170 194 194
89 172 223 223
193 87 190 190
57 113 63 63
192 161 35 35
7 26 74 74
169 55 169 169
77 37 182 182
105 164 242 242
162 60 78 78
26 64 63 63
106 42 157 157
5 51 103 103
146 138 198 198
0 114 120 120
170 47 152 152
84 12 130 130
19 77 217 217
99 76 136 136
190 102 165 165
70 159 76 76
109 147 163 163
196 14 249 249
63 110 154 154
26 90 232 232
126 84 129 129
135 30 172 172
22 88 148 148
144 192 158 158
87 28 32 32
156 107 182 182
58 55 96 96
135 153 127 127
99 125 117 117
36 116 30 30
68 185 33 33
82 132 62 62
95 109 199 199
193 58 87 87
154 81 48 48
88 128 148 148
121 33 149 149
72 8 76 76
13 29 250 250
67 71 91 91
84 3 67 67
24 135 146 146
80 31 220 220
102 182 28 28
9 149 153 153
91 183 1 1
171 84 230 230
193 77 61 61
117 81 249 249
157 38 255 255
114 30 37 37
47 128 250 250
59 66 171 171
151 95 57 57
69 128 24 24
31 102 75 75
159 39 110 110
171 59 120 120
116 73 73 73
193 125 98 98
174 84 149 149
60 98 105 105
120 53 159 159
127 38 219 219
135 85 191 191
28 1 78 78
115 27 111 111
81 174 84 84
94 185 153 153
69 115 233 233
113 52 47 47
17 72 219 219
92 188 123 123
83 8 11 11
13 76 118 118
86 140 21 21
112 146 139 139
38 33 219 219
152 165 208 208
50 51 4 4
40 165 90 90
31 74 116 116
91 125 125 125
59 161 6 6
40 172 44 44
165 10 149 149
150 80 207 207
18 116 154 154
108 104 140 140
56 21 24 24
50 94 123 123
6 2 33 33
59 29 128 128
41 62 27 27
32 34 124 124
179 63 191 191
108 71 104 104
188 119 106 106
184 181 19 19
143 39 2 2
119 177 83 83
81 65 65 65
111 7 92 92
38 123 206 206
188 79 203 203
185 20 82 82
65 116 98 98
36 125 213 213
187 176 172 172
44 123 50 50
109 87 216 216
73 52 7 7
127 32 37 37
146 198 213 213
161 107 139 139
178 42 81 81
125 131 106 106
90 115 90 90
111 78 106 106
147 48 245 245
51 12 240 240
165 87 228 228
90 104 149 149
15 134 112 112
28 125 126 126
22 53 17 17
177 101 47 47
37 75 230 230
99 198 250 250
192 60 193 193
48 52 103 103
185 112 77 77
160 133 129 129
48 77 66 66
172 138 27 27
134 188 76 76
73 114 19 19
65 47 251 251
119 42 160 160
100 156 191 191
70 199 172 172
106 5 121 121
181 98 197 197
65 143 209 209
119 65 205 205
147 56 80 80
177 29 161 161
140 90 55 55
115 189 41 41
119 87 138 138
127 53 171 171
27 152 25 25
119 92 237 237
87 51 191 191
194 157 136 136
3 52 108 108
162 184 80 80
150 179 55 55
79 22 209 209
196 26 74 74
78 174 119 119
8 171 183 183
16 123 150 150
160 135 247 247
162 39 248 248
141 190 49 49
144 12 195 195
34 95 12 12
51 121 44 44
99 197 99 99
30 54 74 74
50 144 216 216
38 152 91 91
174 72 15 15
48 5 41 41
198 56 40 40
176 14 221 221
179 88 201 201
127 194 221 221
84 23 6 6
7 118 83 83
119 10 136 136
192 170 30 30
7 22 191 191
167 14 72 72
10 42 37 37
84 136 43 43
114 133 151 151
141 112 218 218
141 117 123 123
78 73 224 224
5 132 81 81
167 85 50 50
126 3 245 245
108 85 73 73
73 179 170 170
95 65 38 38
149 103 139 139
40 173 53 53
112 159 82 82
140 74 109 109
1 24 126 126
163 68 42 42
109 104 200 200
132 3 12 12
174 163 209 209
76 179 111 111
95 43 232 232
16 173 154 154
59 71 77 77
137 6 109 109
9 177 108 108
131 74 84 84
100 89 138 138
48 63 43 43
168 194 27 27
112 142 46 46
157 188 213 213
73 4 49 49
183 90 9 9
177 181 80 80
167 36 144 144
5 23 89 89
95 142 2 2
29 104 134 134
71 113 33 33
130 159 171 171
184 31 171 171
0 184 171 171
46 62 223 223
94 14 124 124
56 6 152 152
108 13 220 220
147 134 37 37
17 82 96 96
24 146 231 231
64 191 245 245
183 21 78 78
166 78 207 207
163 196 143 143
134 186 26 26
0 97 60 60
182 46 122 122
159 76 110 110
13 167 69 69
34 121 37 37
180 181 8 8
55 149 114 114
64 31 249 249
96 80 57 57
174 31 122 122
101 141 200 200
61 16 72 72
89 147 83 83
154 150 73 73
116 51 77 77
195 116 242 242
100 177 243 243
163 12 248 248
5 176 30 30
179 40 82 82
49 112 243 243
173 57 181 181
13 37 46 46
69 63 25 25
92 170 148 148
138 45 148 148
53 92 141 141
195 169 225 225
38 196 226 226
72 153 29 29
160 29 251 251
129 139 157 157
69 130 22 22
3 43 232 232
187 17 225 225
32 76 58 58
78 102 239 239
91 123 211 211
24 47 178 178
28 115 167 167
44 33 204 204
159 191 250 250
155 55 111 111
3 157 31 31
146 163 67 67
187 27 187 187
54 8 145 145
157 10 182 182
3 145 51 51
27 36 174 174
90 16 135 135
180 66 39 39
63 161 99 99
181 59 53 53
194 141 190 190
50 149 246 246
148 135 200 200
94 103 75 75
93 40 215 215
66 80 43 43
19 72 230 230
40 177 82 82
34 44 199 199
74 13 252 252
80 199 58 58
71 122 41 41
15 3 181 181
188 30 169 169
164 122 251 251
89 159 231 231
15 91 207 207
60 163 199 199
26 155 225 225
66 119 62 62
147 84 102 102
151 167 163 163
108 192 121 121
96 143 246 246
36 122 216 216
156 68 171 171
121 179 36 36
190 88 223 223
183 130 209 209
70 147 134 134
52 159 20 20
58 19 143 143
50 71 251 251
134 76 91 91
178 152 90 90
148 125 210 210
36 99 5 5
43 140 64 64
192 79 164 164
14 148 204 204
147 87 187 187
127 63 93 93
162 24 244 244
108 173 113 113
44 158 133 133
44 178 239 239
187 22 88 88
131 87 85 85
99 119 54 54
138 144 184 184
16 182 18 18
36 8 27 27
61 51 218 218
109 161 138 138
90 189 17 17
50 18 179 179
52 70 181 181
15 14 179 179
95 124 18 18
187 139 134 134
34 183 57 57
117 173 164 164
60 57 149 149
120 199 52 52
1 88 126 126
181 37 110 110
97 194 134 134
40 158 131 131
155 83 173 173
147 6 169 169
101 199 79 79
28 68 105 105
165 123 6 6
192 105 194 194
14 179 217 217
88 84 139 139
152 46 49 49
36 165 176 176
103 156 95 95
116 56 102 102
45 49 231 231
45 94 239 239
43 86 1 1
52 151 193 193
121 151 249 249
157 22 17 17
150 137 243 243
90 67 174 174
13 35 196 196
172 27 5 5
14 61 179 179
63 118 124 124
59 100 168 168
35 114 72 72
8 151 48 48
170 53 39 39
0 15 53 53
99 196 181 181
53 103 169 169
147 174 226 226
54 56 94 94
148 156 119 119
193 39 75 75
24 6 226 226
26 148 57 57
186 192 163 163
161 49 236 236
110 20 105 105
101 146 210 210
134 110 75 75
49 104 78 78
115 2 185 185
72 167 186 186
70 97 78 78
52 77 122 122
153 0 179 179
33 98 222 222
191 9 110 110
105 17 97 97
158 43 34 34
9 71 241 241
44 72 20 20
92 146 29 29
170 178 154 154
35 123 219 219
173 107 76 76
90 123 192 192
184 113 16 16
20 36 128 128
190 125 232 232
37 175 113 113
24 28 221 221
198 95 222 222
124 159 59 59
166 168 64 64
183 10 23 23
66 153 93 93
189 26 44 44
77 24 254 254
102 50 47 47
83 192 246 246
174 67 203 203
57 146 231 231
104 47 176 176
72 93 153 153
175 48 225 225
73 112 226 226
129 71 246 246
7 5 206 206
183 125 67 67
125 166 24 24
88 192 191 191
72 29 213 213
18 149 52 52
199 88 89 89
65 125 48 48
155 74 255 255
24 11 152 152
74 96 191 191
96 178 127 127
1 120 255 255
30 184 48 48
197 155 220 220
151 85 221 221
99 23 107 107
114 70 28 28
172 119 115 115
142 123 199 199
7 159 198 198
1 115 240 240
34 25 246 246
126 108 188 188
73 183 188 188
109 169 93 93
113 70 235 235
146 114 85 85
142 128 189 189
99 139 205 205
83 2 75 75
25 135 139 139
25 91 143 143
5 149 225 225
11 99 75 75
24 170 101 101
59 25 148 148
37 45 35 35
2 116 148 148
153 27 19 19
51 62 59 59
84 94 83 83
78 26 146 146
22 129 58 58
165 58 3 3
131 142 110 110
193 108 24 24
34 150 109 109
57 197 9 9
119 60 10 10
59 157 179 179
105 14 206 206
25 10 250 250
41 76 41 41
24 190 11 11
40 108 182 182
84 70 6 6
86 59 245 245
0 4 138 138
69 83 194 194
146 14 67 67
192 132 84 84
164 1 78 78
81 165 209 209
26 47 180 180
110 83 24 24
61 135 54 54
94 54 72 72
163 118 185 185
44 3 74 74
179 81 91 91
25 65 243 243
92 25 28 28
175 5 108 108
100 91 46 46
6 182 30 30
56 194 89 89
118 102 196 196
132 164 10 10
156 95 97 97
82 153 205 205
50 61 61 61
34 75 174 174
127 126 71 71
53 148 101 101
39 114 56 56
164 14 252 252
105 77 106 106
199 113 46 46
71 134 6 6
100 112 45 45
179 170 239 239
166 111 89 89
134 75 249 249
158 16 192 192
180 8 140 140
83 109 144 144
92 136 246 246
57 83 84 84
97 73 73 73
191 154 191 191
151 190 46 46
124 119 61 61
87 103 90 90
89 5 153 153
166 23 233 233
32 124 120 120
192 12 241 241
178 167 45 45
83 22 1 1
56 140 209 209
105 10 121 121
114 2 61 61
84 105 254 254
156 187 192 192
47 176 34 34
95 48 55 55
26 185 188 188
6 192 139 139
160 38 227 227
68 104 66 66
51 0 55 55
78 29 210 210
120 161 26 26
52 176 175 175
54 157 146 146
186 120 166 166
112 22 63 63
9 25 8 8
196 171 249 249
197 44 136 136
171 23 70 70
168 141 39 39
16 36 68 68
37 76 160 160
0 109 191 191
38 4 45 45
37 44 151 151
114 23 48 48
164 26 89 89
46 142 151 151
198 7 128 128
168 195 209 209
178 165 84 84
140 172 126 126
127 108 17 17
145 63 117 117
66 134 52 52
92 67 77 77
23 32 127 127
126 137 23 23
55 90 142 142
115 53 182 182
33 114 104 104
61 191 167 167
118 52 101 101
141 10 122 122
176 21 77 77
119 193 36 36
116 16 1 1
9 135 197 197
102 101 171 171
2 97 71 71
183 177 235 235
129 109 238 238
115 136 102 102
151 182 42 42
142 184 154 154
96 155 252 252
137 109 89 89
146 7 114 114
113 88 19 19
18 41 88 88
61 89 194 194
35 177 102 102
49 66 214 214
8 32 211 211
44 137 90 90
93 111 10 10
25 44 32 32
181 94 217 217
122 70 160 160
3 21 173 173
78 117 15 15
61 48 135 135
158 122 211 211
137 145 242 242
51 194 1 1
141 116 33 33
105 190 22 22
182 113 2 2
174 178 229 229
2 19 64 64
195 197 199 199
181 69 81 81
19 136 173 173
42 97 45 45
5 103 122 122
145 116 71 71
177 34 168 168
180 155 83 83
145 37 184 184
97 79 58 58
150 24 170 170
10 152 250 250
195 3 160 160
132 11 255 255
42 79 205 205
160 23 121 121
148 180 137 137
112 143 108 108
29 117 209 209
198 127 41 41
185 176 152 152
161 199 223 223
157 94 47 47
106 54 107 107
131 155 82 82
85 82 48 48
179 95 11 11
186 175 103 103
51 118 176 176
138 93 112 112
69 98 167 167
31 181 246 246
193 60 192 192
50 191 84 84
139 36 162 162
119 101 185 185
35 76 27 27
147 141 74 74
130 78 12 12
112 28 82 82
15 99 131 131
155 66 54 54
169 93 76 76
160 119 162 162
144 181 53 53
169 127 152 152
140 164 155 155
153 79 189 189
0 73 131 131
132 187 108 108
101 79 101 101
80 184 27 27
110 129 203 203
152 22 148 148
109 167 134 134
73 64 29 29
34 43 67 67
109 146 16 16
114 6 3 3
127 83 114 114
133 41 127 127
197 25 169 169
5 150 104 104
105 158 190 190
175 189 125 125
145 29 10 10
69 178 120 120
13 179 23 23
107 165 210 210
1 16 3 3
132 27 104 104
32 118 212 212
22 141 56 56
16 136 52 52
147 143 246 246
171 33 236 236
184 168 75 75
10 142 145 145
100 198 41 41
105 197 206 206
27 126 124 124
175 40 14 14
105 82 232 232
157 58 198 198
50 89 161 161
37 82 237 237
160 59 226 226
24 176 99 99
195 123 253 253
72 118 229 229
108 8 212 212
86 119 251 251
150 109 14 14
186 2 187 187
107 43 186 186
0 134 10 10
169 175 196 196
126 26 177 177
10 83 32 32
37 12 22 22
124 74 51 51
95 36 136 136
86 71 105 105
13 81 234 234
146 37 59 59
126 196 95 95
147 64 214 214
198 6 133 133
108 150 111 111
140 77 126 126
78 18 83 83
56 40 107 107
101 45 139 139
119 147 60 60
14 5 49 49
18 27 171 171
39 165 168 168
172 62 20 20
181 50 14 14
58 81 37 37
114 8 120 120
87 174 97 97
111 180 33 33
4 189 5 5
150 60 28 28
29 52 90 90
105 81 15 15
30 176 95 95
181 44 138 138
24 173 46 46
