3153 3153

51 194
116 16
83 22
43 86
91 183
143 157
44 124
101 86
134 90
182 113
18 13
132 33
136 116
95 142
33 86
132 36
143 39
155 176
2 181
0 192
7 175
1 16
114 6
165 58
46 176
10 64
170 118
6 73
76 1
82 24
50 51
56 49
9 68
150 164
4 189
172 27
36 99
24 172
63 157
71 134
84 70
165 123
84 23
59 161
76 0
173 136
68 101
84 110
13 75
5 162
73 52
81 158
112 133
82 66
9 25
136 182
114 185
14 125
156 145
116 126
180 181
128 48
3 7
61 56
19 181
57 197
183 90
143 176
72 25
78 197
92 173
0 134
182 80
145 29
123 179
93 111
132 164
119 60
194 120
193 130
173 89
85 99
144 35
15 163
94 116
76 191
179 95
24 190
153 83
83 8
78 134
57 196
60 93
74 47
22 32
13 79
130 78
60 83
177 103
132 3
34 95
174 155
80 121
75 88
24 33
135 39
3 10
187 138
181 50
150 109
175 40
116 12
122 9
118 84
105 81
133 193
78 117
174 72
191 156
109 146
52 167
1 2
184 113
180 82
127 108
136 102
157 22
90 189
137 188
22 53
79 182
16 138
62 43
4 144
9 52
10 123
95 124
169 159
178 146
106 111
7 56
2 98
63 195
52 159
170 50
81 22
86 140
35 168
125 170
37 12
96 48
69 130
160 99
112 65
126 137
97 16
166 110
199 7
193 108
56 21
69 128
163 192
114 31
27 152
120 161
134 186
141 74
30 76
41 62
119 104
180 198
5 176
38 45
115 185
87 28
55 98
141 116
131 67
26 19
37 45
11 75
42 83
129 193
147 134
67 9
100 198
151 182
87 181
143 148
54 195
20 30
177 101
101 17
154 81
197 77
18 149
139 98
107 179
171 23
