50 50 2
39 1
21 7
9 28
42 24
34 41
39 38
43 33
36 26
10 40
28 42
19 50
3 5
37 15
31 11
6 12
2 14
31 20
40 36
28 37
33 25
2 27
2 19
20 30
1 45
39 47
33 34
17 22
46 21
10 18
30 48
3 39
42 43
44 32
39 13
19 8
38 16
44 29
3 9
23 4
40 35
5 46
42 31
10 2
31 6
6 23
2 49
42 10
6 17
28 44
49 2
39 23
5 6
30 7
10 7
15 26
48 33
4 50
32 10
30 8
11 26
48 28
50 27
47 33
20 10
35 20
40 50
40 30
41 24
9 19
5 33
29 46
20 41
38 24
12 32
33 8
19 8
41 4
38 35
50 5
27 44
27 1
1 29
7 38
15 39
3 40
12 11
4 17
40 28
6 31
35 32
24 42
9 32
6 5
29 10
17 11
1 50
47 9
3 7
14 38
