50 50 6
48 7
16 14
27 31
5 27
47 13
45 34
19 23
37 5
48 35
41 1
11 42
27 6
8 39
41 18
41 48
5 15
11 43
36 28
48 24
46 30
23 10
39 25
15 45
47 32
5 2
2 50
5 8
27 12
27 11
19 29
27 47
43 38
37 41
8 44
41 16
48 4
41 20
15 9
29 40
41 33
40 36
18 49
39 22
47 26
23 17
21 46
41 19
23 3
33 21
8 33
40 11
11 20
33 49
15 8
17 38
30 16
18 14
8 7
32 15
25 15
15 18
39 49
1 14
25 7
35 19
44 25
11 38
30 21
4 46
2 5
13 31
1 33
35 32
12 21
40 45
18 44
6 5
9 48
34 15
8 23
39 30
27 39
48 15
11 2
34 44
11 50
49 44
7 10
3 9
44 50
3 14
15 32
12 20
31 5
30 8
47 40
34 40
46 24
41 36
