50 50 0
29 28
15 39
14 19
17 18
43 49
26 29
23 7
47 36
48 41
21 13
21 9
36 25
22 26
3 34
38 30
17 44
39 1
33 46
42 48
26 47
31 40
15 16
39 43
29 14
26 38
20 8
33 22
20 21
29 42
11 31
21 11
20 37
22 20
49 3
46 32
30 35
31 4
20 27
17 50
2 12
22 2
31 5
16 45
41 10
23 17
20 15
17 24
14 6
30 23
12 41
21 42
7 2
18 33
37 45
38 44
32 3
46 2
29 7
17 18
42 1
48 6
14 7
48 36
31 17
31 11
42 36
27 2
33 44
2 24
39 9
13 27
4 22
28 15
35 40
50 22
4 12
23 38
49 10
44 14
12 42
31 7
38 39
18 13
37 23
45 49
32 30
32 4
17 8
1 42
39 49
14 12
11 32
20 18
49 8
14 46
35 20
43 49
14 47
46 9
