50 50 100000
47 19
15 50
7 30
35 5
27 28
25 7
4 24
25 21
28 13
21 34
45 36
23 3
45 25
6 12
22 14
27 31
28 23
47 9
34 1
45 48
40 26
45 10
4 8
27 20
31 32
35 37
45 39
17 11
46 49
45 47
27 4
39 22
45 17
7 27
6 18
3 42
1 46
3 29
34 40
34 38
45 15
35 43
22 41
34 6
7 16
47 33
28 44
30 2
39 35
23 39
50 20
9 46
23 14
24 9
35 38
40 12
25 14
50 3
1 18
7 1
9 6
30 25
26 50
27 31
5 32
7 5
7 6
20 38
23 37
23 50
16 46
9 20
30 2
40 29
31 29
30 42
16 11
31 12
7 18
1 9
43 17
34 1
24 3
32 5
12 49
8 16
50 25
2 16
14 45
35 8
18 7
31 39
32 33
18 27
41 38
50 38
12 48
3 15
16 11
