50 50 2
18 12
16 3
41 27
13 38
24 6
37 40
29 13
48 17
17 16
36 37
31 32
45 49
15 9
11 31
26 23
21 50
35 20
46 10
44 41
16 34
41 48
37 11
14 36
20 5
30 33
8 2
6 44
4 29
9 4
10 22
34 39
25 24
33 8
13 25
23 42
7 18
21 47
32 15
1 14
22 43
13 28
42 30
20 21
1 19
47 45
18 26
30 35
10 7
49 1
9 17
39 15
12 40
29 22
38 12
25 9
46 41
46 41
41 50
6 31
15 22
32 35
18 12
4 49
10 32
20 25
32 4
39 47
35 25
2 43
44 28
38 47
4 44
36 33
6 33
41 40
32 47
19 4
30 36
39 10
6 19
46 34
1 22
7 48
18 13
4 50
41 45
32 31
4 40
22 30
49 12
12 10
15 2
37 24
21 41
7 13
16 9
30 22
14 11
12 33
