50 50 100000
13 29
46 48
8 31
5 18
10 13
33 50
44 33
31 9
21 25
9 22
17 16
20 3
24 38
39 17
45 27
18 45
3 36
50 35
28 14
7 15
46 7
8 26
9 12
27 1
39 30
28 11
22 39
15 43
16 46
42 21
45 19
23 6
37 8
28 24
25 37
10 34
35 20
27 49
43 28
6 44
20 4
9 32
47 40
2 10
49 23
15 41
36 42
13 47
40 5
18 16
41 6
28 1
25 42
15 5
48 31
16 11
22 10
42 24
14 45
50 49
43 22
7 42
44 17
17 2
21 25
21 25
31 22
26 9
30 25
9 37
15 30
24 48
5 13
15 23
2 31
41 47
12 42
31 8
42 1
5 14
21 4
3 28
34 31
15 8
31 10
35 46
6 15
19 38
35 13
43 21
29 42
6 50
31 45
46 28
44 23
43 26
45 5
1 5
18 39
