50 50 21
16 8
46 15
21 25
45 27
38 21
3 9
23 20
24 18
11 22
6 36
19 50
23 39
40 17
49 11
30 26
18 45
9 49
43 37
33 24
32 3
14 5
37 6
20 40
8 13
28 41
41 47
44 7
29 4
26 42
34 1
42 46
17 29
5 33
4 28
15 19
13 48
35 2
40 31
36 14
48 23
27 35
7 10
10 38
11 12
47 43
12 30
50 44
2 34
1 32
19 31
20 3
29 15
32 42
15 42
33 2
27 9
31 36
41 25
3 16
45 31
43 4
32 41
34 28
3 48
12 11
38 26
42 38
44 33
21 29
19 35
10 22
31 45
45 36
33 36
25 36
25 36
24 28
9 1
41 27
30 38
16 11
10 37
30 40
34 44
33 39
33 16
27 35
34 22
42 26
49 42
27 19
16 7
17 48
40 10
25 38
9 10
11 46
8 22
32 33
