50 50 2
1 27
1 20
1 31
1 29
1 5
1 15
1 14
1 35
1 36
1 25
1 33
1 28
1 34
1 10
1 50
1 17
1 43
1 39
1 18
1 21
1 45
1 37
1 32
1 23
1 8
1 47
1 40
1 6
1 9
1 22
1 42
1 12
1 13
1 30
1 3
1 24
1 38
1 4
1 11
1 48
1 19
1 2
1 49
1 16
1 7
1 44
1 41
1 26
1 46
15 6
29 49
37 6
39 45
15 18
45 26
19 30
48 33
3 9
49 45
21 4
23 25
41 37
31 7
41 31
38 34
30 26
16 24
39 20
40 6
21 27
10 35
4 30
43 17
43 25
30 39
13 5
7 21
41 21
30 6
6 42
33 18
2 41
25 21
32 33
12 42
7 9
45 27
9 22
7 18
12 33
16 46
6 39
23 41
6 38
3 39
50 19
43 42
35 50
6 46
