10 45
0 1 184 83
0 2 230 151
2 3 143 18
3 4 131 126
0 5 203 102
1 6 83 114
3 7 204 180
3 8 223 241
2 9 216 80
0 4 16 253
5 2 124 2
9 5 96 109
4 1 108 179
7 1 75 13
9 7 176 154
4 9 82 190
1 9 85 28
8 4 196 59
6 9 156 123
7 5 20 204
6 3 109 88
6 5 103 81
4 6 93 232
9 8 36 102
8 2 88 64
5 1 203 16
2 6 79 59
7 6 15 252
3 9 205 129
8 0 240 16
1 2 2 145
8 6 133 209
5 8 215 164
7 2 145 162
7 4 10 80
7 0 164 11
4 5 227 17
8 1 213 1
0 3 131 249
2 4 189 97
3 1 230 253
6 0 255 247
8 7 29 203
9 0 83 177
5 3 76 5
