50 75
0 1 236 107
0 2 146 219
2 3 207 128
0 4 78 44
3 5 209 219
3 6 71 21
2 7 146 165
1 8 38 247
4 9 197 149
4 10 173 117
1 11 155 170
9 12 158 230
1 13 219 244
4 14 89 61
13 15 53 140
8 16 203 246
4 17 12 131
1 18 96 107
2 19 253 186
0 20 141 217
19 21 113 191
12 22 34 28
20 23 194 31
10 24 189 121
13 25 135 133
24 26 147 213
26 27 3 252
22 28 255 254
14 29 20 12
17 30 125 252
20 31 171 209
10 32 2 119
32 33 16 213
3 34 122 79
0 35 79 159
31 36 225 173
34 37 194 99
19 38 226 68
17 39 8 165
7 40 137 248
1 41 144 185
0 42 163 79
35 43 39 220
21 44 107 171
29 45 253 139
27 46 93 104
0 47 56 162
24 48 10 12
41 49 188 207
47 26 54 93
28 47 151 228
6 45 46 143
35 18 88 120
16 4 90 1
48 3 235 5
14 41 222 249
9 19 236 210
43 36 237 253
30 25 222 245
40 39 2 222
21 20 107 247
18 26 138 196
26 16 3 82
36 40 123 201
32 35 6 20
16 11 82 240
32 22 93 119
6 19 200 118
43 24 53 50
25 41 101 25
30 40 81 108
34 39 197 231
11 28 10 104
27 41 121 72
3 17 50 147
