50 75
0 1 26 195
0 2 225 122
2 3 98 30
1 4 205 70
3 5 11 216
1 6 54 35
2 7 180 151
2 8 61 41
5 9 136 31
7 10 60 86
5 11 39 115
9 12 65 90
4 13 98 244
7 14 155 64
9 15 136 6
3 16 90 236
4 17 2 88
5 18 225 158
17 19 121 106
2 20 235 158
15 21 242 108
3 22 196 183
17 23 171 24
12 24 129 63
13 25 64 26
13 26 73 213
18 27 139 194
23 28 187 196
22 29 228 201
25 30 59 182
4 31 210 223
5 32 254 140
28 33 29 46
9 34 53 250
34 35 204 210
7 36 39 3
9 37 107 29
17 38 130 106
15 39 100 40
22 40 243 59
10 41 191 191
1 42 139 154
37 43 52 146
13 44 34 177
7 45 39 215
36 46 189 151
46 47 125 157
44 48 41 47
40 49 159 54
16 40 245 4
25 35 21 205
9 45 147 162
0 6 186 187
36 32 193 228
9 23 21 222
7 34 249 209
38 19 11 186
28 4 159 157
35 29 182 150
13 37 239 128
38 40 218 80
2 37 137 118
23 39 238 13
42 39 246 122
29 17 189 109
26 40 188 223
12 29 31 125
48 0 41 138
11 7 62 71
25 18 131 164
41 16 29 194
39 21 253 3
20 27 15 60
1 33 82 84
14 19 31 177
