100 400
0 1 206 217
1 2 177 14
0 3 223 150
3 4 75 39
4 5 155 112
4 6 82 87
0 7 233 138
3 8 166 58
8 9 138 93
1 10 180 120
3 11 68 28
7 12 54 79
11 13 102 38
2 14 225 81
11 15 41 57
11 16 178 233
12 17 67 115
4 18 190 136
12 19 184 21
14 20 134 249
5 21 140 33
21 22 202 61
11 23 165 207
2 24 190 180
18 25 216 39
16 26 205 144
21 27 141 211
14 28 255 47
19 29 238 65
19 30 142 199
6 31 100 156
21 32 188 24
6 33 64 213
1 34 67 48
2 35 9 63
27 36 219 66
6 37 148 131
37 38 241 197
15 39 129 121
20 40 32 224
11 41 166 62
11 42 198 148
13 43 85 44
26 44 13 97
5 45 169 229
29 46 127 100
33 47 191 74
24 48 236 85
11 49 63 236
38 50 119 92
6 51 115 79
1 52 202 10
4 53 66 153
44 54 25 31
2 55 137 187
13 56 28 192
39 57 230 174
46 58 23 143
1 59 28 239
36 60 212 236
28 61 165 86
6 62 127 136
37 63 145 2
0 64 229 40
56 65 195 183
54 66 153 61
35 67 193 103
13 68 87 56
16 69 140 3
59 70 68 224
21 71 119 24
0 72 50 62
57 73 10 114
19 74 204 64
48 75 64 158
42 76 178 84
56 77 76 164
68 78 254 228
16 79 159 169
49 80 139 141
3 81 118 62
1 82 20 248
15 83 85 148
13 84 185 214
34 85 45 23
24 86 223 79
18 87 212 147
29 88 19 194
79 89 245 218
5 90 241 130
69 91 231 171
12 92 156 49
63 93 113 8
13 94 121 173
23 95 130 86
21 96 52 188
20 97 20 234
73 98 68 189
35 99 140 243
97 12 159 233
44 21 136 154
75 37 3 9
19 53 209 36
62 47 145 9
35 23 208 72
65 36 17 191
66 47 68 90
65 88 29 233
37 39 17 164
14 63 228 3
0 66 168 118
39 83 134 222
94 56 247 247
34 31 252 7
39 9 65 181
68 58 36 12
62 83 220 83
6 97 23 73
58 23 55 202
70 51 211 46
12 60 8 200
42 79 31 118
75 43 111 92
45 14 122 207
78 92 153 35
22 99 241 174
61 9 174 139
17 95 172 10
92 56 55 108
56 61 58 124
15 70 76 240
96 73 190 3
20 54 62 132
48 6 30 21
31 71 80 9
9 95 15 204
31 52 46 208
74 58 148 98
47 20 45 181
24 25 62 113
12 46 121 98
8 42 212 40
73 0 197 79
51 29 113 90
13 18 209 44
0 9 7 5
91 72 149 98
16 91 174 127
78 99 30 74
62 39 205 44
94 93 130 173
51 38 39 18
41 75 237 161
16 53 241 6
74 41 160 221
30 82 134 193
35 3 227 180
82 86 80 105
33 48 51 200
4 85 27 30
9 47 138 225
57 77 126 181
39 87 216 29
76 1 200 101
26 71 156 201
47 70 41 38
92 50 215 46
60 33 202 150
78 76 190 135
38 52 6 227
69 68 10 8
86 57 56 230
72 20 217 8
43 57 207 86
68 0 170 64
94 78 171 52
99 3 214 87
55 90 64 162
90 84 91 179
44 68 245 160
55 43 14 203
90 99 220 93
93 51 28 175
32 71 251 108
79 22 206 96
75 49 188 140
90 61 131 46
6 14 178 21
71 2 13 242
53 17 181 242
32 5 205 47
95 62 151 211
24 91 52 168
31 79 166 76
34 21 97 57
78 28 208 110
24 62 207 110
51 4 58 103
84 79 156 5
5 26 143 245
92 63 63 71
41 26 166 12
16 64 199 219
29 22 24 76
82 61 118 95
27 54 113 25
1 74 196 127
17 77 78 182
66 48 177 183
8 0 31 48
21 38 67 84
80 98 191 130
0 84 251 137
2 36 96 3
63 59 187 235
63 7 202 233
22 56 30 143
34 90 62 23
72 63 125 251
12 6 43 129
76 91 243 9
61 30 75 40
66 78 194 81
7 84 41 177
78 16 242 115
36 51 36 138
54 17 249 28
49 7 194 225
53 51 93 237
95 16 151 33
62 58 82 212
23 36 156 49
66 9 62 42
27 39 26 173
45 1 180 124
83 58 180 136
31 49 139 194
36 90 122 251
33 66 3 60
58 69 60 119
18 65 153 40
38 67 71 143
71 67 252 248
59 85 149 177
78 35 167 145
22 96 184 225
44 49 96 152
35 69 197 32
40 33 246 247
70 75 221 144
91 53 240 157
76 80 235 1
46 54 41 184
31 16 179 238
19 21 21 175
36 43 27 41
65 7 214 117
11 66 15 203
89 56 222 10
15 76 52 96
77 8 166 232
61 99 49 219
35 53 208 144
52 12 228 18
85 47 74 133
73 83 134 13
1 4 153 151
78 88 213 71
67 43 255 5
95 30 155 207
19 39 19 190
22 83 154 45
58 63 226 94
91 73 16 180
40 68 48 219
33 1 139 239
67 69 200 149
6 19 144 115
33 43 81 13
18 6 190 138
27 72 110 1
63 79 65 167
44 41 170 136
67 12 152 184
36 14 244 149
94 7 191 55
5 68 179 224
90 63 203 8
32 81 206 254
89 24 146 231
49 74 1 104
25 16 116 228
95 84 194 191
87 28 209 247
27 58 88 243
35 6 14 69
30 98 88 2
85 26 241 135
91 4 226 136
90 27 89 7
70 84 141 87
34 76 245 70
53 25 242 48
91 37 113 181
6 80 6 247
61 8 34 9
55 38 252 161
76 50 205 137
22 64 178 120
31 2 77 171
74 66 141 20
8 4 33 121
16 46 142 82
30 7 56 156
2 73 185 49
34 73 131 228
57 20 246 207
1 62 109 15
45 92 80 236
99 4 196 203
25 12 1 246
12 80 81 84
51 88 58 176
82 25 195 181
4 13 35 73
79 78 147 163
31 40 208 246
34 47 122 71
38 17 133 43
54 40 180 127
90 40 210 74
65 47 20 130
61 66 170 194
62 36 197 119
68 29 133 52
67 50 176 185
6 71 231 127
16 86 130 213
2 99 126 67
26 36 154 247
47 64 207 128
56 43 12 84
94 22 187 109
43 7 95 210
40 57 68 239
65 51 117 155
70 80 226 179
87 48 58 188
6 55 227 169
29 73 51 160
58 36 255 135
97 26 227 156
74 99 132 240
25 0 58 56
87 24 167 79
16 41 166 54
78 72 204 215
36 24 121 70
94 31 34 125
83 87 82 255
88 0 47 197
38 11 245 198
80 26 102 129
11 39 217 135
33 41 187 62
12 91 235 180
29 61 138 62
17 3 162 186
12 43 109 135
55 0 9 126
19 71 61 175
93 49 62 8
95 29 21 209
25 42 249 28
13 8 157 214
29 53 88 189
9 67 111 183
64 41 129 138
93 28 147 121
80 27 83 94
21 45 180 39
70 50 146 253
6 88 56 250
5 19 57 24
83 60 205 53
19 2 223 73
83 64 223 74
4 78 153 10
93 29 90 143
20 58 2 199
90 49 235 9
12 51 136 81
17 76 246 138
92 62 82 138
4 73 98 213
41 77 177 197
18 64 62 60
27 76 236 19
52 84 85 128
95 87 172 194
