200 300
0 1 175 135
0 2 112 96
0 3 156 27
2 4 70 213
3 5 140 148
2 6 46 176
3 7 120 210
0 8 202 233
0 9 113 174
6 10 237 201
9 11 107 125
4 12 56 171
10 13 233 85
8 14 89 80
11 15 202 67
1 16 180 217
14 17 164 172
14 18 165 255
14 19 5 169
1 20 97 236
5 21 47 3
3 22 172 234
4 23 28 200
6 24 114 43
10 25 201 193
16 26 63 220
25 27 137 43
16 28 26 97
10 29 124 225
3 30 232 187
4 31 238 172
22 32 45 105
1 33 88 25
25 34 139 196
22 35 115 59
5 36 227 169
25 37 185 116
7 38 235 13
11 39 175 147
35 40 44 35
0 41 218 214
11 42 26 14
37 43 100 202
10 44 195 41
15 45 115 93
1 46 47 11
10 47 120 3
30 48 24 10
29 49 212 10
18 50 125 171
35 51 122 245
13 52 5 13
16 53 41 147
26 54 150 186
10 55 120 55
30 56 242 81
49 57 212 147
17 58 3 98
42 59 14 178
8 60 82 117
23 61 234 26
26 62 251 91
13 63 126 218
27 64 67 48
23 65 135 29
25 66 240 18
7 67 40 217
45 68 65 145
50 69 220 28
43 70 215 108
56 71 109 176
48 72 183 242
22 73 241 121
33 74 209 122
1 75 123 28
75 76 100 211
29 77 1 133
71 78 243 27
69 79 125 220
68 80 213 139
38 81 112 195
38 82 246 206
75 83 218 151
40 84 153 83
1 85 142 137
25 86 82 203
6 87 141 164
87 88 99 26
77 89 85 42
40 90 155 86
7 91 180 139
32 92 63 65
46 93 151 174
55 94 50 99
25 95 131 112
72 96 32 203
67 97 36 117
89 98 171 73
46 99 97 89
71 100 1 145
87 101 130 178
3 102 206 9
11 103 183 128
21 104 116 41
41 105 160 128
8 106 51 153
4 107 217 251
76 108 161 5
34 109 38 177
93 110 86 213
39 111 120 144
85 112 150 113
12 113 78 164
36 114 82 37
67 115 49 196
8 116 219 42
107 117 164 236
101 118 191 104
118 119 63 68
33 120 250 22
21 121 90 187
90 122 243 203
50 123 58 87
19 124 242 105
71 125 39 47
120 126 189 195
109 127 18 50
72 128 74 160
65 129 105 13
107 130 116 138
67 131 76 49
11 132 235 187
88 133 66 144
20 134 4 174
131 135 96 228
123 136 226 16
57 137 54 68
75 138 58 221
81 139 133 21
12 140 93 244
36 141 144 178
140 142 252 161
40 143 243 101
52 144 222 83
55 145 80 198
5 146 38 42
84 147 187 125
86 148 245 178
8 149 228 142
137 150 250 189
144 151 239 197
50 152 64 74
104 153 238 137
116 154 42 26
71 155 51 176
141 156 21 181
95 157 232 220
95 158 70 225
131 159 96 85
99 160 81 230
41 161 185 104
74 162 171 130
151 163 62 162
148 164 252 247
160 165 175 48
92 166 158 131
11 167 223 8
155 168 230 115
58 169 215 93
71 170 101 26
19 171 67 101
36 172 104 13
77 173 99 187
36 174 56 202
141 175 71 96
66 176 180 129
151 177 94 240
1 178 4 221
150 179 170 49
38 180 67 127
26 181 254 154
166 182 155 246
115 183 131 197
130 184 236 33
76 185 198 16
146 186 182 117
182 187 3 214
137 188 174 233
165 189 251 83
50 190 99 40
182 191 1 208
53 192 182 187
175 193 15 170
117 194 62 111
113 195 178 176
139 196 190 214
87 197 219 238
155 198 147 184
67 199 166 74
137 77 179 73
193 173 248 209
72 57 232 171
97 172 28 86
79 27 93 141
117 199 34 118
79 191 100 181
147 37 17 12
119 184 127 99
188 179 103 143
41 65 187 57
128 92 195 225
159 139 101 39
56 96 86 45
185 193 71 167
173 178 83 72
118 46 29 58
187 133 252 25
16 36 86 27
105 95 203 35
63 22 249 108
46 95 185 66
13 146 203 239
132 84 175 37
130 73 200 232
64 123 10 92
90 144 98 213
16 49 136 191
83 24 229 71
98 20 245 138
169 71 46 7
150 87 153 144
69 137 237 89
20 86 24 178
174 77 182 229
133 189 76 230
51 132 57 37
36 65 26 152
78 121 93 238
149 160 184 135
194 165 129 39
84 36 24 37
109 52 124 102
38 144 231 77
76 136 111 81
116 197 195 13
159 66 59 146
84 29 140 138
4 57 192 35
67 130 145 172
86 152 88 170
71 138 185 140
84 108 75 235
155 114 37 154
181 104 105 174
75 127 20 212
22 111 47 245
163 83 203 128
163 1 156 144
28 191 22 61
137 144 193 11
188 49 202 150
11 24 175 201
78 167 176 100
33 97 226 72
49 120 102 175
49 72 251 71
58 86 29 109
132 13 129 71
0 113 88 51
69 75 213 240
40 43 4 110
138 4 113 87
127 101 82 87
157 155 234 183
44 47 224 167
51 184 21 97
96 14 39 74
161 126 110 50
133 194 213 131
23 182 183 242
114 72 198 219
7 124 143 13
110 139 3 222
89 111 234 114
53 111 248 186
138 45 23 175
154 77 25 101
49 81 197 59
130 7 179 63
36 175 47 158
6 40 135 70
159 102 126 210
54 120 222 103
28 188 56 167
67 51 98 27
122 133 69 23
75 129 51 235
10 186 126 132
69 99 198 90
49 74 140 30
