4518 13444

67 29
155 41
174 190
153 5
146 89
167 65
110 10
16 122
124 188
93 70
107 0
178 77
122 40
179 50
6 55
7 104
142 45
73 189
179 109
62 151
137 122
102 126
14 88
107 48
181 4
71 181
131 177
41 181
175 46
25 29
7 79
102 147
56 91
12 100
162 62
150 15
101 184
163 130
131 118
144 184
159 87
169 133
183 128
68 91
24 147
88 90
149 53
77 48
86 166
7 133
108 130
174 38
90 133
143 176
154 156
114 144
35 40
46 151
41 80
55 155
61 98
175 124
2 53
142 133
158 132
156 183
89 64
3 17
1 131
181 94
125 52
45 113
111 83
38 81
49 69
53 189
188 166
28 2
11 23
188 6
7 117
62 88
103 27
21 74
92 49
2 147
160 154
183 17
40 190
4 13
129 171
66 84
163 124
103 183
40 78
85 192
48 46
85 20
120 17
180 75
102 129
132 180
38 136
152 147
86 22
149 178
172 128
164 184
63 65
119 153
81 2
188 70
10 17
105 119
25 90
167 41
92 193
84 187
196 159
28 132
156 187
78 197
14 19
38 87
57 73
192 183
91 95
91 174
62 18
127 54
80 83
24 112
122 168
39 7
47 138
165 42
3 48
109 18
114 1
175 105
49 97
100 188
81 148
129 15
110 182
77 140
103 99
9 0
108 30
20 92
57 127
93 74
59 104
104 101
36 102
44 114
52 126
139 55
88 195
119 82
95 34
186 50
76 99
106 108
169 72
51 70
93 146
112 61
83 42
32 76
60 44
70 157
105 37
115 156
138 132
167 121
11 192
136 185
96 119
198 92
3 26
126 145
77 135
14 33
170 7
3 58
65 173
141 117
176 53
42 161
199 166
152 194
7 43
191 166
116 54
134 115
123 69
114 8
3 31
