200 2000
0 1 99 99
0 2 91 165
1 3 101 49
0 4 137 146
0 5 78 252
3 6 87 8
0 7 78 121
0 8 19 71
1 9 199 26
2 10 227 162
4 11 45 175
10 12 59 255
1 13 210 104
1 14 248 100
4 15 40 56
10 16 125 147
3 17 71 51
8 18 82 140
2 19 241 65
9 20 51 111
13 21 94 212
3 22 190 193
16 23 246 185
2 24 91 228
22 25 162 12
0 26 71 134
20 27 20 50
13 28 85 83
6 29 204 181
23 30 104 50
16 31 162 98
26 32 49 25
15 33 195 214
9 34 7 144
19 35 185 167
5 36 17 208
33 37 94 151
0 38 8 33
33 39 37 23
33 40 38 174
10 41 235 191
28 42 82 194
14 43 98 173
40 44 189 37
6 45 75 36
32 46 138 225
39 47 59 181
24 48 146 86
22 49 220 109
49 50 46 246
4 51 197 193
30 52 59 63
52 53 235 180
12 54 187 120
25 55 150 35
12 56 143 192
17 57 4 254
10 58 171 84
23 59 229 19
38 60 208 179
22 61 19 131
45 62 136 117
23 63 2 201
10 64 214 86
12 65 143 2
3 66 186 109
60 67 232 38
67 68 237 149
10 69 193 138
34 70 14 61
25 71 20 68
41 72 174 74
45 73 96 251
14 74 118 237
67 75 107 108
1 76 171 31
51 77 1 207
47 78 166 33
44 79 62 114
7 80 221 57
8 81 213 23
30 82 4 52
72 83 25 120
21 84 192 200
9 85 192 171
18 86 176 154
28 87 80 137
24 88 196 169
6 89 91 235
47 90 53 153
4 91 149 90
23 92 110 110
10 93 189 11
83 94 150 32
8 95 69 196
6 96 77 13
30 97 82 141
56 98 46 234
25 99 60 162
32 100 20 24
58 101 60 36
67 102 80 226
37 103 194 94
0 104 157 31
23 105 198 207
68 106 46 202
106 107 73 62
92 108 199 158
107 109 213 234
41 110 135 175
79 111 165 215
20 112 170 254
14 113 139 223
90 114 189 76
82 115 108 199
91 116 76 139
56 117 109 227
101 118 188 77
108 119 17 50
36 120 201 206
65 121 241 226
92 122 166 139
92 123 56 58
64 124 175 237
115 125 61 168
52 126 124 250
111 127 252 246
32 128 143 53
9 129 171 228
70 130 58 153
78 131 163 73
92 132 231 5
42 133 138 123
58 134 102 167
73 135 133 36
127 136 80 72
55 137 148 110
24 138 206 94
64 139 23 227
98 140 105 86
59 141 85 11
96 142 188 183
78 143 21 85
29 144 225 233
128 145 122 4
14 146 129 25
130 147 45 114
121 148 232 230
97 149 61 99
80 150 62 163
65 151 178 178
145 152 47 70
114 153 228 43
21 154 234 235
3 155 222 48
80 156 34 211
118 157 104 230
72 158 220 39
94 159 177 5
126 160 19 200
103 161 23 192
85 162 85 78
19 163 250 201
40 164 160 56
29 165 187 241
139 166 128 234
114 167 239 124
55 168 80 96
59 169 79 73
106 170 8 96
60 171 186 181
122 172 164 80
42 173 196 23
39 174 206 7
168 175 134 58
110 176 64 27
44 177 79 29
112 178 179 171
123 179 41 254
17 180 141 127
166 181 241 75
51 182 219 176
144 183 188 193
127 184 215 118
29 185 197 153
112 186 155 241
123 187 249 70
87 188 46 128
97 189 121 25
50 190 171 75
90 191 65 69
180 192 144 213
160 193 2 153
46 194 61 15
110 195 48 11
36 196 189 138
158 197 189 248
43 198 32 132
83 199 13 231
78 190 12 63
173 95 40 227
34 4 200 156
88 66 176 142
79 197 236 246
182 52 151 163
76 110 55 197
6 120 44 15
70 106 231 191
28 70 234 109
171 152 85 13
164 179 116 60
173 104 220 184
138 0 50 189
36 10 50 253
194 66 181 47
1 167 247 86
161 187 204 235
171 50 175 117
5 3 38 211
199 187 70 2
55 75 91 192
49 14 102 21
147 119 213 211
120 175 92 86
142 43 163 35
80 106 7 222
23 5 26 221
162 161 97 25
5 151 39 98
124 199 40 196
17 125 108 84
119 179 79 66
64 42 239 93
181 69 29 223
197 180 60 57
56 5 136 1
8 58 84 164
19 155 105 71
129 91 111 189
83 23 63 18
134 163 190 80
129 109 227 245
168 44 29 202
23 173 239 10
195 147 21 240
125 164 210 245
24 196 231 96
143 88 226 219
190 124 129 104
157 188 14 49
57 165 42 221
193 65 219 37
175 164 116 69
20 105 255 176
80 141 57 123
18 10 24 101
51 186 6 140
6 26 82 85
112 153 120 122
173 189 45 234
117 149 121 22
137 13 229 205
37 127 123 41
137 146 106 115
67 146 2 170
111 60 184 97
11 39 241 112
24 184 87 78
96 31 34 165
39 176 97 46
173 10 150 92
138 176 223 241
148 144 70 36
154 60 179 35
97 127 207 251
76 90 92 20
180 65 133 22
18 69 184 92
11 37 62 236
16 74 7 126
98 179 197 137
113 74 103 198
115 9 227 162
58 107 58 203
186 183 104 119
117 124 28 27
159 65 82 48
21 113 109 255
78 70 111 111
192 31 202 166
37 20 155 233
122 169 232 129
85 140 176 116
39 48 23 19
129 7 83 244
122 27 179 30
138 188 207 112
149 112 69 101
161 135 10 105
95 30 240 18
12 6 166 143
95 185 159 193
71 173 208 4
55 15 236 175
5 45 83 228
35 127 161 255
14 72 72 192
19 5 216 249
72 148 89 89
164 146 135 172
128 103 224 119
109 84 32 226
198 22 237 111
171 45 195 23
52 135 89 170
3 147 87 230
120 74 223 49
73 128 172 217
41 30 196 226
173 76 79 157
109 139 120 128
100 80 96 204
145 172 56 31
180 61 41 241
118 108 118 219
164 5 139 16
194 25 219 12
41 144 70 73
47 164 207 113
189 99 228 113
100 192 55 91
199 172 118 253
18 72 133 51
100 59 8 92
54 25 99 173
87 163 216 20
165 139 169 88
43 62 170 106
123 134 177 14
84 40 4 177
139 78 49 20
65 132 146 130
23 65 35 144
96 164 32 131
164 148 85 150
109 163 125 58
73 127 118 102
187 125 54 199
139 41 42 17
151 26 60 73
156 68 132 97
118 199 163 144
82 181 155 18
115 59 187 124
197 54 203 126
89 15 19 237
186 64 71 137
80 35 167 138
29 44 89 54
183 138 23 250
160 56 141 251
17 99 144 141
182 156 142 247
141 85 18 44
135 97 152 232
105 53 241 161
49 187 234 63
34 24 67 65
144 150 156 9
83 142 156 74
156 124 70 238
157 95 205 28
189 37 46 201
130 18 104 123
33 65 237 155
108 145 131 95
74 125 230 180
45 8 101 2
34 138 184 35
93 169 16 194
187 198 161 74
174 36 61 129
137 8 179 82
12 81 61 92
110 47 248 252
23 67 127 205
172 132 79 70
114 161 64 134
121 44 38 85
131 155 168 120
109 39 87 125
52 183 178 77
116 97 56 3
143 150 229 113
35 36 196 120
71 175 209 234
186 197 214 16
11 75 175 180
6 176 20 41
157 68 115 25
23 132 76 254
87 195 89 20
17 1 65 50
156 138 122 199
45 87 194 142
45 107 48 205
78 98 253 35
42 195 168 64
195 186 149 206
97 183 182 70
174 121 185 2
158 113 55 22
118 121 244 198
188 76 109 81
145 73 116 110
30 184 236 192
68 199 236 30
186 25 195 176
137 183 45 68
64 183 20 115
42 143 108 41
33 85 133 192
138 28 197 188
23 187 165 43
163 149 107 47
108 73 139 53
14 27 118 19
195 155 66 63
55 44 59 233
52 0 138 56
117 34 182 87
185 138 134 228
33 123 228 75
163 123 246 133
106 179 2 172
106 149 166 214
122 91 39 83
186 12 255 206
71 161 80 23
0 35 188 30
110 60 182 18
108 125 11 25
39 55 243 48
32 95 170 213
52 84 119 102
47 121 104 158
71 184 152 150
59 56 101 132
59 174 44 76
179 166 198 217
154 37 120 243
67 76 151 113
128 53 76 151
41 0 62 176
14 193 61 153
187 76 183 197
5 47 200 225
153 45 180 171
103 185 249 4
92 107 5 203
22 91 62 224
28 45 176 88
76 88 140 175
101 135 35 41
62 81 167 221
53 168 141 88
118 120 200 251
197 47 206 45
125 38 140 36
199 91 26 19
31 186 140 75
120 188 67 51
33 25 36 40
33 88 128 123
11 77 237 8
195 185 155 141
169 176 232 22
30 197 134 158
64 131 1 15
84 78 20 95
12 138 77 117
47 83 120 254
10 196 172 207
130 88 153 12
34 81 183 174
131 17 233 104
67 51 80 206
5 52 129 144
77 191 157 17
141 40 75 210
68 136 133 88
177 189 219 237
112 7 250 39
186 128 17 5
90 71 254 22
159 55 163 5
161 158 157 89
138 123 200 18
154 20 115 50
163 140 43 125
101 95 225 33
157 120 254 121
98 114 109 172
172 175 5 70
105 113 127 241
167 126 92 180
2 144 161 210
115 66 103 5
103 102 225 79
195 194 161 221
125 106 124 99
49 38 46 193
16 139 27 220
161 170 41 51
159 77 199 201
172 19 210 138
132 70 19 155
133 104 24 152
198 191 83 24
18 117 176 168
117 20 98 103
62 184 215 108
86 117 140 150
38 33 94 142
63 163 233 112
91 64 140 172
1 107 1 144
3 115 136 201
29 162 84 187
192 139 115 190
174 116 178 67
110 106 53 217
138 196 115 56
11 136 33 239
187 181 59 31
54 56 241 38
1 68 124 160
40 39 220 240
137 79 90 43
25 1 95 239
194 116 126 203
65 148 214 141
176 69 142 176
63 5 153 167
183 7 255 191
97 110 85 119
75 7 107 47
168 13 19 88
3 179 109 15
150 142 191 70
112 156 195 252
198 65 208 117
176 191 151 178
70 82 81 147
66 16 46 1
198 132 129 32
164 126 220 60
153 179 47 141
132 136 9 230
186 29 49 247
46 61 162 75
188 15 187 41
27 144 103 208
146 129 21 128
86 59 220 21
85 37 162 238
124 13 6 163
28 181 89 181
78 50 127 220
63 145 96 205
66 14 183 161
77 31 253 167
140 30 56 91
10 24 70 79
118 149 151 76
53 165 56 24
162 194 155 197
132 189 4 123
138 30 75 108
118 24 10 212
89 155 194 189
61 166 15 105
120 41 217 70
99 199 90 109
91 115 96 251
144 158 8 68
129 173 219 140
189 21 60 53
3 151 55 208
46 121 228 114
100 51 110 44
38 63 216 24
45 170 160 152
4 135 212 248
1 75 237 148
160 42 124 170
30 173 118 228
160 151 244 55
15 12 214 95
150 106 244 189
127 46 86 5
16 8 142 253
19 157 242 98
29 174 141 92
109 27 212 76
95 161 138 174
31 86 196 112
176 28 111 15
56 181 142 38
164 9 16 220
56 76 120 223
4 38 81 227
49 116 31 66
189 64 83 38
128 91 171 77
123 55 127 61
89 139 90 102
63 108 136 217
97 45 188 113
82 6 144 51
24 130 108 73
167 7 42 154
16 144 105 72
188 24 13 222
77 152 253 143
186 85 87 220
180 142 137 136
123 29 116 113
10 65 76 17
46 139 96 228
108 169 105 44
146 198 161 18
60 162 238 225
58 157 92 142
159 93 46 107
115 183 194 43
23 35 230 57
143 191 243 218
167 160 50 58
35 105 117 95
45 15 4 183
47 168 170 22
196 58 198 63
33 42 35 248
149 142 254 59
163 95 115 140
140 176 162 50
9 198 89 158
133 168 250 98
91 1 94 160
104 66 233 205
188 47 103 168
9 119 136 55
130 177 83 22
79 165 116 134
82 124 134 195
180 82 170 238
44 176 253 11
92 78 250 52
171 41 246 254
20 86 94 239
88 112 100 96
62 98 151 14
62 148 76 206
18 106 193 237
149 122 198 120
124 137 14 246
121 134 167 36
8 51 186 83
63 39 64 45
16 145 30 131
115 148 190 7
179 159 235 66
77 71 228 190
189 0 224 251
64 9 234 122
86 153 89 75
73 149 131 43
3 88 67 22
49 21 83 170
194 150 225 199
96 118 45 227
39 17 186 82
52 47 106 254
21 67 128 248
38 189 46 213
13 153 241 193
138 144 44 231
64 167 45 224
168 54 235 242
167 32 35 227
15 5 138 204
137 89 81 83
106 92 187 240
177 155 214 151
114 123 18 62
105 162 129 102
179 46 227 138
143 0 186 97
113 181 59 182
142 78 37 183
86 32 216 224
23 151 249 188
199 143 16 246
123 65 190 159
61 30 218 181
157 190 249 109
137 71 23 231
113 195 93 221
33 107 62 131
153 35 106 145
168 59 63 165
97 7 107 102
43 72 37 224
158 42 170 163
15 67 236 94
160 142 84 181
39 36 155 98
7 101 24 67
18 165 128 146
43 155 136 85
150 174 59 35
91 169 12 95
29 8 217 164
187 197 245 16
20 36 225 242
4 63 235 222
60 114 119 118
58 75 197 125
181 170 167 64
170 21 178 44
6 177 234 49
74 176 127 30
94 117 172 229
132 83 250 36
26 34 62 186
9 42 134 152
28 100 244 145
11 57 84 158
60 151 228 117
55 32 52 21
139 11 190 44
96 0 37 27
126 106 159 122
27 59 228 12
76 197 207 186
32 35 139 213
175 106 56 190
163 21 107 26
176 95 163 21
104 154 184 80
82 65 242 107
197 110 222 55
165 160 196 171
168 26 204 16
63 175 213 71
58 3 165 155
186 106 185 238
3 64 76 186
164 182 107 22
124 41 96 44
180 108 255 229
28 107 86 71
167 191 223 70
128 143 172 200
39 185 80 104
49 73 30 1
50 198 52 97
183 16 70 249
111 103 114 155
194 174 24 211
78 4 121 11
177 17 49 199
111 132 62 237
81 27 24 130
115 157 21 208
68 47 13 165
66 48 164 87
154 33 78 142
192 34 119 187
128 31 72 105
19 177 7 219
104 70 107 39
128 39 40 160
38 39 202 131
143 184 57 55
13 173 252 227
188 143 112 31
190 51 241 34
27 24 73 158
79 94 218 49
181 99 82 78
141 199 73 129
100 95 48 117
32 92 49 145
82 112 245 73
123 101 129 220
42 179 80 145
123 170 41 167
18 113 199 213
9 113 193 41
97 22 65 122
87 38 65 224
117 29 243 239
41 145 127 100
53 120 90 98
39 187 9 192
172 133 140 9
138 72 253 181
28 123 86 75
164 62 5 196
35 39 70 31
164 77 94 38
18 39 112 231
153 8 109 187
102 2 40 166
183 141 169 30
170 34 106 159
197 176 151 193
106 189 155 61
115 78 179 58
122 53 114 242
150 102 236 135
176 66 252 186
165 12 163 103
105 81 31 25
41 123 243 4
112 25 36 65
49 166 110 166
180 32 28 168
107 172 236 22
85 77 49 207
5 113 94 34
23 120 45 243
143 145 37 191
174 46 221 133
48 102 134 82
112 13 45 124
114 18 106 139
94 108 132 5
93 166 132 198
149 5 111 76
192 198 201 32
171 124 225 232
183 30 223 51
96 20 56 219
108 55 10 140
54 65 136 78
120 78 162 119
186 63 161 77
23 112 36 139
109 23 86 177
14 174 20 61
188 129 18 19
192 82 83 105
189 85 183 160
1 138 50 43
43 145 71 109
88 166 220 224
69 71 161 208
197 165 100 21
91 57 200 243
172 146 209 156
176 108 193 51
108 199 244 227
172 169 246 91
175 187 159 184
143 163 124 54
68 135 36 212
198 57 10 65
173 199 255 55
195 168 169 154
144 83 121 140
134 165 202 87
107 131 139 128
82 150 89 191
140 55 3 48
48 63 149 12
99 24 226 13
123 159 164 163
176 96 54 86
129 151 7 149
66 151 250 81
160 64 75 146
160 85 26 167
15 155 79 186
53 111 3 51
190 187 75 206
76 97 150 36
71 159 222 16
0 11 235 155
166 48 249 53
26 65 167 4
73 150 190 56
177 1 187 104
46 106 157 231
152 81 181 144
184 42 91 30
35 144 25 27
127 50 217 100
99 132 101 94
162 41 25 79
72 190 130 251
91 143 221 230
149 91 228 165
106 67 14 121
139 85 55 163
85 164 230 209
35 62 163 132
165 33 25 173
168 117 139 114
114 50 217 214
88 50 33 66
93 75 134 195
194 172 38 105
125 45 58 229
57 39 214 125
86 129 41 152
30 177 134 179
24 131 108 158
20 130 8 168
199 160 115 79
167 84 102 211
124 2 175 168
98 90 49 132
187 18 34 60
159 53 78 144
103 113 230 20
74 49 126 89
38 152 103 167
94 95 191 117
143 133 226 179
24 173 129 245
62 48 66 110
57 83 193 154
130 56 101 152
43 50 81 230
92 119 248 58
52 142 75 103
9 192 243 103
160 121 19 231
72 101 214 216
94 99 206 62
150 132 52 41
51 197 93 153
179 146 244 166
130 155 110 14
72 192 52 20
155 129 29 60
75 37 243 189
137 70 160 177
87 181 37 224
190 92 103 13
123 151 7 133
84 83 213 136
72 81 152 141
63 97 42 192
134 157 35 22
196 85 126 158
41 199 167 22
82 20 138 185
145 164 63 20
175 17 138 198
156 82 12 175
98 32 130 129
120 35 76 94
102 7 112 68
16 92 210 100
99 139 69 152
196 183 188 170
174 20 199 203
17 38 88 127
117 151 147 128
147 113 150 10
188 189 139 164
64 22 241 25
186 89 139 173
179 143 249 174
171 78 38 45
127 91 168 229
65 181 237 108
99 82 197 218
26 198 205 197
173 22 85 118
134 148 205 95
42 103 163 75
138 112 238 3
54 85 247 28
177 195 198 93
74 42 108 158
17 188 159 47
4 156 81 23
77 135 172 177
51 48 42 245
165 178 93 194
140 31 47 48
111 191 117 80
113 137 205 6
111 75 2 148
138 154 186 231
178 76 137 173
18 185 201 92
162 195 18 100
180 188 30 46
37 149 97 102
176 193 157 5
129 156 15 68
54 94 235 16
86 146 150 176
125 150 52 109
137 190 149 245
87 126 133 29
181 199 250 71
154 119 99 184
105 132 218 143
196 123 201 166
69 110 7 4
70 49 200 143
98 108 192 191
199 27 206 96
53 56 54 46
80 182 97 238
165 86 32 119
29 3 225 219
32 106 138 224
153 169 124 54
49 41 17 12
48 30 1 49
192 2 75 60
149 49 19 156
86 97 187 21
172 156 213 232
7 42 220 247
157 106 205 117
102 108 242 19
133 156 62 91
90 130 107 122
52 71 3 87
133 84 42 104
130 87 2 40
6 179 54 192
80 54 191 93
9 72 135 65
8 110 50 8
73 94 35 22
8 197 98 208
2 15 250 170
191 160 42 22
20 6 42 93
2 185 188 106
124 44 248 117
115 176 95 135
12 198 30 89
40 18 25 233
177 120 66 99
144 80 169 57
0 17 148 28
127 8 83 107
14 81 170 102
176 157 224 87
193 49 101 4
51 14 103 123
8 5 181 61
199 132 66 248
2 67 52 237
108 70 168 77
20 72 128 83
68 60 159 100
91 197 170 160
132 115 170 186
87 76 162 139
148 87 225 96
45 27 105 21
48 11 42 204
108 24 20 104
25 172 140 39
68 33 140 156
129 19 16 19
117 131 182 60
86 177 182 245
153 58 205 124
50 21 174 174
118 93 23 125
170 2 235 209
8 57 198 148
78 108 89 223
145 75 149 8
135 193 92 176
86 196 171 71
169 7 63 107
50 194 61 8
179 70 18 75
89 97 165 226
192 128 242 65
186 125 85 67
119 57 218 207
170 89 154 139
59 178 213 146
147 90 122 52
39 44 70 44
165 126 127 74
189 4 29 191
122 158 40 140
11 124 233 94
104 142 71 139
146 84 60 240
2 36 118 130
134 194 211 36
116 161 76 255
92 54 45 190
38 11 138 26
111 8 25 121
52 123 220 108
138 151 160 147
165 177 6 75
195 82 163 253
104 184 248 111
86 178 154 79
94 49 1 174
55 151 165 182
143 1 217 185
187 146 62 178
189 121 183 253
140 105 128 156
82 184 49 240
160 120 14 65
195 23 91 108
128 48 203 123
199 63 226 207
196 147 213 156
146 52 18 167
83 184 98 26
31 130 243 91
34 38 58 48
81 129 76 117
39 68 59 227
75 29 118 32
190 168 194 246
86 24 15 8
152 46 193 28
97 148 239 177
22 177 152 30
148 120 219 148
44 99 204 27
184 193 57 177
198 130 224 219
45 34 112 25
114 28 50 30
164 100 122 40
66 45 114 198
30 58 216 211
65 105 85 225
39 7 176 120
25 125 145 209
32 178 213 122
124 129 224 101
78 146 158 15
106 178 48 227
66 103 173 224
29 2 129 222
48 28 7 128
132 45 192 135
62 199 227 244
74 26 250 218
51 92 249 179
23 81 48 106
150 88 54 190
139 141 112 208
19 80 242 93
94 143 68 194
161 124 51 236
41 67 226 15
102 107 220 220
122 132 15 129
62 122 175 42
160 194 21 139
168 174 239 89
145 42 32 64
152 197 72 168
86 175 106 129
78 189 146 6
15 169 33 121
130 111 191 95
86 149 67 123
191 180 177 71
44 152 149 217
57 85 37 224
172 159 81 86
145 46 198 188
91 7 211 192
169 3 209 49
153 89 205 60
129 99 147 69
83 81 181 35
96 169 200 20
56 126 142 248
96 41 228 137
135 134 253 206
190 127 253 197
66 35 216 230
31 123 67 145
72 155 49 178
83 17 186 242
2 126 31 107
24 123 64 48
82 130 106 26
12 11 53 245
29 95 48 137
93 125 138 89
16 149 125 157
3 175 154 7
173 51 29 92
168 109 158 22
185 158 91 102
188 52 97 214
145 171 81 93
175 170 239 60
127 10 133 179
187 81 161 175
137 164 183 248
156 171 88 113
94 120 115 221
182 75 132 50
167 75 235 178
152 183 41 1
110 102 77 70
7 78 122 168
163 144 15 138
189 151 76 21
75 124 121 110
8 154 230 109
112 143 142 162
146 158 171 32
15 129 162 96
33 182 173 10
4 185 234 76
117 133 12 119
92 180 226 254
36 99 27 210
10 199 150 207
44 151 97 156
103 192 181 216
190 130 180 43
68 198 255 174
84 155 16 60
146 71 21 254
82 58 81 12
166 29 1 120
168 181 154 174
158 1 242 183
115 114 183 109
138 32 242 31
48 31 102 149
164 36 61 159
82 175 223 209
187 126 144 149
126 90 139 228
71 68 90 122
20 91 158 28
67 56 214 245
198 13 210 228
127 81 134 137
24 93 101 149
110 192 126 5
26 20 40 230
194 141 19 159
134 84 105 78
126 134 52 93
115 90 245 154
122 198 132 32
17 110 203 44
76 96 87 55
152 99 58 245
191 183 128 84
181 189 86 226
197 61 75 49
22 21 148 79
106 132 167 234
13 133 76 168
104 159 47 253
26 39 154 162
125 111 4 19
195 48 34 26
109 12 2 56
110 186 65 177
60 62 2 232
85 177 145 201
139 28 203 146
160 73 93 98
170 157 49 229
134 192 162 133
130 192 47 68
77 96 184 110
125 181 8 24
7 152 174 72
172 51 223 81
56 50 27 179
163 3 25 150
98 24 21 174
168 160 17 78
162 28 157 178
174 0 223 214
5 114 104 129
28 166 215 167
187 150 97 43
75 73 191 99
143 6 36 216
65 172 244 118
102 143 103 78
105 109 112 125
95 78 37 116
80 28 2 237
107 178 116 143
52 75 70 138
90 167 5 37
55 64 181 61
167 61 72 114
178 195 150 234
179 117 130 207
146 54 164 208
190 41 200 207
12 8 37 85
165 66 212 20
151 70 128 59
128 198 44 105
100 41 131 89
101 180 95 137
21 160 71 28
110 25 155 235
187 0 116 55
192 43 89 105
56 195 57 158
107 35 85 14
65 5 193 233
41 55 18 70
46 6 181 53
15 11 129 77
72 166 53 27
81 0 170 168
164 134 232 151
193 18 164 148
114 166 207 28
178 25 235 132
192 166 26 36
25 136 21 163
161 42 239 165
96 17 207 96
190 155 94 21
4 55 134 144
160 197 81 45
62 6 4 229
3 78 78 93
169 76 118 126
44 2 217 248
28 161 205 148
136 174 163 230
140 109 92 79
28 84 46 30
75 5 235 2
21 36 248 58
0 69 162 81
5 190 68 104
24 9 51 216
45 184 246 91
7 107 7 82
142 10 68 27
137 63 173 144
38 182 136 155
65 19 122 53
95 154 88 57
193 74 112 48
157 85 32 201
170 11 40 82
142 191 92 180
199 142 58 233
60 5 62 244
132 36 76 87
14 129 9 71
172 173 155 6
189 114 210 227
136 126 90 112
129 174 160 234
60 146 33 62
145 155 209 237
100 90 121 224
29 9 239 209
176 165 116 209
176 89 213 44
89 175 29 236
183 101 96 208
180 68 206 102
137 147 190 58
149 109 164 56
175 8 1 60
65 104 182 149
135 125 171 134
50 80 69 83
33 103 101 38
123 62 52 34
112 99 191 132
197 155 189 91
100 38 164 78
131 35 222 74
139 63 228 169
55 28 2 3
162 5 25 52
137 35 34 155
43 160 77 86
168 130 34 119
38 170 190 160
163 71 33 58
73 86 125 230
137 65 94 136
197 134 66 119
20 97 79 209
124 103 214 101
84 63 49 70
167 140 195 159
145 180 172 145
116 40 78 47
44 112 36 112
1 12 123 244
42 191 13 105
182 157 200 164
14 8 124 48
43 99 196 253
194 180 116 43
164 191 194 130
66 185 41 33
40 190 168 73
40 124 130 7
5 7 229 120
16 96 77 151
89 161 98 81
28 5 201 31
154 72 78 150
69 107 123 129
36 64 235 185
98 171 156 235
21 112 158 247
179 65 169 87
11 125 188 34
197 128 28 219
68 16 9 223
65 108 254 152
6 105 106 169
184 164 222 65
65 1 48 219
12 154 45 70
114 41 140 210
111 68 125 7
127 102 82 181
45 25 8 199
73 18 139 111
89 4 26 87
35 53 132 243
129 33 79 106
181 197 143 129
49 198 72 118
57 7 119 135
103 41 56 202
171 168 201 121
194 136 93 252
74 61 132 94
177 186 44 199
129 42 40 28
96 116 211 243
34 121 168 72
86 124 20 213
125 122 112 223
129 6 71 61
155 62 190 44
3 156 46 2
60 12 98 21
6 39 198 8
84 0 45 151
175 110 204 186
61 104 166 73
48 143 92 111
146 119 249 255
152 43 51 25
35 138 218 117
116 122 75 178
62 42 59 223
44 143 101 225
0 151 102 9
5 156 192 210
59 65 180 72
168 126 244 134
181 174 8 70
165 17 45 207
127 92 44 78
127 140 210 190
196 128 138 203
83 95 177 171
47 187 255 133
90 83 178 230
126 6 134 159
157 140 167 202
0 153 198 184
84 1 245 123
56 89 238 7
109 67 133 225
107 77 36 122
193 40 81 25
4 111 77 233
57 131 80 14
155 136 30 211
71 104 243 47
64 107 173 124
199 112 25 211
46 41 39 72
147 172 135 238
199 56 99 130
65 0 99 39
161 149 237 207
153 17 202 138
190 62 35 246
36 49 162 24
91 29 190 14
89 95 42 57
92 98 207 230
178 48 235 91
35 50 251 243
152 51 90 175
109 103 158 7
115 155 252 121
144 62 12 147
80 143 36 163
70 145 163 65
95 31 211 75
46 48 26 28
0 36 147 72
62 36 88 42
38 106 62 149
18 127 227 93
1 110 166 19
178 180 143 162
110 13 2 49
182 62 153 63
16 43 61 28
165 132 26 1
198 61 192 134
5 17 197 10
23 100 126 130
101 153 35 170
58 115 178 214
189 48 73 10
21 159 70 160
127 175 86 238
22 105 8 24
107 132 113 216
118 89 38 210
195 135 244 114
132 112 110 204
67 82 127 126
174 165 148 121
113 131 106 67
182 136 140 17
158 36 183 25
136 168 13 129
104 77 95 89
16 125 210 52
189 143 160 197
52 11 184 130
49 159 17 198
143 119 132 35
0 90 94 146
6 84 159 101
155 25 135 83
119 129 247 208
191 32 221 128
12 173 162 83
120 195 184 84
184 196 162 135
46 88 33 210
26 14 219 253
165 15 86 94
110 18 106 219
26 159 35 158
129 121 171 73
12 37 115 242
118 167 147 115
62 37 208 24
48 53 104 101
69 12 1 61
179 190 81 150
159 87 251 218
20 143 106 124
36 19 221 163
31 62 179 240
33 149 120 252
29 143 62 252
119 7 134 37
54 48 26 194
128 85 245 123
82 92 150 231
122 1 157 225
190 11 85 14
190 60 55 77
23 169 38 53
2 183 77 219
8 174 20 202
78 196 199 132
193 110 6 48
58 179 182 81
74 130 231 83
46 129 225 45
178 127 12 172
166 13 82 47
19 40 4 200
14 183 183 241
176 4 198 33
194 166 150 56
16 170 137 10
87 170 46 131
153 48 151 113
145 31 218 159
44 90 42 91
93 55 2 234
69 104 185 67
46 144 222 75
34 93 123 230
25 165 246 60
172 191 100 109
130 191 148 165
126 159 237 183
100 121 250 81
78 69 50 132
43 117 66 194
39 196 50 158
165 136 88 184
179 162 143 157
27 25 70 104
17 48 32 58
81 63 148 201
144 68 252 181
185 80 9 141
112 115 119 246
24 95 8 95
11 150 91 184
55 111 122 187
23 85 192 80
132 66 34 217
14 168 17 240
130 39 74 90
123 99 79 89
88 4 169 97
114 184 37 246
24 175 121 176
154 9 171 75
55 18 221 54
124 31 87 248
114 87 38 47
151 157 212 114
6 83 187 98
176 8 186 208
7 142 193 39
128 20 182 179
88 10 236 84
59 163 5 233
61 99 232 81
168 128 69 10
84 144 147 131
103 190 47 182
154 110 101 67
8 30 40 74
142 74 44 108
118 76 109 204
147 21 159 61
185 105 53 202
104 161 200 132
66 64 27 248
56 194 244 23
60 18 233 90
147 28 44 232
146 183 63 113
124 49 57 176
173 78 213 70
160 133 101 103
61 54 178 96
160 131 129 145
82 59 66 154
152 67 10 86
165 8 167 188
181 31 24 13
72 37 197 183
177 156 99 141
133 134 217 48
52 193 125 107
105 151 80 225
134 98 221 22
53 59 101 185
128 165 149 234
144 141 114 153
19 104 148 111
116 176 250 42
120 81 155 226
185 53 191 215
64 57 103 243
42 193 58 29
166 128 243 158
128 18 48 120
73 33 85 21
36 55 233 181
114 177 26 207
54 58 129 249
119 25 41 36
115 143 83 127
78 31 87 64
72 199 142 138
4 80 6 220
66 47 216 205
73 32 208 33
175 153 17 50
47 175 129 138
130 96 233 45
16 196 214 229
26 71 227 20
55 145 194 90
48 122 84 81
40 127 53 245
105 112 161 112
78 121 184 7
121 82 201 220
1 188 20 7
81 26 77 115
172 8 195 4
180 175 174 229
9 70 13 75
50 8 44 247
105 14 232 2
177 131 1 230
37 184 91 108
28 85 63 23
58 20 235 155
164 115 117 56
36 6 191 13
125 37 21 191
16 119 200 182
167 196 23 77
46 176 163 70
18 48 206 143
184 16 239 23
181 41 116 103
182 111 223 192
95 152 113 161
56 106 94 145
21 58 181 163
15 58 85 181
47 163 34 235
51 15 10 244
34 18 137 167
11 80 194 88
146 182 194 247
80 82 83 129
198 62 214 94
124 132 16 107
173 48 23 130
103 20 134 68
153 159 29 178
84 100 66 118
88 100 111 70
110 104 31 152
192 109 158 225
67 195 174 89
125 101 10 49
165 88 20 26
133 63 110 102
70 166 30 236
146 20 220 204
28 22 134 178
152 153 193 50
22 55 170 89
125 127 117 198
167 4 54 150
5 51 138 23
56 93 231 103
103 118 148 36
198 48 65 186
27 17 61 26
43 104 181 12
145 156 75 174
24 167 198 189
122 170 121 100
188 102 14 163
144 92 26 63
148 133 80 194
94 67 30 14
89 52 49 189
145 174 215 6
15 95 58 188
22 194 115 51
65 17 71 73
99 88 89 84
178 196 18 18
44 3 245 161
163 167 100 132
125 151 37 40
21 70 100 8
189 144 129 109
114 35 3 244
87 33 234 182
100 185 68 159
7 115 174 77
80 181 97 125
61 97 122 50
185 129 56 97
108 30 72 225
132 72 15 86
149 10 121 27
175 122 133 250
32 19 196 97
151 21 196 197
115 65 75 181
56 78 62 194
64 120 210 104
81 71 101 240
187 113 143 132
5 49 240 114
11 156 150 173
161 196 102 135
85 70 44 47
178 170 11 224
142 79 173 207
180 117 134 130
2 164 29 241
89 105 163 113
185 156 233 3
123 193 67 25
187 143 8 118
41 51 108 112
16 122 69 10
74 3 242 44
36 79 176 12
4 199 242 83
35 166 84 169
147 121 42 59
188 126 44 180
91 82 155 135
157 23 58 144
151 159 166 206
187 40 34 130
17 124 254 237
149 140 107 148
69 136 108 52
83 111 60 173
33 13 63 252
55 21 210 36
45 59 203 49
20 32 49 111
177 168 106 209
105 165 49 181
46 148 93 157
47 3 116 174
171 199 221 129
115 110 227 28
191 132 146 159
186 92 128 239
24 56 204 28
28 59 214 183
167 119 136 101
111 152 56 137
133 166 27 190
126 130 123 142
177 146 231 145
162 107 15 18
114 20 206 52
72 112 19 204
168 72 59 197
116 92 107 187
23 183 77 92
2 166 225 144
67 189 140 58
59 91 75 71
197 39 77 37
150 116 249 109
159 61 135 243
20 44 140 30
174 157 204 145
93 88 82 34
16 159 189 137
108 40 54 96
72 29 131 211
64 140 26 36
121 87 171 14
6 142 97 85
16 17 253 63
8 135 62 173
81 119 225 65
197 102 202 88
163 128 20 98
48 89 107 166
37 93 3 222
130 53 48 32
53 38 230 52
94 77 235 111
19 158 63 46
169 140 181 104
198 44 254 59
168 4 123 242
186 184 32 33
173 171 75 148
150 181 93 131
106 31 173 90
101 55 150 215
133 16 170 164
184 182 167 199
106 21 31 203
75 36 55 194
27 80 116 86
26 121 113 233
109 46 245 75
79 30 170 181
138 77 243 185
26 106 16 111
33 164 87 195
91 6 85 15
135 41 14 171
140 194 149 109
24 41 56 80
57 137 216 255
92 115 170 206
159 119 162 242
103 186 219 221
0 130 217 234
59 61 136 36
128 138 199 77
44 66 26 25
168 70 62 137
125 153 197 133
35 16 148 8
160 122 95 169
9 52 18 26
68 185 240 135
93 70 13 4
7 35 169 240
170 118 155 44
155 73 181 202
56 107 199 184
120 83 210 234
6 164 41 30
102 174 56 159
35 27 199 51
127 22 212 210
195 39 44 89
144 156 215 158
91 13 43 147
93 136 129 100
35 37 230 73
39 42 192 255
24 161 185 179
34 169 190 70
38 190 107 203
85 159 92 163
25 43 154 36
75 79 68 179
58 96 229 198
132 5 98 110
136 29 95 203
113 179 35 77
194 7 41 243
116 29 242 207
196 107 131 245
23 20 59 13
152 54 228 87
58 142 144 245
196 95 227 249
101 22 127 128
138 177 69 189
53 107 171 175
39 64 83 107
3 124 111 218
69 91 227 78
105 135 27 155
23 99 68 173
142 139 17 167
80 138 243 57
198 103 112 64
110 66 146 8
192 62 218 130
72 50 48 61
5 69 75 184
97 58 154 200
43 35 155 8
187 96 167 91
94 27 53 233
160 97 224 186
103 182 140 31
141 8 151 87
117 164 63 131
107 11 176 107
55 139 191 71
101 53 51 83
42 11 52 94
71 186 250 80
74 143 23 167
188 31 196 83
12 85 223 74
89 7 150 36
