200 2000
0 1 51 254
1 2 71 153
2 3 156 64
0 4 42 224
2 5 7 11
3 6 203 5
4 7 77 92
7 8 118 144
6 9 123 2
2 10 121 93
0 11 195 128
11 12 188 69
12 13 232 216
1 14 116 154
7 15 252 221
12 16 197 25
16 17 6 34
5 18 209 170
9 19 218 178
15 20 188 254
5 21 194 94
9 22 169 170
19 23 65 92
14 24 8 103
7 25 213 116
19 26 55 60
15 27 193 217
0 28 157 157
25 29 137 70
27 30 205 237
17 31 132 103
7 32 188 65
15 33 21 132
9 34 33 164
17 35 230 33
14 36 28 139
7 37 237 168
24 38 52 122
15 39 146 24
21 40 105 167
7 41 173 214
6 42 87 152
15 43 38 236
26 44 150 172
30 45 204 50
8 46 35 199
25 47 92 197
1 48 209 80
33 49 244 113
21 50 55 117
49 51 143 79
33 52 182 204
48 53 224 31
21 54 208 170
36 55 190 51
42 56 182 144
7 57 9 230
5 58 128 10
22 59 84 46
24 60 145 41
8 61 78 244
18 62 217 148
60 63 79 106
33 64 99 120
52 65 250 53
21 66 55 139
11 67 127 3
35 68 232 221
54 69 106 2
16 70 17 24
63 71 82 130
28 72 24 213
35 73 105 175
22 74 119 107
18 75 174 129
3 76 53 222
73 77 154 50
25 78 11 68
28 79 7 47
55 80 142 160
17 81 67 184
4 82 150 125
73 83 70 109
16 84 35 212
22 85 103 37
33 86 5 157
72 87 217 100
69 88 111 8
65 89 132 163
8 90 47 146
53 91 2 49
23 92 210 151
9 93 9 36
57 94 81 154
42 95 53 13
39 96 4 89
31 97 135 34
91 98 180 12
61 99 236 51
6 100 242 35
69 101 198 35
82 102 63 181
45 103 11 248
39 104 47 207
94 105 183 32
32 106 185 118
19 107 100 173
24 108 82 79
21 109 196 185
12 110 108 219
31 111 225 238
77 112 8 111
5 113 3 86
51 114 39 89
17 115 43 67
75 116 106 122
9 117 44 245
38 118 6 167
101 119 218 129
26 120 177 152
26 121 53 54
72 122 219 174
59 123 131 45
13 124 62 89
85 125 46 73
81 126 185 57
19 127 66 174
115 128 182 106
110 129 110 66
115 130 47 222
58 131 168 138
111 132 53 101
3 133 111 147
119 134 179 127
30 135 101 52
92 136 39 176
101 137 109 245
22 138 202 224
72 139 121 254
109 140 50 172
123 141 54 185
41 142 92 237
93 143 58 27
136 144 57 12
15 145 130 67
141 146 101 90
93 147 163 133
92 148 175 56
26 149 108 1
92 150 125 4
117 151 97 205
142 152 160 51
55 153 89 175
76 154 227 246
153 155 222 136
33 156 135 247
137 157 157 45
53 158 34 55
115 159 61 95
66 160 13 111
22 161 81 21
104 162 229 232
120 163 67 211
138 164 191 164
159 165 152 101
120 166 167 4
27 167 230 84
81 168 7 91
64 169 114 225
84 170 97 83
124 171 57 4
67 172 168 151
104 173 188 61
116 174 114 27
29 175 225 162
135 176 64 128
126 177 216 116
99 178 133 40
137 179 239 180
64 180 68 114
147 181 3 41
165 182 80 127
91 183 229 164
101 184 92 215
72 185 53 118
17 186 196 45
168 187 226 203
175 188 211 162
54 189 229 96
140 190 33 43
72 191 224 17
116 192 55 114
26 193 6 17
16 194 35 225
151 195 247 22
158 196 159 117
133 197 202 225
174 198 221 103
183 199 166 204
11 6 61 195
78 26 64 186
19 64 222 204
57 42 229 90
91 20 251 243
161 96 82 231
179 130 199 252
19 0 61 116
80 62 42 89
170 147 77 34
58 61 45 41
0 94 110 202
153 178 79 71
157 27 125 167
181 67 84 111
79 192 171 27
25 157 177 26
170 44 25 153
174 27 143 230
38 65 132 185
0 199 253 245
161 131 175 14
82 132 101 199
132 114 54 104
146 102 181 27
61 156 136 168
163 13 45 123
51 69 86 144
191 160 83 135
48 172 12 226
180 127 251 89
116 5 145 74
85 38 75 153
50 11 218 35
18 40 118 161
76 170 72 141
192 190 45 11
101 74 62 155
122 33 133 1
188 21 87 99
136 1 139 185
177 51 178 38
14 180 197 42
72 5 219 255
141 121 48 202
130 121 26 153
48 198 134 24
126 85 225 227
189 128 51 47
96 7 22 254
169 125 103 157
129 161 49 37
115 30 197 9
187 189 204 100
64 127 103 137
10 152 123 36
128 140 85 10
155 142 148 4
120 28 209 176
101 181 168 141
182 149 159 226
132 61 205 7
187 73 58 215
141 35 234 123
80 110 168 42
160 161 175 117
23 27 52 9
191 10 212 49
17 7 238 16
111 17 186 9
119 67 44 148
111 40 123 201
47 11 108 44
101 148 241 189
144 36 86 198
49 28 156 245
49 36 12 84
101 190 221 221
72 133 126 214
94 76 62 127
12 38 243 216
87 29 229 112
45 176 111 160
8 157 185 225
146 80 177 209
24 57 214 41
120 71 53 3
20 173 8 219
171 117 107 42
9 20 7 179
145 10 175 101
57 199 11 13
1 81 211 182
84 54 232 57
65 179 246 135
130 29 124 224
17 169 153 174
58 14 43 144
98 19 82 18
123 44 136 187
99 147 228 149
101 19 125 162
170 122 3 130
144 93 80 190
39 154 111 93
114 136 90 72
116 123 237 179
135 117 123 173
4 20 55 35
171 21 108 138
151 102 185 41
51 120 42 248
71 61 81 247
86 169 42 201
80 10 226 214
165 131 4 201
109 67 1 239
102 80 25 217
141 47 13 164
125 132 108 25
153 39 31 137
68 69 188 9
162 156 119 37
187 118 243 63
128 158 166 66
92 31 110 169
12 143 112 29
151 36 64 237
4 37 152 54
157 37 193 43
47 123 201 168
120 157 125 200
142 23 63 202
189 83 204 39
70 114 206 134
15 175 174 36
106 35 38 108
44 68 188 58
191 183 42 209
139 71 93 142
94 31 40 193
102 106 227 246
126 53 135 134
94 82 122 184
43 52 14 192
119 42 106 90
127 192 126 129
151 69 15 175
15 140 131 51
152 37 138 34
7 119 124 199
12 113 161 184
154 8 71 40
133 98 243 232
192 72 149 244
55 72 237 102
144 181 98 146
77 191 5 15
64 120 46 81
43 135 250 199
115 170 198 57
127 66 246 245
191 142 121 144
159 143 6 1
131 166 195 29
14 95 72 23
31 168 180 36
104 116 233 136
18 48 4 78
189 188 221 241
134 196 71 23
12 30 44 12
178 89 193 232
21 194 206 153
162 16 165 192
129 77 207 165
138 9 57 243
95 129 35 63
103 54 222 84
24 35 187 35
172 38 173 93
130 3 90 25
159 34 93 216
120 177 243 129
34 61 78 254
117 168 242 204
57 129 224 228
151 187 176 144
181 133 248 218
141 63 16 54
162 79 171 85
72 9 191 17
161 175 7 44
64 185 36 226
162 36 196 14
176 93 202 72
192 135 107 245
79 64 121 50
64 114 181 208
125 182 112 67
34 134 87 33
63 137 252 227
74 34 155 75
62 55 25 10
119 155 202 122
70 33 64 9
186 142 232 174
43 147 3 107
70 107 99 71
85 32 199 255
95 61 190 138
125 87 17 161
196 157 34 22
103 12 28 99
71 28 5 35
146 57 112 20
115 10 15 45
195 189 230 7
196 9 34 164
196 116 8 5
164 67 246 60
149 150 204 245
161 192 198 18
50 31 253 100
51 135 240 215
64 99 139 32
196 141 201 172
138 144 93 205
98 42 6 82
108 121 126 122
22 55 204 13
65 126 93 114
126 61 122 91
135 75 103 85
129 51 117 120
142 31 69 210
153 103 168 93
175 3 94 36
87 27 73 61
90 151 12 161
126 86 39 36
92 16 7 196
182 143 29 66
58 91 73 54
16 81 36 39
98 147 34 100
18 115 186 73
73 97 51 80
176 160 10 107
172 58 219 233
163 66 59 84
89 117 1 164
121 64 168 223
72 8 2 102
43 163 254 8
111 121 153 180
1 156 142 133
138 184 199 177
99 196 246 129
27 115 147 211
29 125 70 41
63 0 195 139
40 88 239 66
97 168 193 131
1 21 44 224
178 164 101 183
39 67 7 86
81 160 212 61
132 154 196 218
121 127 79 143
69 32 224 221
49 70 235 250
188 187 87 83
6 39 253 28
183 33 53 49
107 13 122 118
110 122 33 128
165 102 239 121
10 62 174 197
23 163 42 231
35 1 202 96
128 26 233 25
21 161 44 139
138 153 116 64
67 59 235 123
80 136 42 144
44 129 14 244
7 184 122 253
68 13 242 65
24 52 4 115
199 83 13 206
17 109 58 106
5 182 200 253
164 167 252 13
196 187 250 233
131 183 243 218
188 11 99 196
172 99 2 61
114 40 199 21
111 147 41 159
176 107 82 203
28 135 169 242
91 49 20 151
149 67 169 30
53 148 166 12
102 70 74 199
9 107 37 148
4 173 200 139
27 152 58 62
160 158 210 86
87 101 242 114
121 48 6 158
62 93 189 111
147 129 31 250
85 10 121 218
28 14 168 231
117 8 73 138
149 161 134 203
57 98 35 229
180 110 60 200
198 83 139 62
132 8 49 179
190 88 117 47
181 17 83 57
40 94 47 192
127 79 112 22
195 0 71 17
127 9 146 129
94 27 114 82
90 131 15 38
37 118 186 29
145 107 196 29
79 47 184 21
20 88 207 179
145 0 109 56
199 96 96 33
104 74 26 120
172 85 146 200
43 164 41 172
131 123 83 178
44 78 102 31
88 169 28 28
150 130 88 77
53 140 35 139
1 198 59 22
199 80 209 39
197 19 204 114
168 143 132 156
19 119 88 239
191 103 239 84
155 95 192 97
129 79 227 42
132 124 32 5
43 64 54 144
199 39 55 99
142 123 79 193
115 182 166 165
44 17 126 115
113 97 225 66
109 114 25 244
48 108 141 149
146 45 156 92
79 114 221 17
140 99 71 170
186 131 109 16
154 141 75 70
178 35 168 202
172 111 134 132
111 15 220 11
127 111 209 115
7 21 217 51
4 30 68 42
91 69 237 142
128 1 50 128
183 128 102 177
109 129 41 161
173 189 4 164
195 114 50 33
40 181 173 58
197 146 92 147
74 176 34 117
133 46 110 155
39 44 64 189
14 166 67 121
155 173 165 43
187 141 119 29
47 143 146 55
172 138 76 205
12 52 245 140
91 195 117 121
132 1 101 193
76 105 132 34
142 72 18 213
171 134 67 207
5 121 203 203
97 165 127 225
30 136 142 21
161 196 115 147
54 117 6 99
121 193 107 29
10 168 69 7
137 134 223 149
59 149 175 70
138 150 52 149
97 70 17 19
103 125 22 244
176 197 94 54
197 99 21 182
83 155 72 21
20 115 11 109
139 117 114 73
32 169 107 137
5 146 122 8
118 11 178 3
5 25 173 254
160 142 32 48
160 19 41 29
43 50 64 54
121 92 108 252
121 177 32 169
18 49 180 171
126 167 209 186
148 10 164 202
122 169 198 125
77 13 21 138
38 62 112 147
135 196 70 92
8 53 163 155
7 23 227 38
92 12 76 190
0 52 15 184
106 112 42 45
23 102 43 81
163 97 190 250
194 84 94 190
26 164 61 99
133 152 212 238
132 33 188 240
114 6 83 25
154 192 29 4
20 193 199 93
6 155 196 94
141 166 136 137
160 100 67 101
141 52 119 94
65 141 54 136
57 171 99 148
6 32 161 122
25 169 118 186
81 20 206 141
5 107 193 35
136 90 43 99
12 68 161 72
123 126 101 234
27 78 242 223
70 47 182 209
23 28 212 122
154 164 57 60
194 114 89 106
64 135 185 160
118 81 132 246
29 127 104 31
53 35 227 201
112 30 176 71
4 145 39 26
50 161 67 136
53 139 237 169
51 17 250 5
7 174 254 117
95 34 65 194
52 166 25 9
33 27 198 210
194 139 6 30
143 141 162 145
5 160 11 56
28 76 125 123
41 57 215 22
3 46 109 200
92 67 32 245
77 48 79 208
13 79 61 86
9 18 224 21
18 60 121 48
35 26 222 157
35 130 70 255
12 39 109 16
48 46 149 108
19 195 27 119
137 162 165 72
88 143 237 210
122 116 212 20
19 164 43 63
10 66 86 241
42 39 184 221
67 7 218 130
119 76 126 11
25 137 250 98
137 12 201 44
115 124 121 13
94 128 249 215
115 95 11 235
126 134 147 21
90 63 193 170
49 130 17 9
158 171 53 163
46 177 203 222
87 20 142 128
152 50 13 182
39 146 58 167
89 106 174 117
105 8 91 131
134 82 119 252
98 23 143 135
46 13 213 178
141 15 86 151
187 19 213 131
101 29 67 194
35 102 234 255
159 193 240 249
26 6 232 7
171 113 217 210
26 75 197 14
173 5 20 67
75 78 49 196
165 10 126 232
112 63 239 196
33 158 174 203
77 133 121 75
50 170 185 240
100 38 41 216
142 153 116 35
67 177 195 216
56 27 187 233
170 82 54 202
33 93 212 221
147 11 240 137
168 63 2 166
181 93 100 94
68 56 253 63
123 185 60 77
66 35 19 208
49 52 90 194
193 78 179 70
137 44 162 87
0 189 48 117
34 142 10 218
142 101 120 218
71 150 115 52
128 42 244 217
32 113 106 212
135 132 93 59
125 56 206 169
195 106 48 223
101 15 113 125
162 25 254 106
0 181 174 199
60 1 97 66
185 6 173 51
31 122 41 19
2 32 27 48
111 36 213 8
126 5 157 50
137 198 221 5
156 18 146 241
192 140 210 248
131 79 179 226
87 19 131 123
114 189 212 158
34 29 24 65
14 187 128 183
162 26 18 235
140 147 43 14
32 172 218 121
21 186 197 46
156 84 205 100
22 34 11 235
89 112 207 8
184 197 71 63
130 176 127 31
90 61 196 222
56 114 177 16
70 143 221 89
134 136 147 136
132 120 224 235
117 98 79 211
107 79 146 242
125 0 143 179
178 109 175 18
172 199 63 35
96 80 185 197
35 118 203 65
114 77 22 43
182 99 86 244
74 112 170 70
27 116 168 28
126 83 42 237
31 148 93 38
179 165 43 148
36 63 254 136
37 154 117 99
114 97 172 75
185 39 17 116
97 164 161 112
148 21 135 193
115 196 213 158
101 151 111 212
67 167 147 172
66 54 165 163
162 94 182 16
171 40 20 203
129 2 105 127
140 60 103 29
119 176 240 33
76 156 252 7
130 190 72 9
53 116 64 244
181 102 143 246
32 81 216 187
123 147 239 3
78 24 207 25
98 145 146 126
144 78 186 65
146 10 229 67
133 60 232 111
56 104 100 132
100 138 142 92
58 40 18 90
198 129 194 169
17 26 185 236
85 99 18 226
16 91 57 13
167 149 102 56
193 199 35 83
31 69 218 124
147 61 238 248
45 197 248 240
158 189 74 78
76 104 129 162
0 161 158 145
165 8 1 91
17 65 149 109
146 27 8 17
58 97 104 119
156 27 134 139
123 41 5 21
126 92 176 124
84 94 197 124
193 30 148 11
93 24 137 53
99 192 181 127
37 144 99 33
142 195 28 179
134 18 113 192
100 86 73 97
131 65 4 32
94 148 214 68
130 193 214 185
175 140 23 121
90 83 153 234
167 165 145 166
124 94 42 91
9 161 210 246
140 3 247 218
191 185 77 173
179 42 173 112
178 17 230 211
186 120 69 155
12 72 247 186
90 64 104 115
158 173 228 44
129 5 248 21
73 12 254 223
198 0 236 60
152 40 96 137
83 120 132 104
157 159 241 80
166 119 18 6
120 106 74 228
74 63 134 88
43 53 155 58
105 21 255 96
22 44 232 117
93 187 183 233
116 135 114 33
51 75 51 214
80 133 188 9
145 30 73 98
133 97 9 141
22 16 211 129
169 179 226 76
128 87 155 51
98 48 253 219
193 172 181 64
64 37 147 14
178 169 74 134
13 56 99 176
139 130 121 222
157 4 144 33
76 189 91 107
137 21 225 81
171 23 118 77
70 193 83 125
39 192 224 46
172 167 98 134
79 23 180 6
168 25 101 150
195 32 84 211
14 125 198 11
153 176 175 119
78 119 218 43
112 110 99 69
132 140 176 215
99 69 194 157
113 70 26 44
44 184 34 245
15 36 245 112
128 187 214 52
3 159 106 84
162 123 255 252
184 110 170 178
107 150 78 160
35 13 155 48
127 65 168 139
35 133 3 221
39 99 46 59
43 171 242 17
193 153 103 141
116 37 167 25
89 131 132 50
73 17 193 244
70 29 137 103
177 33 249 123
104 113 22 114
64 130 106 149
177 143 92 254
196 109 202 116
54 183 206 40
194 94 176 209
82 189 145 127
17 122 126 156
83 10 139 252
76 199 243 192
0 165 46 113
82 25 79 154
135 152 15 236
54 64 81 102
137 111 69 11
177 32 228 29
75 193 187 182
115 52 68 5
136 111 143 207
161 143 10 87
46 107 224 52
96 6 56 91
51 179 13 49
169 79 15 111
44 12 43 105
146 131 115 186
116 153 181 132
195 6 176 154
64 173 54 175
38 139 64 235
118 153 170 19
191 7 76 30
16 104 169 125
150 62 7 18
11 91 23 146
143 107 120 162
49 146 184 226
38 18 168 14
91 21 246 62
132 38 67 220
153 0 156 203
191 100 38 175
6 7 146 115
25 197 170 180
146 144 119 21
102 89 215 122
151 71 143 209
193 53 52 203
85 156 29 127
96 28 31 158
174 53 61 31
164 151 252 175
173 55 88 248
125 105 74 76
57 188 11 28
130 16 131 97
195 156 189 6
13 141 192 156
182 3 52 248
138 175 243 177
8 24 1 136
83 104 221 8
4 98 63 204
1 131 170 2
82 124 228 22
173 159 85 91
181 170 36 164
189 191 156 245
159 72 254 104
7 154 27 226
28 20 224 209
48 80 155 52
87 30 66 145
158 195 114 66
2 41 69 229
51 6 184 162
140 52 75 188
137 43 213 182
170 172 235 106
168 95 103 56
131 101 244 81
92 176 41 134
145 99 99 228
83 173 77 74
71 83 115 209
5 111 111 255
65 192 208 167
89 23 50 215
139 91 47 153
17 190 4 157
97 109 37 134
194 187 48 30
152 116 224 161
11 90 101 82
174 29 218 31
163 18 197 183
157 60 186 172
70 192 254 194
185 141 98 173
75 190 186 21
4 93 26 162
134 93 66 124
116 73 85 70
184 85 91 48
15 34 181 189
194 10 154 40
21 147 20 207
126 180 255 118
19 90 113 222
22 145 1 58
71 138 103 171
116 180 102 48
198 138 41 188
173 184 202 143
79 0 179 118
174 84 156 138
93 61 58 140
177 162 131 27
134 114 205 94
47 102 105 37
148 42 134 180
112 169 243 227
141 190 153 66
101 112 103 86
32 123 89 54
10 103 116 94
84 60 44 11
64 9 21 226
44 95 115 30
9 170 143 183
131 103 206 243
31 61 141 191
65 118 210 51
175 64 36 55
20 75 233 238
106 84 135 237
44 199 191 94
74 145 253 189
112 107 135 97
20 122 48 58
162 82 254 243
142 16 238 12
7 138 150 102
63 17 40 173
60 147 186 155
72 92 73 217
8 89 196 55
162 135 243 36
153 134 204 243
162 12 147 149
18 6 93 70
11 44 83 165
103 75 136 121
103 123 247 135
197 66 185 247
157 149 225 174
64 51 107 226
117 72 230 2
189 181 246 141
41 50 222 255
128 113 118 185
94 88 198 129
23 107 109 191
142 185 73 233
71 160 233 180
143 83 86 171
4 198 207 211
110 108 170 19
73 60 84 102
126 31 88 53
9 142 217 73
82 127 83 90
60 7 71 65
26 188 112 175
28 26 123 7
80 51 1 217
86 22 186 136
188 157 64 59
182 83 244 249
192 138 135 121
33 103 212 207
198 106 82 64
163 124 218 30
89 124 93 73
67 124 73 196
51 33 149 22
148 63 63 244
193 126 181 166
51 65 124 24
198 79 55 130
92 78 148 166
82 178 242 205
100 22 252 255
135 34 2 99
57 80 59 180
124 90 230 177
183 123 88 14
149 146 11 133
199 190 145 196
70 18 173 115
114 74 99 185
52 14 108 14
137 197 255 201
140 141 170 246
62 138 220 185
172 154 123 205
168 7 171 204
84 20 151 66
181 172 187 8
54 39 160 198
52 131 32 187
81 35 143 212
54 182 242 3
133 5 249 213
24 87 237 29
181 28 61 199
54 71 144 235
25 194 44 15
164 87 241 106
85 136 12 1
194 53 98 141
95 78 135 17
74 77 254 202
50 80 95 138
68 54 137 115
163 149 59 127
89 17 70 60
175 57 225 125
130 151 71 4
96 111 215 252
179 102 143 240
134 156 170 185
97 98 67 8
195 134 143 183
35 189 84 173
20 165 32 193
159 22 10 130
46 27 1 122
77 161 184 3
129 118 198 137
131 13 161 61
93 106 215 186
22 23 87 94
57 70 147 61
86 188 210 144
173 21 68 120
144 70 208 4
119 139 99 124
156 106 112 131
81 95 195 110
189 53 110 121
61 148 211 16
27 59 74 124
128 104 110 68
20 57 51 154
23 151 212 238
70 68 169 191
57 44 121 210
91 114 182 108
114 129 240 194
54 87 82 207
150 198 69 90
109 22 154 121
90 65 149 214
128 123 212 14
161 69 239 38
128 22 182 151
170 155 223 143
81 98 239 156
60 101 110 151
107 35 165 22
53 129 145 214
103 110 70 82
173 146 252 112
177 87 38 20
75 183 25 226
175 178 65 232
182 36 245 20
0 24 123 91
99 63 178 107
150 27 186 130
85 72 234 211
182 166 134 120
170 194 4 251
19 77 89 21
181 72 185 15
6 84 215 230
135 131 3 212
182 64 51 225
18 58 142 80
47 145 242 147
188 181 133 176
182 188 211 169
157 36 142 13
20 56 28 135
99 122 168 180
83 184 126 48
194 18 209 27
102 116 136 68
145 194 110 201
146 103 64 178
30 33 46 90
34 13 255 159
97 5 135 4
23 96 43 202
102 11 37 176
78 36 160 226
151 35 108 175
72 171 28 196
44 171 27 59
94 127 31 24
107 40 213 67
145 161 7 15
157 110 165 143
56 133 218 62
6 86 96 32
166 40 95 158
51 15 178 37
197 26 99 243
111 100 146 124
37 141 65 117
136 140 87 135
129 9 25 45
132 110 21 28
52 192 228 144
153 107 52 176
162 116 190 207
73 168 99 192
154 191 7 203
160 6 71 20
6 158 209 137
184 70 71 122
10 22 117 106
163 146 209 38
114 92 206 125
107 178 160 49
17 192 246 213
88 70 111 93
184 39 13 221
20 89 20 154
98 32 138 151
30 60 44 244
100 103 233 220
180 54 145 162
95 141 209 128
12 53 195 24
51 197 241 193
123 61 48 28
171 87 119 61
7 85 86 181
131 67 194 151
16 149 184 174
59 104 172 57
171 195 220 195
95 143 206 201
84 146 146 201
175 114 18 116
6 75 140 150
170 139 244 134
80 94 24 60
70 83 212 169
91 146 199 16
144 62 95 181
185 103 73 17
99 116 153 51
122 115 46 48
172 140 234 65
128 67 144 9
83 13 156 137
79 124 247 30
85 1 163 159
63 167 40 33
18 95 36 16
13 41 141 121
178 104 185 191
187 122 245 143
118 124 82 145
177 17 171 126
40 100 38 171
33 57 201 202
150 162 1 49
76 34 232 63
127 42 130 118
44 6 173 105
166 82 197 3
8 29 81 64
1 178 63 48
124 166 214 115
19 54 221 210
70 158 53 182
176 140 238 171
82 105 178 121
109 75 253 197
5 194 78 94
85 39 252 137
3 35 150 245
153 80 125 141
21 80 230 199
74 18 38 251
38 192 26 20
52 46 221 226
25 97 202 154
171 196 66 49
103 193 2 242
155 31 88 17
133 37 251 239
136 194 247 126
112 94 170 161
189 149 166 107
85 144 30 39
137 38 115 105
24 110 168 155
118 50 7 102
128 156 246 222
42 132 85 2
155 15 204 101
137 132 72 28
64 60 149 49
128 167 163 213
25 135 38 238
133 89 202 230
29 74 146 126
39 66 217 103
18 176 199 169
104 195 224 219
38 174 213 237
45 167 95 159
82 40 93 102
51 37 188 181
55 189 134 154
121 72 120 121
49 2 154 149
39 55 80 50
37 190 186 169
193 62 156 132
77 126 168 66
152 58 181 150
0 143 148 3
124 19 83 224
119 28 92 254
14 109 177 38
154 11 198 70
76 36 5 154
26 59 185 139
69 147 188 34
131 70 90 152
149 122 134 237
125 187 5 62
112 71 239 200
1 189 41 192
197 153 43 41
47 150 187 175
96 171 187 62
169 167 4 141
151 135 130 86
77 105 157 26
98 105 217 119
142 150 224 241
185 120 250 124
29 169 149 42
14 106 102 137
108 127 115 245
177 109 49 191
116 127 183 186
15 116 45 156
77 111 206 67
39 198 96 249
31 191 226 47
85 60 98 67
96 183 179 214
165 190 62 43
133 103 21 105
110 94 122 29
61 130 68 196
186 90 206 240
99 1 56 63
197 7 158 92
80 126 84 219
116 148 61 121
53 83 141 34
64 82 125 155
80 178 104 158
47 117 72 206
38 143 58 217
101 155 108 40
86 186 203 36
58 196 215 239
33 120 70 159
126 171 173 22
10 177 210 108
124 159 220 200
184 4 20 156
86 53 69 95
153 91 13 133
136 169 204 86
174 83 114 247
25 6 220 199
61 72 45 77
76 51 84 36
168 177 62 8
7 54 224 35
2 148 147 78
137 81 84 112
120 100 91 61
58 44 214 15
11 195 34 94
1 49 148 123
0 154 117 104
141 88 118 57
75 67 208 240
172 101 4 138
25 185 244 211
173 101 57 140
189 141 76 85
30 196 47 170
13 150 165 179
46 103 23 118
183 118 6 151
3 41 235 82
115 166 196 136
188 116 217 3
16 188 200 24
77 97 217 36
198 153 30 95
138 124 214 156
7 127 166 122
17 189 144 83
123 165 178 97
87 89 211 195
67 86 228 118
192 50 241 104
156 147 180 230
43 71 119 193
187 81 69 213
172 161 17 36
190 49 79 208
59 118 103 48
2 9 164 155
24 141 196 56
85 183 222 104
68 103 117 137
172 144 199 190
20 12 211 57
33 87 174 21
98 177 20 20
89 6 3 227
76 132 84 200
78 189 44 137
164 17 9 119
23 137 64 24
179 13 241 17
138 190 226 121
84 141 9 48
199 108 202 50
82 85 1 213
91 102 222 200
46 160 114 172
27 31 145 40
47 77 145 39
8 136 70 112
84 36 117 155
20 114 130 140
26 137 250 83
74 110 236 89
14 164 200 97
52 98 11 116
57 52 61 42
158 91 48 145
89 49 175 15
194 29 1 95
141 44 15 246
24 140 38 152
122 184 200 26
76 158 226 47
21 48 212 172
72 199 220 42
185 155 229 15
18 166 41 114
176 70 9 176
17 33 239 133
74 175 105 137
125 163 249 189
177 119 209 251
144 194 114 181
63 37 197 239
190 39 210 205
177 64 82 126
24 5 56 153
22 197 99 242
54 46 227 164
148 39 125 6
2 100 216 138
51 20 102 49
66 179 121 89
90 35 198 227
12 165 47 143
11 89 131 201
80 140 3 11
8 177 95 29
86 24 52 216
166 76 5 105
63 144 110 19
141 39 89 109
149 115 205 127
188 155 81 63
162 136 45 23
147 164 171 169
188 198 54 75
129 26 85 133
42 141 179 86
143 5 37 205
31 176 191 14
145 191 174 20
153 183 246 197
15 119 51 195
60 31 116 4
15 153 200 144
70 117 132 62
68 11 171 153
72 30 45 131
99 19 103 223
146 88 42 159
169 82 6 11
95 98 205 13
109 137 162 244
95 175 204 237
180 192 253 155
166 133 39 190
176 134 207 244
5 36 92 181
117 172 90 147
141 139 212 90
89 9 201 196
40 50 179 255
133 138 162 217
138 103 26 1
21 185 224 19
153 130 77 128
122 145 81 75
134 169 54 152
120 115 2 214
162 39 118 21
0 138 245 162
125 157 176 233
126 42 108 215
130 67 40 99
181 19 37 234
28 84 54 104
133 68 172 160
134 67 208 131
7 24 98 231
122 180 20 125
9 75 250 31
62 83 105 241
21 196 226 137
53 93 158 20
63 15 53 220
105 9 223 34
125 31 197 209
3 55 6 209
50 137 61 215
21 112 32 101
99 107 218 43
179 58 8 156
83 101 211 97
38 92 125 2
177 100 35 156
127 150 179 113
48 180 203 129
195 64 115 227
147 80 234 9
32 52 205 87
41 157 233 247
35 197 223 168
165 37 126 62
134 144 87 207
68 107 9 12
56 167 162 37
166 36 140 52
177 49 181 168
89 167 115 165
93 18 239 27
19 20 202 37
168 67 110 196
83 52 88 10
148 115 173 174
105 141 13 213
25 92 141 226
138 142 141 205
82 24 210 166
86 150 147 179
83 142 203 164
117 49 241 8
130 46 110 219
50 20 211 64
13 95 196 102
38 32 236 220
68 159 245 216
51 21 121 215
25 175 183 91
2 82 105 188
116 179 99 221
175 55 133 175
121 57 83 177
31 7 68 134
102 76 4 237
116 32 169 125
74 119 76 142
4 87 166 15
14 43 55 177
119 82 2 55
154 122 26 180
55 29 38 201
9 33 204 91
4 164 136 117
115 72 125 207
143 90 122 7
127 17 149 74
99 159 12 178
24 58 9 212
74 78 103 237
86 142 159 98
63 160 213 120
61 67 90 245
62 70 14 62
110 16 168 181
193 118 31 89
197 2 250 23
151 153 157 139
166 66 151 45
26 62 179 114
109 153 8 72
79 160 251 10
64 55 56 31
134 57 91 245
33 149 63 141
170 46 60 9
16 169 5 115
74 79 139 27
192 137 227 23
95 137 60 33
55 45 142 81
139 158 252 199
198 58 98 233
176 24 91 169
72 37 134 61
130 103 223 181
198 146 214 175
158 169 27 132
37 44 235 103
26 22 223 128
193 148 131 113
68 10 139 201
41 62 180 245
80 88 221 99
199 87 153 4
133 90 92 168
45 132 252 187
100 173 147 24
108 124 250 51
11 38 149 232
27 9 71 135
185 186 4 123
130 174 144 239
182 108 128 165
196 176 94 109
57 64 208 124
138 79 189 173
159 179 100 223
19 92 92 148
78 153 160 193
134 75 160 255
37 187 234 225
49 145 157 137
111 12 3 230
184 91 70 139
173 121 36 195
77 103 225 152
95 11 29 56
11 43 63 71
187 20 206 255
59 77 251 180
8 192 195 183
10 28 89 198
36 89 176 170
181 171 161 27
164 18 242 198
110 165 14 83
115 173 158 211
64 150 135 222
172 93 10 134
53 19 52 188
105 17 205 98
14 44 13 253
37 74 196 168
74 89 78 8
93 82 108 106
81 103 149 34
62 118 11 178
144 43 207 70
41 109 241 181
13 103 171 115
74 81 112 67
76 52 219 148
132 141 73 249
154 57 114 38
34 160 34 29
28 91 109 188
177 43 85 190
136 166 63 84
117 10 172 255
55 10 35 187
44 89 59 9
65 107 111 180
159 10 125 129
102 152 235 175
71 68 17 207
55 145 111 69
149 131 248 254
149 81 174 159
24 104 246 35
90 59 4 133
64 119 226 88
102 193 196 133
162 38 16 127
159 79 168 1
0 167 19 138
41 45 123 229
8 106 62 35
104 119 30 60
68 6 76 44
37 23 47 213
9 186 201 171
57 34 188 107
42 147 12 106
45 58 19 162
66 99 48 145
51 28 46 134
138 163 128 94
130 100 132 76
87 90 108 214
159 191 45 91
198 32 168 7
119 24 167 219
110 156 157 15
0 119 37 133
105 137 146 136
156 102 173 218
195 23 148 201
2 47 140 135
3 92 93 122
162 15 138 233
134 44 144 12
115 22 65 210
134 26 79 108
165 95 160 135
54 163 233 207
127 125 98 245
140 37 28 109
81 140 39 239
108 175 128 46
197 14 104 149
112 153 86 193
68 60 73 214
59 84 36 253
114 21 97 40
65 166 92 120
175 151 85 142
193 140 143 170
46 199 220 210
124 196 216 214
162 5 251 128
136 70 10 46
132 85 129 218
36 197 162 89
190 105 166 57
57 71 166 95
79 68 54 225
155 146 85 20
41 6 59 38
147 106 195 104
124 122 178 138
62 7 197 12
116 118 83 113
132 192 243 89
66 46 21 120
116 130 242 244
79 30 221 41
10 136 119 106
101 89 16 98
156 8 5 22
166 134 246 148
55 90 119 243
56 64 91 214
141 155 64 104
21 8 156 240
1 18 189 253
162 69 156 223
174 179 241 123
67 37 78 168
26 23 121 178
45 13 203 82
172 163 73 38
148 27 131 220
5 156 76 42
43 165 236 126
27 66 43 22
194 169 242 136
173 15 35 93
185 139 128 38
196 38 46 171
93 170 230 196
169 77 52 176
107 189 243 182
114 85 57 51
164 111 40 10
98 137 9 44
26 198 45 40
164 32 6 48
155 8 127 146
197 182 60 134
26 143 11 69
151 0 118 36
126 96 180 121
172 74 102 24
86 65 182 139
143 104 81 103
44 9 37 22
189 161 83 107
73 39 67 226
98 99 115 189
38 14 204 26
131 145 14 50
22 81 189 226
127 1 81 246
24 31 90 91
1 87 170 94
111 79 124 9
183 83 77 224
154 21 205 186
101 199 252 46
76 44 123 139
55 73 180 124
5 196 48 219
34 78 111 63
35 84 237 174
178 25 88 225
98 109 119 103
170 73 27 211
142 50 95 17
81 27 246 245
6 144 87 89
106 141 106 82
28 60 109 26
162 129 13 210
11 190 208 105
125 18 36 165
15 82 94 54
14 49 245 123
85 139 119 13
27 184 161 24
57 143 105 54
48 83 68 36
62 81 175 70
110 20 38 22
161 5 149 23
29 123 10 161
86 192 209 115
65 163 18 32
11 81 88 129
46 25 159 43
130 7 14 75
27 16 211 9
98 55 84 167
193 5 63 38
196 7 66 69
86 106 66 83
179 63 152 7
26 140 186 171
69 55 93 38
15 107 246 20
0 81 177 161
71 163 181 126
162 117 96 99
188 44 31 184
76 168 193 77
12 174 49 201
23 164 68 93
24 180 32 131
77 170 39 69
185 73 186 102
129 23 193 151
131 109 143 119
86 158 255 137
1 107 113 221
165 17 182 140
98 38 149 160
128 12 124 126
107 69 137 255
56 183 167 191
37 69 211 251
109 12 40 40
185 133 181 7
55 129 166 2
136 137 124 206
104 68 244 44
46 190 233 70
26 199 190 33
50 143 140 48
109 66 163 238
7 189 27 68
78 114 131 65
58 135 86 144
97 47 208 193
156 158 227 163
11 141 116 69
43 155 146 12
4 99 20 106
36 93 184 161
36 140 179 142
113 34 58 171
83 139 115 5
34 2 117 38
102 143 202 34
20 109 115 142
85 51 230 255
23 143 130 174
186 72 10 47
143 94 99 126
30 106 11 171
14 40 176 234
124 50 55 119
85 112 52 210
143 198 102 238
98 26 222 120
89 84 176 160
111 123 92 27
38 13 200 190
67 10 111 190
61 97 231 71
47 199 108 173
121 142 138 2
93 103 106 133
49 129 193 58
176 63 91 192
121 53 78 38
65 6 55 127
156 16 238 203
186 45 98 143
168 42 238 29
62 187 162 90
52 88 157 58
185 91 98 34
113 58 24 125
185 159 105 92
161 34 213 172
88 90 254 124
49 161 235 10
143 67 222 215
119 12 98 247
27 75 247 180
120 32 144 194
63 40 153 110
28 127 44 135
166 71 246 176
193 104 120 230
162 58 220 36
162 148 82 200
17 76 64 162
