4495 2885

5 123
194 72
128 31
80 152
102 9
11 158
141 31
195 45
177 73
105 4
0 164
136 116
65 175
40 70
39 7
74 130
33 59
199 103
63 116
70 30
58 128
83 64
4 52
184 173
195 0
56 82
8 89
141 37
97 177
15 76
149 170
86 73
78 183
66 45
184 0
40 105
101 34
56 167
5 115
177 32
20 102
13 140
15 164
193 84
189 47
63 36
193 37
18 167
95 141
116 113
44 187
120 162
106 99
58 184
69 53
120 91
20 56
19 188
13 134
180 91
96 52
2 120
50 70
168 143
190 131
96 188
89 85
30 77
96 45
141 183
70 127
38 55
42 84
154 34
28 17
79 42
118 142
136 86
106 173
158 122
47 128
146 25
133 137
5 50
136 103
171 104
113 124
84 23
181 93
28 126
71 109
5 62
9 174
21 191
174 110
164 81
53 193
181 39
55 35
109 147
38 58
170 97
67 137
55 26
143 64
117 80
155 110
40 178
8 198
171 86
105 165
161 35
147 91
149 195
7 25
159 164
93 75
191 102
171 68
56 159
9 186
153 35
2 14
143 183
116 100
140 163
28 124
154 171
73 44
38 146
18 133
146 169
68 29
111 12
11 94
189 142
119 141
130 124
124 92
158 47
102 27
166 148
30 120
17 46
9 65
117 26
165 10
30 89
158 132
151 91
98 6
77 139
124 59
1 114
197 33
172 2
64 192
184 88
23 179
118 121
187 131
179 125
140 142
60 142
113 156
83 111
79 166
196 67
107 145
107 42
103 182
123 135
99 54
155 43
51 96
185 111
146 138
50 150
87 48
92 160
22 29
11 72
63 49
41 132
129 57
108 79
185 176
114 126
135 129
68 3
21 24
16 58
157 155
61 99
36 6
41 48
166 112
90 4
120 144
