100 400
0 1 128 128
1 2 82 82
0 3 182 182
0 4 17 17
1 5 74 74
4 6 203 203
3 7 232 232
1 8 69 69
6 9 62 62
1 10 218 218
3 11 193 193
8 12 184 184
7 13 110 110
6 14 61 61
10 15 21 21
4 16 200 200
0 17 93 93
12 18 164 164
1 19 199 199
6 20 234 234
5 21 218 218
19 22 236 236
13 23 53 53
21 24 189 189
6 25 200 200
14 26 104 104
22 27 255 255
21 28 176 176
6 29 93 93
7 30 251 251
21 31 164 164
15 32 220 220
22 33 77 77
24 34 90 90
19 35 109 109
1 36 22 22
0 37 164 164
17 38 85 85
1 39 90 90
5 40 97 97
14 41 175 175
35 42 155 155
35 43 25 25
21 44 156 156
35 45 87 87
29 46 172 172
9 47 101 101
31 48 179 179
24 49 80 80
15 50 44 44
30 51 30 30
47 52 169 169
29 53 152 152
19 54 82 82
53 55 102 102
41 56 223 223
16 57 57 57
41 58 101 101
49 59 15 15
49 60 150 150
18 61 224 224
15 62 178 178
34 63 241 241
63 64 45 45
43 65 139 139
42 66 94 94
56 67 194 194
49 68 175 175
24 69 51 51
30 70 28 28
8 71 16 16
48 72 225 225
21 73 54 54
9 74 41 41
61 75 125 125
54 76 140 140
71 77 84 84
58 78 225 225
0 79 191 191
39 80 164 164
53 81 141 141
67 82 220 220
42 83 77 77
42 84 164 164
37 85 173 173
52 86 51 51
67 87 3 3
85 88 229 229
8 89 23 23
78 90 18 18
76 91 250 250
76 92 246 246
18 93 67 67
58 94 108 108
54 95 163 163
88 96 206 206
69 97 201 201
55 98 101 101
17 99 125 125
6 70 123 123
91 50 255 255
9 46 12 12
12 36 92 92
24 62 54 54
69 3 179 179
78 96 89 89
97 16 65 65
0 32 8 8
7 89 185 185
42 26 127 127
67 94 171 171
21 14 197 197
26 98 91 91
80 45 119 119
51 86 105 105
67 95 135 135
37 77 169 169
41 1 108 108
65 18 109 109
21 41 192 192
83 71 252 252
57 35 103 103
55 65 54 54
25 97 63 63
43 44 82 82
43 64 216 216
10 69 13 13
14 91 28 28
15 18 188 188
77 34 9 9
65 66 22 22
63 6 188 188
19 28 148 148
76 83 114 114
76 98 113 113
21 34 71 71
85 76 74 74
51 10 49 49
25 46 78 78
7 68 3 3
10 17 176 176
90 25 120 120
8 57 200 200
95 38 138 138
91 60 111 111
56 55 176 176
18 76 18 18
35 95 151 151
11 50 28 28
45 87 126 126
0 18 214 214
73 86 24 24
94 76 100 100
48 71 13 13
22 55 87 87
91 33 182 182
73 33 228 228
10 33 226 226
90 5 81 81
23 34 161 161
17 80 107 107
89 35 102 102
8 24 220 220
30 19 254 254
58 27 87 87
45 32 77 77
13 91 196 196
8 14 160 160
14 83 252 252
69 6 19 19
16 94 163 163
39 78 172 172
80 82 10 10
35 3 234 234
16 52 55 55
35 5 120 120
39 43 154 154
81 22 72 72
49 73 16 16
88 95 54 54
57 53 69 69
38 65 101 101
67 53 77 77
48 89 40 40
59 16 113 113
83 50 35 35
46 63 93 93
32 33 213 213
19 0 133 133
37 54 173 173
57 77 245 245
50 39 111 111
99 16 147 147
99 48 209 209
89 39 236 236
95 98 233 233
93 86 157 157
64 12 176 176
39 64 10 10
1 50 153 153
33 37 66 66
52 31 44 44
52 37 70 70
65 71 76 76
37 2 22 22
78 95 251 251
79 80 67 67
34 30 175 175
96 85 67 67
31 38 209 209
25 78 228 228
36 70 7 7
64 52 55 55
82 3 177 177
69 36 46 46
5 2 167 167
73 58 83 83
85 25 139 139
95 50 251 251
97 32 87 87
53 27 183 183
79 84 240 240
7 65 197 197
67 55 74 74
51 98 193 193
45 28 177 177
76 34 179 179
50 41 221 221
86 32 98 98
96 7 188 188
68 54 246 246
61 93 35 35
12 47 103 103
19 59 60 60
97 68 110 110
43 2 124 124
47 23 182 182
39 6 177 177
88 6 170 170
61 91 120 120
4 59 2 2
71 32 15 15
93 21 126 126
73 79 56 56
54 22 63 63
39 74 43 43
76 0 95 95
20 40 145 145
47 39 181 181
99 45 90 90
59 94 232 232
99 58 109 109
64 58 75 75
44 25 45 45
49 0 54 54
36 21 139 139
33 29 222 222
42 58 104 104
61 48 105 105
75 60 191 191
0 95 163 163
0 48 95 95
45 97 225 225
46 44 10 10
55 15 26 26
73 31 207 207
96 23 5 5
44 17 79 79
62 38 255 255
87 8 175 175
75 14 198 198
68 76 1 1
9 21 61 61
76 95 195 195
72 21 184 184
44 70 123 123
18 59 237 237
84 66 23 23
82 68 139 139
99 78 35 35
85 14 112 112
69 60 242 242
20 65 15 15
22 41 58 58
93 31 32 32
62 21 68 68
78 86 197 197
42 22 125 125
57 11 172 172
73 43 173 173
64 91 60 60
2 0 79 79
9 37 139 139
68 9 156 156
75 36 216 216
65 64 36 36
44 38 234 234
81 66 220 220
79 26 114 114
49 93 233 233
47 79 11 11
79 41 183 183
1 88 234 234
53 26 198 198
31 69 122 122
69 86 162 162
69 79 65 65
75 89 230 230
88 42 56 56
94 63 76 76
31 59 9 9
79 75 39 39
97 61 62 62
94 28 23 23
21 87 97 97
75 53 220 220
41 33 218 218
55 25 165 165
2 24 89 89
11 23 6 6
3 38 82 82
80 58 20 20
70 38 211 211
39 19 92 92
99 85 48 48
48 90 171 171
80 21 127 127
77 55 26 26
74 58 8 8
84 16 112 112
41 98 4 4
63 4 18 18
21 19 166 166
42 38 109 109
62 74 216 216
96 69 159 159
38 66 142 142
59 29 152 152
86 58 133 133
14 86 197 197
0 94 99 99
7 78 142 142
50 82 235 235
88 34 33 33
50 31 36 36
25 91 203 203
29 88 252 252
47 3 125 125
59 89 112 112
15 89 213 213
43 53 130 130
8 2 65 65
34 46 104 104
12 48 213 213
32 12 156 156
95 39 151 151
90 97 128 128
73 30 154 154
83 23 49 49
62 8 7 7
66 43 137 137
48 13 179 179
46 8 25 25
54 39 174 174
29 73 32 32
75 37 112 112
75 10 77 77
83 87 45 45
10 67 135 135
99 5 210 210
54 32 113 113
72 37 234 234
7 86 223 223
45 26 219 219
30 46 138 138
39 28 3 3
54 46 167 167
68 36 134 134
9 43 128 128
38 36 23 23
5 73 218 218
75 68 129 129
40 26 215 215
25 50 67 67
20 80 86 86
82 93 242 242
17 42 89 89
31 15 86 86
68 61 13 13
61 59 9 9
42 67 92 92
57 10 149 149
3 25 187 187
11 64 243 243
21 49 68 68
52 78 90 90
74 27 226 226
46 66 144 144
5 72 134 134
16 26 106 106
