3999 3999

68 76
4 59
7 68
39 28
67 87
41 98
96 23
11 23
36 70
62 8
0 32
74 58
61 59
31 59
77 34
39 64
80 82
46 44
47 79
9 46
10 69
68 61
48 71
71 32
20 65
49 59
49 73
8 71
0 4
78 90
63 4
18 76
69 6
80 58
10 15
37 2
65 66
1 36
38 36
8 89
94 28
84 66
73 86
46 8
35 43
77 55
55 15
11 50
14 91
30 70
30 51
29 73
93 31
88 34
83 50
99 78
50 31
65 64
79 75
9 74
39 74
52 31
15 50
44 25
83 87
69 36
99 85
24 69
13 23
88 95
21 73
16 52
73 79
88 42
16 57
22 41
19 59
64 91
97 61
54 22
8 2
33 37
96 85
57 53
81 22
1 5
45 32
22 33
44 17
43 44
3 38
58 27
26 98
12 36
5 40
91 60
5 72
56 55
76 92
