707 707

5 131
176 146
119 51
67 9
1 158
2 31
191 50
9 25
58 41
169 184
54 162
154 42
24 178
140 54
128 114
50 110
150 140
127 120
12 40
143 195
25 173
107 28
125 177
148 150
52 98
28 114
190 154
23 177
107 63
165 189
88 104
61 157
56 57
27 32
15 18
56 64
125 94
24 194
111 112
16 10
150 120
22 84
80 48
95 5
71 51
104 91
101 18
183 134
196 86
182 136
16 73
186 41
106 78
117 81
74 56
80 17
189 116
119 77
62 47
40 163
198 102
117 38
44 150
140 101
116 35
170 76
115 138
162 180
12 75
101 190
41 138
42 179
151 132
161 60
113 25
90 96
87 142
12 27
4 110
135 107
164 123
12 107
193 69
94 33
4 117
175 75
106 151
135 117
80 100
164 91
107 173
139 56
154 107
67 160
129 180
118 68
5 22
194 54
104 156
53 48
186 105
163 184
132 101
182 80
92 19
155 125
94 161
164 179
63 45
173 105
198 39
161 154
28 109
6 194
155 90
19 138
160 82
78 36
98 137
16 54
187 119
192 9
193 81
95 58
66 60
159 178
182 58
167 14
89 126
110 97
24 64
51 22
199 37
185 197
20 38
195 10
165 199
30 70
23 116
121 184
50 83
72 71
105 144
154 170
125 59
167 86
104 112
57 183
150 0
26 66
62 155
59 2
67 34
10 168
173 181
59 79
103 164
21 144
87 185
124 192
140 185
196 51
162 30
31 3
13 174
85 60
137 166
1 134
157 15
145 114
84 29
12 68
26 55
188 144
52 62
147 156
36 39
174 9
108 43
1 99
175 176
25 89
194 171
169 108
141 101
31 133
186 46
166 65
118 152
118 11
49 86
93 3
7 152
58 122
15 153
8 106
149 87
130 143
64 172
