1000 1947
608 609 182772
158 163 193082
932 933 217686
327 328 224863
1 32 251486
850 856 228373
724 725 234879
981 1000 274742
230 231 262918
833 1000 184153
221 222 282049
187 194 193183
190 191 225163
5 9 175090
502 504 301045
511 512 210683
84 90 207690
1 124 317853
254 257 287242
394 395 275357
424 427 273995
786 793 196305
528 529 257754
908 909 262346
1 171 306420
820 827 233276
896 897 278377
179 186 164739
26 27 240433
1 55 250064
187 188 239834
700 701 229421
903 906 322073
828 829 260913
29 30 295078
877 878 284085
252 253 222454
329 330 300992
211 212 182878
520 521 146768
492 498 232554
406 407 260377
579 580 280813
930 937 193413
16 22 297063
583 588 257316
245 247 291044
94 95 214261
356 362 259015
320 321 185199
448 449 178518
72 75 190534
895 901 262921
68 69 266445
233 234 344769
203 204 227327
936 941 157757
570 571 244256
36 37 298671
379 381 262484
739 740 302932
799 800 188775
958 959 211132
862 863 202825
687 688 242522
226 227 304132
905 906 283045
796 797 319760
392 393 162560
850 851 196703
9 15 206747
77 83 208087
729 734 188992
434 435 268987
284 285 263132
386 387 303490
140 141 243511
106 107 163361
737 738 282137
281 282 251395
108 109 237333
442 443 256903
568 569 131299
131 137 254185
960 967 295224
771 772 222479
748 749 157662
604 605 323874
332 336 216971
5 12 190226
262 263 222829
256 260 219515
488 489 242370
315 317 296006
961 962 220024
668 669 269197
159 160 241298
848 850 219114
456 458 161179
41 42 141650
496 502 260459
309 310 130220
270 277 247140
92 96 235973
756 757 229188
382 384 191743
962 963 124721
616 617 267518
406 408 241547
883 890 305642
140 143 183395
946 947 199981
718 719 249541
657 663 226625
11 18 215031
117 118 321043
502 503 236354
705 706 181334
1 191 255231
904 907 330432
455 456 207183
759 760 133591
243 244 260349
947 948 239549
421 427 231502
753 758 254538
495 496 213501
127 134 295883
1 144 221889
737 742 315902
736 740 260744
986 992 214054
780 786 274912
933 934 240706
729 730 233091
638 644 312507
678 684 172606
954 1000 247808
74 75 180360
553 554 320848
898 905 259755
926 1000 267287
120 125 364593
879 882 265720
864 1000 307599
913 915 188331
522 529 254735
672 673 201604
287 288 147217
529 530 233129
862 865 161137
769 770 265845
655 662 224210
232 239 292798
368 369 278677
603 604 160597
820 821 270282
417 418 262735
219 222 216183
584 591 182091
35 40 203729
26 30 286030
700 706 141415
468 470 345218
521 522 249885
1 61 266466
269 270 254680
950 951 267867
572 577 225095
327 329 136577
179 180 213316
238 239 274670
542 543 186377
1 101 232515
182 187 257281
757 763 227798
894 901 193581
671 675 235933
878 881 251389
751 752 266242
764 767 204549
257 262 173409
313 318 176445
572 573 223000
166 167 177929
785 786 263883
20 27 254196
594 601 272542
697 698 246920
624 625 315636
465 466 247405
561 562 276791
106 108 199816
1 70 260554
681 682 258305
46 47 266905
59 60 300326
940 1000 231231
533 534 277200
994 997 313169
944 1000 294557
676 677 198124
326 329 266315
821 828 275688
843 847 260615
464 465 232797
752 756 226052
997 998 236736
356 357 290890
807 808 283441
598 599 188732
959 960 211597
834 835 296420
625 631 245408
96 98 191744
115 116 229684
177 181 308164
900 1000 236062
661 663 133263
592 593 281819
953 957 175832
1 22 194273
183 185 263768
322 323 297362
952 953 273322
843 844 168113
404 405 182216
486 487 184292
104 106 234959
87 88 259443
92 93 257887
974 975 249528
285 288 207542
562 566 171198
669 670 205970
847 848 176057
548 549 199137
625 628 208191
1 65 245745
973 978 289483
66 70 289699
615 620 255337
918 919 190683
901 902 193547
255 256 281861
798 804 231062
706 707 303347
915 919 208869
931 933 194331
535 536 220568
432 433 240834
455 462 228348
452 453 282097
365 366 213138
296 297 220355
406 409 300344
102 103 194530
893 894 224397
783 786 334142
900 906 242308
278 279 205870
822 825 221439
380 381 207661
339 340 229105
950 955 214098
945 1000 273028
1 104 206845
827 828 294302
82 83 171745
869 872 308073
230 234 245009
809 810 195101
44 45 189749
63 64 230696
625 629 219225
302 303 297884
186 187 278055
1 59 298127
98 99 284051
900 907 299881
420 427 280530
781 785 267474
919 923 243309
194 200 255059
257 260 172114
1 78 187688
341 347 277464
68 74 251174
620 623 129676
878 1000 284067
381 382 268096
452 458 219276
957 960 273693
376 378 281195
384 391 270265
42 43 226393
757 764 230599
1 2 176589
688 695 260900
521 526 275759
479 481 283335
780 781 123460
436 438 233138
717 718 203201
591 592 279100
948 1000 326983
880 887 267772
902 903 208507
351 357 287898
934 935 222879
564 565 281085
167 168 286134
122 124 201724
397 398 137043
801 807 149542
725 726 301697
328 332 227610
711 712 215525
317 318 204120
634 635 206241
1 149 202749
487 490 209619
858 862 242263
133 134 181242
682 683 300628
860 861 294913
66 67 257458
546 547 321561
379 380 246501
868 869 145383
921 927 206199
890 891 219112
393 394 239404
508 509 291280
875 879 276877
69 70 215576
499 506 218928
50 51 194037
56 57 117531
698 704 330782
1 35 205964
214 215 207190
705 711 172442
970 971 257365
450 451 127399
882 884 141440
856 1000 330630
477 479 239999
13 14 276861
692 693 228939
241 242 358413
9 10 205497
73 74 258786
519 524 205994
833 838 245297
104 105 295564
1 71 297192
88 92 240040
277 278 332741
722 727 235289
878 885 173669
52 59 210881
501 502 331710
109 113 226314
529 531 238546
831 832 214193
176 177 188339
515 518 145158
144 145 276183
325 326 203829
382 385 189366
690 691 166868
354 355 223803
179 181 264958
634 636 244218
531 532 180235
861 862 270121
625 626 228104
527 528 238993
795 799 183772
22 27 272926
31 32 189660
717 724 288236
811 812 215490
264 265 235456
691 692 209508
650 651 182555
1 8 243326
959 1000 203490
136 137 219870
945 946 234546
863 864 265972
509 510 226454
635 636 347847
127 128 218211
720 723 187413
338 339 204538
531 534 227828
253 254 247696
916 917 215834
28 30 316737
697 702 296806
992 993 319124
540 541 287837
877 880 298045
795 796 163134
95 98 199419
432 439 227925
149 150 310018
1 62 311701
592 595 316331
898 899 246310
698 699 233168
1 189 199264
752 753 161693
1 10 262904
515 516 122073
118 122 176861
16 17 261313
130 131 213201
599 605 333086
48 54 308269
939 1000 300403
87 94 267968
370 371 126695
589 594 169039
141 146 213327
985 986 293578
207 208 228107
1 137 240628
15 17 193001
263 264 181291
20 25 229571
724 728 229891
177 178 280276
2 3 273843
244 245 225189
380 385 231579
680 681 132495
242 243 167813
571 575 235896
974 1000 272995
396 397 294020
223 224 326875
77 81 361276
565 566 163774
315 321 235149
850 1000 307530
331 332 236317
971 972 176163
271 272 174481
988 989 189349
48 49 264359
871 872 261318
632 638 262691
170 171 241705
419 420 199593
120 121 278956
141 143 266730
55 56 318386
684 685 218775
960 961 271914
483 485 218477
72 73 265264
532 533 227405
758 759 229746
969 970 235633
148 149 216652
865 872 316351
83 84 222614
699 700 276153
745 750 250907
775 776 295976
53 59 251873
127 130 267710
683 689 135827
38 39 273754
17 18 190939
619 620 259951
645 646 304348
760 761 237070
308 309 301098
454 455 287275
37 38 248607
278 281 294830
123 125 332534
959 961 217829
669 671 180495
865 1000 289852
968 969 238954
79 80 277016
907 908 210832
646 647 148037
982 1000 296591
314 316 254568
251 252 226243
1 195 334747
170 174 147514
716 717 204654
314 315 226001
666 667 228233
240 241 116482
642 643 250333
161 162 184412
227 228 139205
273 274 262179
538 539 272483
752 759 230257
582 584 301849
362 363 263432
1 184 245832
71 72 250336
938 939 245983
438 439 189087
975 1000 279953
656 657 240647
416 417 252321
845 1000 270374
594 595 308955
249 250 262706
216 222 246176
852 857 229911
400 405 148711
614 619 190476
757 758 324365
596 600 256815
606 607 241723
161 166 253944
613 614 228378
773 774 204455
956 960 246671
525 526 272058
475 478 164254
822 823 269967
474 475 314459
451 455 280457
160 162 296572
776 777 234947
1 176 284744
555 556 301949
554 555 158727
222 223 281271
421 422 172711
715 716 272334
602 607 258874
797 798 164506
993 1000 228916
913 914 307758
256 257 201701
158 159 326514
508 514 286007
241 246 323808
707 709 240613
180 181 204196
522 527 217850
453 454 234810
398 399 245809
1 156 296910
737 741 308578
951 952 339488
372 373 203595
505 506 236520
125 126 195972
1 56 270386
76 77 173527
612 613 252518
195 199 216266
60 61 200186
955 1000 301240
595 596 273966
122 123 232877
222 229 236081
193 194 272545
1 126 283858
61 62 188012
633 634 207371
483 484 261470
643 644 217186
632 633 213069
358 359 241321
428 431 271073
373 374 316170
506 513 196391
442 446 250253
283 286 221565
286 291 172582
99 104 228637
165 171 349695
998 999 246514
378 379 169030
781 784 252902
349 354 228597
1 29 278946
675 676 239641
29 31 242728
884 885 201536
794 801 336360
986 987 190834
86 87 189829
888 889 218714
723 724 216217
151 152 216649
1 38 235121
592 596 280329
348 353 217615
860 865 204591
319 321 240087
386 391 325509
329 333 272925
323 324 161275
62 63 247537
447 454 210344
100 102 239711
814 820 289031
569 570 268826
873 874 286789
611 612 226713
335 336 229637
976 977 182625
318 319 276909
74 79 196600
997 1000 273275
837 838 247970
292 293 247518
827 830 218391
907 1000 262902
454 461 267973
764 765 240589
211 217 251215
1 186 250104
654 660 158357
526 530 143565
125 130 188903
374 377 230766
184 185 219655
809 1000 278349
817 1000 229198
559 560 307802
25 28 169729
889 1000 280317
295 301 218315
337 344 198674
461 462 200003
682 686 304632
441 442 170890
44 47 244000
606 610 237135
984 985 259098
802 1000 275818
103 104 243036
545 546 225829
463 464 258861
477 478 232122
1 169 174965
114 115 320444
259 262 260556
575 578 131894
983 984 115466
883 884 258678
228 232 262145
693 694 283434
10 11 287960
279 283 196636
955 956 269552
758 764 168779
212 213 263483
400 401 213420
839 840 166998
789 790 235679
476 477 165997
767 773 211108
20 21 275729
852 859 250538
808 1000 228039
832 837 274641
414 415 225409
369 373 203243
745 746 256476
661 666 238303
164 165 146075
501 508 200560
423 424 158907
407 409 268872
956 962 233393
661 662 261787
516 517 229518
4 8 246257
204 207 252530
52 54 285415
829 830 183391
991 994 232298
990 991 213575
870 871 256841
902 1000 329703
818 824 297184
801 802 176542
637 638 270332
520 523 217165
460 461 334526
596 601 143287
652 653 328498
324 329 230858
551 555 291924
597 598 139825
28 29 262286
534 538 156468
787 793 288401
524 525 171154
517 518 185739
933 940 274208
714 718 195399
966 972 161358
297 298 281640
99 103 272752
478 479 261714
313 319 234834
75 76 306151
875 876 221059
172 177 146432
42 48 231333
765 766 186095
200 201 124238
1 34 303539
979 986 223909
598 601 237844
251 253 179004
951 1000 276656
267 268 274819
316 317 255052
929 930 296308
654 659 240408
215 222 202757
480 481 270388
84 85 194283
19 22 283385
747 748 204243
655 656 201287
869 873 280237
168 169 240733
1 102 221295
1 19 273304
96 97 273933
673 675 298591
364 371 177843
433 440 234649
895 896 256789
307 308 167766
382 383 218757
422 426 271722
895 1000 254442
823 828 251566
547 548 203749
639 646 260275
209 210 147439
649 656 281477
389 394 197335
723 728 253698
626 627 182795
285 286 257959
411 412 276844
399 400 252941
844 848 349233
12 13 246326
239 242 295014
70 71 270425
118 119 166434
782 783 189929
996 998 211700
932 939 138275
410 411 150052
605 606 160435
973 975 263207
319 320 264042
275 276 225346
879 1000 318882
908 910 282179
430 436 279147
859 860 119506
1 183 292529
791 792 227499
915 916 288035
806 1000 273564
945 948 242161
265 270 229019
982 983 256716
426 427 280878
727 728 284287
999 1000 306401
824 830 181689
684 691 287512
666 672 267429
919 920 302164
358 361 238518
880 881 200966
363 364 182170
609 610 286079
602 608 266480
659 666 261521
217 220 117177
305 306 203042
984 990 220125
755 756 157454
391 392 233821
269 276 220931
552 553 212568
768 775 169264
744 747 191990
105 108 151930
719 726 287870
996 999 151692
58 64 159466
769 776 230607
232 233 178794
749 750 269769
746 747 275769
245 246 301050
497 499 328508
361 365 275846
202 204 144042
214 221 138862
757 761 279179
922 923 189825
513 516 144038
856 857 210612
966 967 203191
789 795 288592
858 859 199956
205 206 121078
768 769 159011
761 764 255321
721 724 228335
815 818 245701
202 203 219258
462 469 200636
430 431 212004
402 409 251840
725 730 282410
897 898 139003
439 440 180617
57 63 308027
928 929 181891
614 615 257928
886 1000 204547
180 183 235974
404 411 162571
974 979 208640
253 260 238630
178 179 300455
949 950 160285
405 406 237019
80 81 279196
674 675 297212
332 333 193618
805 806 265024
181 182 171548
718 722 286855
150 151 210618
687 691 166496
275 280 187380
989 992 174321
442 447 314467
523 524 176621
345 352 240517
696 697 200021
111 112 200015
895 898 273020
1 157 302025
294 297 173726
621 622 249689
876 877 308540
390 391 199157
537 540 211850
635 638 261787
229 230 223849
602 603 307632
409 414 253004
341 342 127350
555 562 292988
788 789 291038
123 128 168369
883 1000 339358
140 144 183651
287 290 201806
72 77 182872
703 706 265024
960 1000 278704
812 813 215798
782 784 241341
348 351 218081
729 736 271898
468 469 319906
772 773 294443
671 672 281330
135 140 257010
160 161 299634
1 130 333896
786 788 121070
475 476 220776
750 751 238403
172 173 235394
360 361 266711
965 966 262383
1 93 232970
862 866 212799
457 458 222868
14 15 174821
1 111 215322
519 520 244582
56 61 214533
160 164 307236
305 307 294349
732 733 125877
868 875 224050
268 273 240548
187 193 142415
386 393 242954
364 365 344516
294 295 204574
839 843 259350
790 791 233374
440 441 240014
722 728 241228
473 478 158583
824 825 192862
841 844 137029
1 199 293241
1 86 245676
694 695 249962
387 388 208240
982 984 225623
925 926 257775
42 46 238512
887 1000 259254
654 655 263275
199 200 274236
469 470 263428
134 135 185016
39 40 205115
976 981 138029
67 68 225838
276 283 283352
994 995 217633
584 589 252643
310 311 292273
868 872 192512
124 125 244498
259 260 217442
854 1000 286852
18 19 226890
632 636 320649
650 655 283734
850 857 144985
848 849 160762
260 261 244711
966 969 166534
27 28 208323
114 121 295544
484 485 145629
290 296 177871
874 875 236384
246 247 251851
346 350 256806
90 97 217945
219 220 197197
305 311 281144
818 823 236980
970 1000 300805
488 490 173420
662 663 113421
956 957 257794
944 945 183627
733 734 194592
204 205 233677
641 642 208230
188 189 133430
976 1000 242930
744 745 230392
120 124 350052
213 214 285789
1 115 317595
670 671 212442
933 935 182800
892 893 264828
761 762 211633
42 45 249357
381 388 166353
943 944 228315
1 5 336422
498 499 316259
406 413 192423
681 683 265885
518 519 296408
842 843 184601
688 689 165297
355 356 163389
628 629 176610
143 144 210457
665 666 218242
840 841 240078
912 913 266467
347 348 230029
496 497 279529
959 964 229755
485 486 262855
707 713 180973
948 949 260409
415 416 226026
247 254 188000
530 531 280895
952 957 210905
379 383 205996
704 705 175093
344 345 109199
828 1000 228136
500 507 148806
817 818 251636
401 402 255115
116 117 231210
239 240 244091
252 255 262222
474 479 235304
881 1000 311056
532 535 213533
99 100 287181
47 48 175724
400 406 193564
588 589 186783
857 862 320362
893 897 260159
194 195 242576
865 870 261087
324 325 293636
35 38 310466
857 858 300902
824 1000 298179
876 879 286091
3 4 178868
1 113 289062
107 112 200029
163 164 264566
738 739 182765
981 983 295796
911 1000 285342
647 654 257000
663 664 309601
370 373 118834
832 833 296512
629 630 234497
589 590 163706
981 988 355031
608 614 139673
1 120 176508
23 29 250863
268 269 158765
971 976 278456
563 564 222645
846 853 287881
806 807 198368
677 678 274636
52 53 216390
4 6 301948
701 702 240639
83 88 220492
350 356 125872
909 910 325530
361 364 150023
703 710 288790
991 997 283813
230 236 169282
990 992 223075
557 558 211506
24 25 212898
58 62 240681
537 538 214717
116 118 258028
285 292 175714
648 649 151731
621 625 297708
660 661 276963
433 434 323405
225 226 245654
721 722 275165
1 197 239410
445 446 233117
492 493 286712
912 915 259346
707 708 291608
720 721 197296
468 474 251091
924 926 236089
823 824 287053
371 372 233908
793 800 123564
583 584 262540
164 169 100213
408 409 279100
346 347 262334
872 1000 230457
1 200 290859
33 34 234491
549 550 205297
470 474 108874
328 329 173241
630 631 259190
126 127 161102
321 322 240481
181 186 246057
810 811 243252
91 92 215722
686 687 208655
6 8 118177
868 1000 256778
709 710 244104
315 316 199491
825 828 297267
722 726 229010
786 787 173112
989 990 181525
34 39 315909
162 163 138796
330 331 257918
774 775 253676
538 541 261456
183 187 294435
371 377 280200
747 750 215209
551 552 311726
908 912 258867
290 291 214766
345 346 372066
85 86 239574
665 667 278342
420 426 238174
90 91 226125
57 58 262696
443 444 189923
712 713 231498
201 202 281227
526 527 202714
541 542 248814
72 74 211562
300 301 143607
919 925 261272
627 629 217785
189 190 301051
1 150 315935
522 525 149790
980 981 190805
765 769 166359
240 242 287510
942 945 210778
558 559 175955
68 72 322621
607 609 165490
180 187 219639
142 143 230820
274 275 212049
77 78 297351
112 113 291125
373 379 255658
711 713 273289
813 814 259596
211 216 221662
429 430 182846
492 499 244646
418 419 279598
450 456 256917
975 976 262669
206 207 345204
192 193 264940
573 574 297029
38 40 132962
899 900 263918
326 327 353371
876 878 323599
405 408 231698
539 540 177118
53 54 308420
409 410 277382
886 887 239291
403 410 268154
857 1000 271840
996 997 206956
1 60 314929
176 179 300857
894 895 190015
338 345 169100
830 835 265606
779 780 265948
503 504 270122
253 258 340802
586 587 212957
33 35 145581
560 561 202401
769 772 266585
903 904 265945
1 50 308756
607 608 206851
807 811 250834
896 899 200681
185 186 223771
841 846 168345
640 641 268627
471 472 211081
504 510 147970
618 619 223040
735 736 317643
584 585 232867
866 867 315259
298 299 175237
595 601 201059
349 355 318984
78 79 210107
180 185 213475
271 274 280674
261 262 235172
286 287 251229
312 319 248266
107 110 255832
639 640 244175
156 161 255703
974 981 213542
121 123 229327
708 709 237795
562 563 261812
821 822 247094
985 990 183519
730 731 290900
258 263 186950
550 551 152037
964 965 204264
847 1000 203907
295 298 313969
257 263 230100
217 218 243808
353 354 236560
864 865 185944
854 855 197468
254 255 250780
23 24 171686
424 430 213337
51 56 320561
668 674 246616
730 737 231889
941 942 255607
703 704 346524
679 680 238163
234 235 257900
185 191 217333
918 921 260413
458 459 231421
649 653 248595
980 986 180220
216 217 245606
370 374 223352
157 158 215801
582 583 303365
830 831 312943
93 94 200406
825 826 297559
451 452 266717
722 723 213992
599 601 230256
1 77 253411
805 809 190426
43 44 336429
123 124 220084
1 85 271410
534 540 153494
422 423 294425
726 728 271301
983 1000 243218
344 348 202454
258 259 154523
877 883 242613
437 438 299149
784 790 240740
313 314 175324
975 978 205358
574 575 298079
592 597 289448
770 771 253550
627 628 315795
689 694 357404
205 208 173184
889 892 250323
878 879 224703
337 338 187480
1 97 199963
683 686 215817
470 477 212409
767 768 222303
763 764 291377
15 16 189729
758 762 128631
50 55 202985
567 570 265869
900 902 247867
610 611 198806
265 267 277158
437 442 198101
842 1000 225397
344 346 262430
838 1000 198802
741 742 205970
392 396 269063
132 133 275420
177 182 236917
317 323 261597
886 893 216851
910 911 160287
81 83 159446
579 585 271067
359 360 213134
904 905 280977
44 48 225265
513 514 217294
152 153 208175
402 403 227558
740 741 274036
927 928 301279
818 819 211615
266 267 231874
620 626 189480
339 344 258451
25 32 299301
466 467 213919
541 548 269348
436 437 273310
693 698 253194
485 491 235060
420 421 273198
511 517 249089
178 180 264603
197 198 263612
198 199 262402
986 1000 313745
190 196 180843
678 679 299599
30 31 285512
8 9 306975
766 767 266458
927 930 304719
110 117 243047
49 50 283064
947 952 349940
97 98 189007
527 532 329221
334 339 296689
894 1000 177555
815 816 287742
620 621 169378
29 36 184789
283 284 177801
413 420 239912
1 3 277541
775 778 276224
760 762 280414
236 237 238948
601 602 229874
745 747 258713
615 616 184944
383 384 298239
487 488 307766
138 140 130431
316 318 237510
786 789 187099
45 46 153465
490 491 257226
463 469 173286
121 122 188647
210 214 300382
1 43 245164
515 520 257749
951 956 229577
911 912 188669
314 317 214599
352 353 235216
838 839 179189
105 106 237402
57 59 266607
727 732 338524
664 665 236386
20 24 232941
446 452 227581
255 259 188187
882 883 207266
482 483 315146
819 820 286306
963 968 300936
621 624 168284
372 377 315201
456 457 276896
953 954 186097
191 192 230116
11 16 195040
194 197 212409
774 779 253751
389 390 251436
695 701 126040
21 22 173883
888 1000 318685
581 582 248294
303 304 219661
876 880 275528
883 885 236197
648 653 213222
994 999 209922
11 17 308741
920 1000 259888
597 603 302370
153 154 218517
407 408 202246
11 12 299349
973 1000 300914
211 213 202321
897 1000 246131
500 501 157035
762 763 252611
719 720 262686
575 576 169281
600 601 215116
638 639 220222
978 979 185935
653 654 257171
141 142 315501
512 513 266592
369 370 205949
46 52 259484
119 120 220612
81 82 182798
82 84 264955
736 737 187527
294 296 208730
128 129 289769
293 294 283896
872 873 155442
435 436 210765
708 715 154536
446 447 202847
834 839 285071
391 398 152745
831 837 232950
692 695 344173
958 965 259297
793 794 216004
375 376 229573
842 845 238295
101 102 265704
864 866 228151
1 84 239529
322 327 312103
156 157 218212
576 577 289981
656 661 274768
394 399 213316
304 311 311678
304 305 193125
921 922 281427
587 588 332255
383 390 328140
844 845 291368
295 297 233170
233 239 317003
137 138 241438
651 652 213139
804 805 265626
778 779 295336
431 437 278432
34 35 241754
876 1000 340371
737 740 305957
265 266 305904
865 866 294263
338 344 249250
1 185 236028
415 419 219175
623 624 173979
470 471 213075
366 367 255301
869 870 260292
10 12 248933
925 1000 325094
794 795 269524
65 67 192137
510 511 227479
64 65 287929
469 471 269073
169 170 304190
560 567 191092
431 433 194607
272 273 352176
685 686 302286
813 1000 301983
928 935 144628
270 271 299494
358 363 253691
714 715 233472
440 442 207973
109 110 179556
306 312 294400
426 429 265309
1 127 229748
171 172 235915
942 943 281058
800 804 244216
784 785 240682
71 76 288554
942 946 216601
1 118 303214
900 901 238218
4 5 326279
360 362 296072
399 406 272550
311 312 248879
95 100 191422
647 650 266356
1 37 270298
455 457 194648
919 922 348152
855 856 186036
277 282 274989
1 135 265876
781 787 231183
545 548 310046
534 535 265261
739 746 222579
25 26 302680
284 287 313631
798 799 223630
423 430 179218
208 209 327872
792 793 214607
561 565 232114
988 990 174244
848 852 143527
702 703 202084
673 674 191887
224 225 197207
813 818 226072
462 463 263396
991 992 260399
231 232 197401
413 414 271855
972 973 254766
659 660 182983
129 132 249386
596 602 203775
849 850 279734
420 424 237382
852 853 302032
833 834 222192
349 352 239404
109 116 205234
54 55 213845
129 130 284704
846 847 315289
893 895 205786
137 139 223986
51 52 274977
447 448 274425
760 765 323296
469 474 147303
210 211 302318
64 71 241048
932 938 140042
923 924 210119
901 1000 191259
231 236 156549
885 891 282372
147 148 174127
22 23 261184
892 899 225036
694 697 155094
131 136 297058
312 313 186431
593 594 142773
493 499 185584
368 371 193543
726 727 193354
427 428 177602
372 374 278836
951 957 290132
565 571 164995
920 925 230902
6 7 177416
803 807 154372
916 1000 285052
566 567 239209
65 66 228751
507 508 227163
377 384 217580
278 282 236495
938 941 180802
965 1000 316409
339 342 160916
896 1000 260153
297 304 295249
683 684 179484
1 192 224574
881 882 246055
987 993 264401
519 522 178265
870 877 234523
458 465 266921
713 714 187282
876 881 313067
1 69 282054
973 974 152169
577 578 186235
814 1000 329715
295 296 282702
481 482 260617
490 493 309675
815 820 258297
835 836 267847
731 732 276043
529 534 219981
598 605 365889
336 337 307980
953 1000 194725
977 978 204448
459 460 206650
263 269 159815
436 443 228694
514 515 293931
878 882 206369
963 967 366688
937 938 243163
734 735 280369
497 503 251014
491 492 265790
380 386 172673
413 419 263600
1 151 244360
518 523 279400
340 341 244669
334 335 284814
957 958 252487
229 233 206251
155 156 305581
889 891 271352
713 719 198813
291 292 244801
909 1000 287680
472 473 267871
357 358 236825
165 166 260445
173 174 148240
367 368 252065
918 923 303494
928 933 226324
996 1000 181089
376 380 278323
403 404 228258
937 1000 329970
79 86 224678
565 570 251444
231 234 245245
702 706 232726
867 868 267097
669 672 278281
676 682 161560
914 915 219624
135 136 294818
851 1000 224235
866 872 281767
774 778 257184
139 140 234700
777 778 272178
743 744 248472
249 253 204497
742 743 183131
935 936 274433
1 164 309358
833 840 220464
257 258 202362
427 431 234145
5 6 235188
1 92 308749
689 690 299945
494 495 190433
235 236 201430
348 349 220788
987 988 328714
728 735 208734
816 817 241046
122 125 309568
647 648 282372
129 134 212755
89 90 261321
59 62 223797
113 114 186247
288 289 262558
248 249 265620
351 352 200165
792 794 164989
1 107 183787
922 929 168406
376 377 228434
363 370 184859
765 771 192728
1 159 333175
299 300 282112
282 283 215273
444 445 303759
1 121 269533
88 89 229274
769 775 220250
1 196 250409
834 1000 257661
60 65 212439
596 597 224635
753 754 250874
580 581 209939
783 784 236041
710 711 154028
289 290 238637
370 377 282094
35 39 290726
845 846 221269
674 677 286883
717 722 261890
892 1000 300835
649 650 246501
235 239 241048
470 473 233324
449 450 280115
1 49 315430
658 662 208137
931 932 207686
802 803 252314
695 696 149746
58 59 288147
504 505 96990
377 378 249373
69 74 264533
544 545 279580
247 248 201576
290 293 149264
926 927 221231
979 980 240113
417 419 295003
306 307 249710
744 748 277376
4 11 269992
906 907 218545
144 150 243458
808 809 313862
385 386 148146
636 637 162266
599 600 350839
917 918 207916
811 1000 258971
833 835 188725
625 630 176954
728 729 221149
1 14 312370
279 280 192366
170 172 292282
1 66 177205
978 984 178848
684 689 238721
27 34 185674
800 801 344738
342 343 305480
133 136 279629
657 658 268634
543 545 206647
536 537 168232
154 161 240944
274 280 204306
935 1000 348104
840 1000 259052
280 281 345655
754 755 300219
174 175 316858
853 854 234251
361 362 216065
559 562 272062
218 219 214011
631 632 265385
584 590 117168
622 623 243481
510 512 263869
236 241 185943
387 393 177528
1 73 296556
154 155 251534
110 111 247276
803 804 148204
823 826 213972
649 652 284497
781 782 266465
539 543 254094
395 396 254857
145 146 274266
574 581 188964
493 494 213065
53 58 272801
920 921 190307
40 41 282130
388 389 248347
131 132 261728
84 89 189323
191 194 274445
237 238 226559
667 668 134791
9 16 152176
354 356 164463
936 937 129294
553 559 192698
160 166 215227
186 193 188501
49 53 216217
511 516 216839
428 429 269590
590 591 296767
433 437 232568
333 334 207743
181 188 205126
175 176 214763
567 568 268257
794 800 248815
424 425 259951
489 490 139461
836 837 190638
924 925 155868
95 96 242322
392 399 200478
196 197 280215
841 842 186585
228 229 238881
879 880 243677
823 1000 282876
276 277 233367
887 888 192890
785 792 263434
61 64 185958
940 941 208941
473 474 203933
747 752 254027
930 931 164289
451 456 343937
35 36 218201
814 815 190909
889 890 307635
220 221 283246
885 886 329254
342 348 254154
506 507 213318
992 998 247040
301 302 221963
640 646 241984
15 21 278343
560 564 219698
135 138 360115
585 586 154050
138 139 240776
556 557 206877
215 216 247197
658 659 230042
138 145 157630
202 209 183173
54 56 230857
499 502 201655
646 649 175372
295 300 254623
168 174 165120
963 964 313202
23 27 232541
674 680 281126
620 622 164828
554 559 133496
995 996 326841
535 540 132791
843 1000 243394
571 572 222229
898 1000 281496
250 251 208582
402 405 158050
543 544 228433
912 1000 299442
939 940 323574
497 498 251418
5 8 134604
967 968 182447
75 78 271095
60 64 156073
349 350 248713
874 879 217522
245 248 262824
499 500 206137
343 344 246250
583 589 215432
1 24 286432
335 340 227048
787 788 234386
384 385 292689
425 426 193028
738 742 240201
350 351 213107
836 1000 242451
183 184 215659
617 618 169828
350 352 164430
365 368 185459
479 480 220015
616 620 292542
644 645 221858
7 8 240880
195 196 190553
755 761 240909
467 468 159523
146 147 191094
826 827 239456
475 477 140453
19 20 204746
542 548 192616
993 994 205091
431 432 251910
107 108 216376
522 523 246014
272 276 213032
932 937 135632
374 375 178430
954 955 145951
159 161 207438
120 123 291541
100 101 271575
89 91 226676
422 425 290059
1 103 182113
816 1000 231017
29 33 285996
104 108 261655
851 852 205259
182 183 260872
204 209 315095
412 413 204422
421 424 248318
943 949 209972
964 966 235944
891 892 210967
32 33 295726
578 579 202435
981 982 249810
