1000 1156
199 200 145171
996 997 61838
879 1000 146953
441 442 152895
29 30 155995
1 189 171561
836 837 56252
37 38 75363
701 702 144933
1 169 109026
998 1000 155209
377 378 150883
334 335 158614
1 114 156838
1 56 119233
716 717 99213
831 832 87075
1 9 152707
324 325 132196
485 486 127237
265 266 120304
855 856 169632
991 992 161484
864 865 147571
168 169 133281
449 450 185729
947 948 110965
909 1000 123322
712 713 154091
839 840 149404
796 797 164220
487 488 141661
625 626 167223
901 1000 73471
1 27 104147
593 594 113120
607 608 117781
131 132 97413
429 430 114007
1 156 107602
632 633 96030
25 26 181894
245 246 208934
985 986 116188
549 550 217637
165 166 210561
634 635 128432
49 50 104526
1 22 155435
824 825 117337
892 893 123726
233 234 123527
919 920 110244
166 167 74952
267 268 113738
427 428 57793
581 582 66167
927 1000 116289
519 520 187591
598 599 88060
63 64 156904
87 88 66861
1 53 102037
81 82 188272
968 969 145710
409 410 177755
684 685 172773
829 1000 65036
96 97 89123
262 263 70170
830 831 78149
942 943 36144
920 921 186386
32 33 132159
918 919 155260
472 473 139852
43 44 111607
974 975 93771
64 65 62824
136 137 135949
886 1000 85849
252 253 188088
154 155 167513
791 792 79688
692 693 197168
1 21 183919
174 175 117541
882 883 145678
462 463 139313
92 93 131080
410 411 100263
652 653 158126
179 180 116271
74 75 111733
822 823 136898
516 517 152643
968 1000 137015
860 861 156065
854 855 115319
554 555 49237
563 564 198236
408 409 93427
400 401 164731
86 87 168265
758 759 125181
16 17 45316
996 1000 77837
895 896 188546
353 354 115232
1 81 118765
822 1000 132402
122 123 143158
229 230 89068
747 748 162395
470 471 153677
396 397 138019
750 751 113313
206 207 160857
857 858 125353
296 297 110919
1 28 201211
188 189 128570
896 897 117145
241 242 130697
906 907 53065
651 652 121705
340 341 161385
619 620 104411
255 256 58907
44 45 96540
1 180 169119
405 406 187769
959 960 53100
817 818 102531
776 777 134429
756 757 165553
915 1000 124819
404 405 47949
809 810 87055
75 76 152702
562 563 40512
555 556 142960
969 970 147772
458 459 129098
970 971 119034
568 569 153917
66 67 89083
757 758 134943
203 204 178090
545 546 110148
912 1000 95845
474 475 120325
694 695 121463
520 521 94632
84 85 187078
787 788 179322
717 718 173355
401 402 130438
152 153 100677
845 846 60461
779 780 145726
690 691 124524
141 142 117442
322 323 210743
369 370 30768
887 888 128697
812 1000 163183
361 362 99639
297 298 107287
674 675 184084
79 80 136918
47 48 84530
880 881 183837
983 984 140864
724 725 78159
909 910 92185
399 400 63202
375 376 64348
705 706 127443
326 327 121578
455 456 142447
578 579 109205
492 493 172661
744 745 66079
886 887 53768
306 307 174232
506 507 154915
320 321 136370
1 2 157208
134 135 114459
623 624 87225
537 538 57868
328 329 172874
258 259 46104
660 661 125510
923 924 121906
381 382 152521
861 862 129699
630 631 142266
967 968 131756
543 544 136502
385 386 95976
647 648 139405
127 128 116636
260 261 67651
356 357 68925
476 477 108712
500 501 127566
661 662 180948
733 734 132057
1 135 91845
142 143 77314
752 753 69295
682 683 123467
430 431 192898
970 1000 86507
254 255 100488
973 974 72018
502 503 131609
763 764 136398
1 86 145216
856 857 94736
889 890 211804
176 177 103261
58 59 126922
376 377 124253
696 697 61541
998 999 133758
858 1000 120498
523 524 76286
180 181 65550
882 1000 123369
145 146 60042
697 698 103998
191 192 103464
774 775 33786
464 465 115682
1 139 164595
907 908 195696
155 156 47511
525 526 143539
784 785 152133
71 72 166947
359 360 94608
21 22 93262
686 687 63064
88 89 137992
528 529 86513
850 851 146650
514 515 119562
1 44 183551
820 821 124603
89 90 122390
816 1000 69090
698 699 178886
740 741 196908
900 901 203555
703 704 125880
419 420 133174
793 794 162475
902 903 157277
183 184 83934
286 287 109871
347 348 126586
601 602 116511
594 595 109078
1 110 136012
544 545 98881
422 423 216555
225 226 69520
493 494 108692
248 249 132488
60 61 133822
702 703 115338
901 902 36356
140 141 101390
595 596 87484
198 199 92719
806 807 106038
268 269 164725
513 514 216270
957 1000 109389
768 769 89558
636 637 91247
616 617 195063
715 716 82667
128 129 171595
383 384 37646
729 730 158966
539 540 97221
30 31 106881
305 306 74063
780 781 137515
444 445 189046
416 417 144282
841 842 89386
1 183 178777
130 131 142985
783 784 143353
5 6 162836
398 399 147837
277 278 144687
795 796 82782
185 186 116267
483 484 143389
397 398 95557
139 140 127607
978 979 144788
551 552 101484
527 528 196756
949 950 176062
1 101 188011
745 746 113672
547 548 77994
561 562 164780
393 394 90246
936 937 149090
479 480 211846
1 140 171025
865 1000 110582
351 352 93427
981 982 42078
893 894 127891
112 113 167469
707 708 208871
390 391 174882
310 311 76455
384 385 195425
914 915 75359
641 642 137478
546 547 171288
1 24 130156
56 57 136398
1 196 137583
804 805 130336
710 711 69260
240 241 127079
330 331 86475
1 151 111679
874 1000 162666
207 208 132332
685 686 128828
1 30 181859
55 56 90495
226 227 154238
656 657 117679
318 319 133504
8 9 101189
414 415 199504
807 808 113124
931 932 125320
964 965 115242
264 265 152358
834 835 151994
984 1000 134365
9 10 151499
290 291 131300
728 729 152063
737 738 70610
287 288 59536
884 885 115183
761 762 103695
753 754 108646
501 502 102582
394 395 133919
417 418 94699
505 506 107272
489 490 152926
150 151 122282
295 296 187854
922 923 47161
529 530 117605
90 91 127543
195 196 137404
802 1000 140488
372 373 143603
352 353 181620
945 946 108847
447 448 135668
680 681 142671
621 622 135820
412 413 146352
754 755 206754
663 664 171383
4 5 76111
615 616 40865
209 210 130967
40 41 203427
388 389 150810
951 952 57531
1 193 178563
899 1000 79460
639 640 72101
530 531 149003
713 714 140148
584 585 103960
890 891 116869
635 636 100223
916 917 93531
518 519 99774
471 472 101523
370 371 145973
12 13 138657
214 215 130818
135 136 181971
181 182 111901
156 157 188423
28 29 68955
420 421 153782
946 1000 142174
83 84 56288
610 611 143362
391 392 136860
677 678 91251
91 92 91531
974 1000 141577
59 60 87621
164 165 110007
766 767 123699
235 236 121716
475 476 168825
212 213 134088
73 74 131672
566 567 101493
789 790 185179
2 3 105752
421 422 61876
76 77 75151
746 747 147523
633 634 133734
704 705 109938
770 771 95873
197 198 124804
935 1000 165594
104 105 91963
69 70 161922
613 614 125495
371 372 145218
138 139 167000
963 964 68516
932 1000 114066
894 1000 149650
300 301 181457
655 656 72988
428 429 139594
708 709 63977
960 961 190479
842 1000 101020
751 752 176473
891 1000 80642
608 609 73336
406 407 124267
224 225 119415
108 109 122922
280 281 107288
946 947 116341
596 597 175332
732 733 174983
951 1000 83967
1 190 105977
775 776 162578
50 51 171224
101 102 79491
1 165 94897
591 592 54833
220 221 96906
450 451 79661
54 55 104305
725 726 124951
877 878 89417
868 1000 137530
644 645 202828
982 983 137926
143 144 165901
418 419 85124
1 164 105134
452 453 144221
80 81 52937
237 238 162963
395 396 165645
149 150 77323
20 21 107795
755 756 61728
914 1000 74979
178 179 180913
933 934 59978
36 37 174720
362 363 118267
987 988 135545
874 875 116510
814 815 155644
311 312 155828
346 347 100412
117 118 91296
738 739 175529
380 381 109019
764 765 149848
283 284 191967
411 412 120876
658 659 131957
495 496 119041
193 194 88093
826 827 121089
624 625 127010
805 806 145282
333 334 127582
556 557 161565
1 106 174085
565 566 164549
669 670 94167
147 148 99957
1 61 160943
1 103 119178
256 257 183645
938 939 153344
587 588 181563
451 452 143283
837 838 154810
210 211 35766
343 344 153411
480 481 70782
622 623 180393
158 159 185838
512 513 66741
629 630 142226
386 387 85312
273 274 97945
948 949 141730
807 1000 86585
573 574 140365
765 766 120778
238 239 108282
459 460 151206
734 735 113450
962 963 215431
646 647 164498
585 586 172013
354 355 105854
315 316 57089
445 446 120691
448 449 101218
997 998 104414
53 54 187875
955 956 151706
1 7 200159
858 859 98959
859 860 129286
927 928 127315
1 10 182288
825 826 87158
799 800 93764
711 712 85126
466 467 152755
437 438 102206
798 799 165404
821 1000 113375
956 957 110887
863 864 86802
934 935 108588
1 32 112279
958 1000 84913
735 736 124226
105 106 185177
538 539 179674
897 898 72350
438 439 168988
121 122 158722
600 601 81253
78 79 151902
231 232 156423
924 925 197540
917 918 64067
988 989 93662
612 613 164097
118 119 193673
7 8 94805
196 197 149907
194 195 100065
620 621 95931
499 500 123765
366 367 159901
289 290 163881
510 511 117582
271 272 62553
723 724 195195
490 491 85213
895 1000 161411
941 942 206970
299 300 86513
46 47 103504
878 1000 117279
950 951 121633
905 1000 97952
1 157 165041
1 158 117745
668 669 170994
865 866 153472
759 760 44373
402 403 141454
921 922 111539
292 293 144853
345 346 220559
834 1000 104204
672 673 78260
589 590 85273
869 870 105456
614 615 156557
126 127 33398
678 679 89744
72 73 110138
478 479 115004
533 534 79284
1 197 157019
617 618 131917
387 388 124533
832 833 148445
586 587 65887
246 247 112853
309 310 169785
903 904 160643
336 337 104398
966 967 116229
218 219 107240
557 558 72217
925 926 109443
961 962 54974
526 527 30640
916 1000 77112
413 414 62473
200 201 63898
911 912 114891
93 94 111634
912 913 98098
435 436 113256
693 694 77105
637 638 175328
990 991 81214
129 130 89626
905 906 116553
1 105 110763
98 99 78833
407 408 76588
491 492 83172
465 466 139682
898 899 195186
979 980 130516
504 505 60719
247 248 66748
415 416 97256
477 478 55460
609 610 157078
102 103 93809
82 83 115421
70 71 98962
588 589 146650
642 643 75555
217 218 97676
992 993 55405
52 53 60338
891 892 48021
844 845 206137
569 570 127229
552 553 176529
373 374 128035
742 743 103869
604 605 172342
314 315 154245
576 577 59491
781 782 106912
517 518 64569
992 1000 102382
379 380 194631
473 474 126309
762 763 79679
790 791 102623
303 304 64419
659 660 43698
876 877 131194
110 111 140552
350 351 82458
19 20 185823
97 98 141372
888 889 99260
748 749 41860
202 203 132835
989 990 144781
316 317 100638
230 231 106320
175 176 165926
592 593 190026
125 126 171807
944 945 140046
802 803 144822
883 1000 106542
424 425 94450
727 728 101218
434 435 118994
667 668 110567
31 32 67836
432 433 96547
1 14 129381
953 954 209742
282 283 121293
938 1000 151945
1 74 173788
496 497 167712
812 813 170186
293 294 127033
628 629 53658
26 27 48266
182 183 197842
995 996 122735
1 126 191476
1 45 158215
801 802 106916
123 124 36006
339 340 105022
788 789 48453
249 250 118295
100 101 135153
875 876 194531
14 15 96653
364 365 77460
95 96 112752
144 145 137035
714 715 134602
605 606 60097
949 1000 135936
1 76 195129
665 666 94314
360 361 200613
843 1000 101483
821 822 102444
304 305 186455
457 458 121418
936 1000 171996
355 356 119246
332 333 38236
564 565 79572
722 723 90296
800 801 140435
467 468 142560
99 100 192437
760 761 173952
688 689 117024
327 328 129193
38 39 122770
119 120 125322
935 936 114710
167 168 80543
507 508 87724
739 740 38171
213 214 127563
367 368 87528
650 651 109154
892 1000 154815
1 184 142155
880 1000 165207
313 314 172928
335 336 128697
670 671 105323
952 953 98860
709 710 175957
27 28 219534
879 880 105801
687 688 101308
848 849 196912
978 1000 123543
511 512 99468
1 132 111416
23 24 112657
653 654 121380
767 768 110982
975 976 197277
662 663 89758
274 275 125378
958 959 99988
484 485 108763
68 69 105940
961 1000 105989
574 575 176996
1 25 116537
532 533 92028
885 886 118372
590 591 137986
631 632 169092
146 147 200656
1 155 175457
133 134 118192
116 117 59427
847 1000 91416
132 133 116166
285 286 196565
187 188 176526
219 220 138209
627 628 166759
731 732 68189
1 145 159216
1 83 180573
862 863 120473
276 277 80329
673 674 93345
851 852 110221
103 104 148591
932 933 145333
972 973 118984
173 174 65261
797 798 78916
357 358 147037
115 116 144091
994 995 207604
454 455 184450
618 619 84759
887 1000 148416
741 742 117630
201 202 142964
1 51 153211
486 487 107999
772 773 145963
777 778 159530
469 470 106498
488 489 163795
221 222 138570
679 680 156326
24 25 107979
597 598 83591
1 171 90560
184 185 86853
626 627 54399
1 178 114661
913 914 163114
676 677 127958
294 295 120066
1 136 152194
521 522 131715
580 581 194635
721 722 118728
6 7 127325
281 282 98225
582 583 141914
558 559 158935
508 509 111322
308 309 46607
810 811 90482
689 690 136761
433 434 148529
215 216 78720
234 235 169270
550 551 70581
833 834 148982
899 900 42484
720 721 154749
645 646 49520
67 68 93807
849 850 79255
275 276 101533
113 114 86768
910 911 189785
730 731 95814
261 262 160021
368 369 181130
904 905 114647
811 812 119918
341 342 131164
453 454 36402
77 78 118874
654 655 117148
242 243 89891
928 1000 114320
1 194 142165
878 879 95563
22 23 106301
681 682 49702
931 1000 116570
1 94 126744
827 1000 129235
222 223 135983
819 820 159765
870 871 111516
325 326 117418
971 1000 89689
1 118 102952
1 72 172092
153 154 102117
186 187 136057
288 289 142061
329 330 114433
940 941 38525
816 817 94446
773 774 189832
769 770 193307
106 107 98037
957 958 147666
1 119 175049
45 46 156768
374 375 103420
1 71 128606
840 841 184853
208 209 138798
579 580 82308
439 440 120757
442 443 69995
1 144 141015
161 162 173432
1 84 114611
236 237 64665
137 138 71278
17 18 185151
481 482 142267
1 48 137305
227 228 125771
190 191 172043
392 393 58067
959 1000 107124
719 720 131115
726 727 114938
785 786 57477
160 161 131642
509 510 196500
908 909 92341
867 868 143420
291 292 42789
344 345 37183
1 42 185853
1 115 168999
321 322 61420
965 1000 139724
1 18 187922
808 1000 95133
317 318 125170
522 523 143575
835 836 106734
823 824 149800
1 80 190867
302 303 158097
567 568 57916
926 927 103799
312 313 85405
853 854 119199
456 457 68030
440 441 61212
259 260 184491
929 930 94580
1 97 128669
319 320 147935
403 404 122539
189 190 53039
51 52 132925
270 271 155863
272 273 205862
943 944 143232
331 332 158224
443 444 147242
937 938 117974
365 366 128376
172 173 125171
65 66 175894
928 929 156118
223 224 147644
540 541 96637
930 931 109416
829 830 112486
363 364 126447
848 1000 168765
468 469 57167
960 1000 175206
964 1000 132891
825 1000 87272
62 63 146214
211 212 128614
148 149 124737
170 171 45062
706 707 82179
461 462 177015
358 359 120097
1 154 134544
515 516 91040
602 603 115288
904 1000 87194
503 504 176784
278 279 112204
838 1000 120705
872 1000 93273
939 940 157554
33 34 125045
216 217 171733
279 280 143801
611 612 59097
531 532 136829
307 308 133471
542 543 152262
818 1000 118699
1 181 109626
950 1000 82789
572 573 53090
553 554 129656
666 667 103565
999 1000 143276
498 499 114952
57 58 165603
980 981 122916
575 576 118852
228 229 142455
718 719 62737
577 578 164537
570 571 103895
792 793 117245
823 1000 105070
993 994 126011
269 270 58948
244 245 49879
786 787 125588
266 267 93365
852 853 106047
3 4 180161
868 869 178024
205 206 52575
42 43 130349
1 19 134340
85 86 90285
691 692 98678
657 658 194082
192 193 158136
671 672 213067
61 62 93155
13 14 108448
177 178 90494
298 299 106980
257 258 145536
972 1000 87970
976 977 50209
847 848 40390
535 536 131552
10 11 94128
463 464 61416
840 1000 134223
263 264 172472
808 809 117109
436 437 157905
159 160 41968
494 495 72179
338 339 88510
548 549 79142
827 828 156157
749 750 136876
253 254 138470
342 343 83955
813 814 92851
986 987 151125
977 978 163869
232 233 99249
845 1000 73288
984 985 123403
873 874 54488
124 125 159319
818 819 90363
606 607 155393
743 744 138134
109 110 72283
778 779 40741
425 426 180456
348 349 59684
640 641 179221
603 604 123830
497 498 116972
426 427 128537
1 79 173624
1 96 156958
648 649 111415
94 95 160734
638 639 109486
48 49 105099
583 584 100444
922 1000 92742
18 19 67550
162 163 75635
817 1000 101444
864 1000 134184
1 98 145676
1 93 140874
843 844 63333
114 115 137944
524 525 155419
695 696 168237
39 40 89908
382 383 107720
337 338 177627
683 684 150575
251 252 27877
1 122 174591
243 244 163487
204 205 117672
699 700 88999
107 108 151448
151 152 177947
571 572 180442
700 701 133356
925 1000 90157
872 873 115746
559 560 111785
169 170 185521
157 158 68470
446 447 62888
120 121 77077
794 795 106592
954 955 74759
664 665 84467
423 424 58796
349 350 200549
675 676 111204
782 783 129257
389 390 105228
15 16 218585
736 737 159147
323 324 59059
599 600 208468
250 251 179941
846 847 170311
649 650 104870
971 972 122833
965 966 120845
842 843 125968
883 884 152665
815 816 167247
378 379 97035
34 35 179768
482 483 62428
919 1000 133305
982 1000 170175
871 872 138288
828 829 140007
915 916 163648
301 302 63446
534 535 173878
838 839 80559
536 537 143345
431 432 65487
460 461 59053
803 804 138350
35 36 74843
11 12 93685
560 561 118972
866 867 42054
239 240 131306
111 112 115069
171 172 201827
881 882 93596
771 772 73695
284 285 59441
541 542 115489
163 164 116715
1 120 176784
894 895 104559
41 42 113902
643 644 74467
835 1000 79954
