1000 1160
551 552 189838
1 99 168112
411 412 143172
780 781 186869
749 750 219817
212 213 169870
904 1000 200984
536 537 195124
102 103 208121
1 133 223095
466 467 158400
123 124 181685
902 903 221531
864 865 155655
685 686 253787
981 1000 272094
852 853 218102
490 491 229623
266 267 252380
434 435 167038
360 361 203239
40 41 228110
910 911 237313
823 824 213210
249 250 137100
37 38 181571
713 714 235661
258 259 188373
838 839 245243
815 1000 307403
372 373 225992
477 478 215885
520 521 221654
325 326 207540
844 845 170547
311 312 241974
969 970 242563
209 210 240356
472 473 209576
158 159 217271
727 728 167457
308 309 239231
582 583 155785
136 137 251286
558 559 126227
863 864 304768
821 1000 293829
537 538 240021
427 428 222452
228 229 242493
221 222 161092
1 74 273962
296 297 116925
866 867 202244
830 1000 260538
859 860 187334
846 847 239433
95 96 295392
440 441 199177
471 472 223211
961 1000 317750
344 345 188480
151 152 163792
893 1000 220962
87 88 204130
875 876 297674
494 495 171909
358 359 137955
595 596 175350
264 265 243667
994 1000 292620
377 378 230789
952 953 303976
621 622 231127
832 833 279418
79 80 304472
448 449 278595
671 672 254774
612 613 189806
17 18 257223
880 881 228557
3 4 248361
214 215 126270
171 172 205177
631 632 224907
1 118 277070
865 866 232805
891 1000 243256
577 578 260527
445 446 291723
898 899 150505
503 504 184249
480 481 228198
438 439 221312
949 950 212359
313 314 236878
370 371 238819
529 530 132320
929 930 192755
11 12 269174
908 909 253218
303 304 257806
18 19 204272
500 501 293450
872 1000 251715
903 904 288320
977 978 192508
982 983 185727
668 669 140732
978 979 255620
115 116 210205
119 120 109544
1 198 175434
393 394 189568
200 201 223678
638 639 234973
231 232 319786
263 264 279422
349 350 168694
391 392 245386
882 883 110507
195 196 193992
376 377 317513
524 525 241637
585 586 185836
1 65 253264
686 687 157556
920 1000 194738
543 544 203977
717 718 177699
58 59 207609
527 528 332626
888 1000 253558
169 170 218316
394 395 261236
803 1000 282959
64 65 258286
238 239 226123
38 39 204048
739 740 237601
991 992 235579
883 884 199914
326 327 272435
666 667 168892
974 975 200536
357 358 262318
782 783 301853
352 353 221174
382 383 187961
389 390 156208
716 717 171292
623 624 266408
373 374 248918
252 253 212540
429 430 190961
871 872 277410
457 458 225982
746 747 192667
953 954 192910
876 877 173922
83 84 265688
23 24 130182
907 908 263733
889 890 275831
923 924 169426
948 1000 194747
198 199 241171
767 768 244860
408 409 202437
224 225 280968
813 1000 217193
268 269 274887
476 477 293540
180 181 183408
574 575 103896
641 642 225591
571 572 225228
81 82 218513
971 972 115472
656 657 190634
251 252 250673
392 393 163254
281 282 155250
217 218 219417
614 615 140948
463 464 261881
282 283 175080
96 97 184675
526 527 209858
611 612 247923
849 1000 287874
755 756 199785
403 404 266545
892 1000 260869
1 138 188555
897 1000 285528
30 31 287193
706 707 242566
97 98 204767
997 998 147113
973 974 231376
6 7 188947
525 526 172978
894 1000 243000
833 834 212210
374 375 291792
280 281 255598
181 182 277290
131 132 232208
335 336 219816
1 50 189658
847 1000 284962
452 453 164760
1 79 133153
550 551 331128
822 823 245637
862 1000 259938
825 1000 243976
506 507 242115
511 512 156073
1 153 212196
728 729 214993
986 987 171042
33 34 160993
821 822 233609
956 957 242364
106 107 221771
1 147 242867
43 44 174618
240 241 294882
34 35 254399
435 436 242655
976 977 267857
965 1000 314862
781 782 181419
545 546 161100
998 999 214503
906 907 145545
891 892 282003
894 895 207170
678 679 199487
1 135 112826
187 188 326094
63 64 267080
853 854 230505
442 443 341250
45 46 296919
603 604 250932
857 858 217734
927 928 149202
378 379 142067
327 328 131809
125 126 243208
811 1000 258766
316 317 149483
539 540 285503
542 543 301387
461 462 209157
994 995 255168
1 187 155267
770 771 252709
380 381 199299
450 451 349149
704 705 229387
692 693 260971
554 555 178710
100 101 165224
812 1000 240700
604 605 259110
230 231 217929
850 1000 293131
73 74 266302
1 190 240822
826 1000 324214
156 157 270878
768 769 119852
172 173 215385
904 905 207426
848 849 198151
203 204 154089
294 295 227307
1 100 173450
845 846 251465
528 529 177382
726 727 279670
302 303 201057
322 323 303510
675 676 193674
215 216 203133
232 233 204746
1 115 236445
772 773 193942
1 176 165479
975 976 133815
10 11 192872
752 753 199154
764 765 264101
804 805 192331
952 1000 312205
24 25 264494
1 107 258166
4 5 185753
9 10 173095
879 880 251855
262 263 222376
1 37 151905
588 589 297604
957 958 124181
261 262 221102
285 286 326128
488 489 238775
1 16 250746
1 124 146461
720 721 242210
594 595 292388
783 784 184491
636 637 196243
166 167 228734
204 205 273011
1 94 240699
919 920 284824
635 636 314771
299 300 283835
431 432 152545
419 420 263149
141 142 264323
660 661 212311
989 990 243916
257 258 238141
213 214 250965
557 558 309093
579 580 268153
245 246 220455
332 333 250056
1 123 194884
715 716 263780
456 457 157620
684 685 225513
964 965 157283
1 111 123858
194 195 308555
784 785 195283
760 761 243583
295 296 265884
789 790 322546
223 224 241027
117 118 265254
199 200 232041
85 86 222000
887 888 261584
858 1000 230590
620 621 261687
951 952 180650
1 13 171088
1 25 245564
1 142 210497
86 87 246940
935 1000 299792
556 557 199364
307 308 235659
601 602 219147
369 370 214984
566 567 231042
937 938 234886
803 804 218444
99 100 224757
515 516 221040
517 518 151527
1 165 204910
143 144 142810
347 348 178684
513 514 228353
314 315 154606
207 208 294036
942 943 153753
433 434 225105
521 522 178079
759 760 160914
816 1000 279673
984 1000 324980
699 700 138514
531 532 125580
1 49 188851
465 466 336363
5 6 219286
738 739 166388
301 302 217773
355 356 230212
583 584 165685
564 565 151004
362 363 229444
747 748 232865
485 486 306404
924 925 207889
126 127 170450
860 861 226228
963 964 156362
820 1000 211136
972 973 242563
762 763 172276
923 1000 207881
669 670 239642
324 325 187112
943 1000 241672
244 245 198379
627 628 212248
642 643 157508
1 199 158376
546 547 312642
856 857 222053
1 83 206952
20 21 250520
861 862 142730
947 1000 304909
750 751 232622
210 211 246968
469 470 284934
925 926 222052
441 442 122360
688 689 277000
289 290 119700
71 72 263115
188 189 189063
941 1000 250957
941 942 179968
13 14 164085
321 322 139895
900 901 245076
270 271 234575
275 276 236434
1 137 228306
799 800 203258
346 347 267477
365 366 151633
159 160 198256
729 730 298781
1 12 207317
340 341 158391
42 43 297614
246 247 157338
1 156 261114
568 569 212510
687 688 247718
1 125 132394
586 587 233719
1 175 196112
587 588 216160
576 577 196144
484 485 239756
491 492 236725
225 226 164823
242 243 185492
741 742 309001
629 630 203534
518 519 246387
179 180 312743
259 260 234639
679 680 245028
184 185 250540
624 625 179886
396 397 243002
69 70 148428
46 47 220653
148 149 180068
61 62 207460
703 704 270002
439 440 288054
915 916 267576
68 69 287540
495 496 252560
400 401 143962
454 455 223448
93 94 209874
1 40 149287
26 27 182816
973 1000 255631
630 631 177932
1 91 249211
345 346 269206
59 60 201273
256 257 230472
309 310 275790
192 193 106737
460 461 246500
1 76 249800
14 15 197492
32 33 299428
453 454 265351
139 140 244837
65 66 203515
673 674 200743
753 754 227093
315 316 309109
197 198 199828
888 889 224560
1 196 147012
253 254 216337
599 600 290014
222 223 166586
428 429 226718
1 180 221501
652 653 256543
584 585 274102
112 113 241261
945 946 193938
16 17 189564
532 533 188045
498 499 166532
47 48 274206
175 176 132874
555 556 176021
979 980 228090
164 165 205819
74 75 188377
459 460 224698
468 469 210470
1 131 204960
878 879 218398
540 541 277223
505 506 111873
36 37 189194
233 234 191886
983 984 212679
862 863 244232
807 808 193933
933 1000 251832
756 757 283664
957 1000 221360
157 158 105842
48 49 176685
869 870 286497
92 93 248984
820 821 209144
812 813 204313
277 278 171712
235 236 224319
2 3 162828
381 382 167241
122 123 273210
691 692 164211
118 119 252753
504 505 173581
351 352 180024
155 156 222183
597 598 158107
896 897 181255
384 385 284660
730 731 203450
569 570 163006
695 696 255147
814 1000 252647
538 539 122563
826 827 196777
802 803 210552
104 105 265222
208 209 201631
593 594 134444
549 550 217164
1 56 172739
709 710 190715
516 517 262040
8 9 262657
897 898 173011
130 131 195484
553 554 120046
965 966 242050
205 206 183735
239 240 154203
778 779 321505
160 161 178627
580 581 188204
948 949 166635
993 994 244882
19 20 196524
21 22 174798
278 279 230002
701 702 219796
968 1000 275294
523 524 196223
617 618 263047
218 219 249041
754 755 146981
241 242 175356
926 927 280977
921 922 250568
1 87 223800
189 190 196708
708 709 283405
80 81 146337
872 873 146509
560 561 232481
417 418 187194
328 329 229652
414 415 213830
843 1000 218501
121 122 185599
478 479 233713
606 607 271961
933 934 236580
341 342 266323
418 419 198514
827 1000 310464
800 801 264699
920 921 188105
936 937 188037
817 818 222215
162 163 263112
559 560 272367
138 139 150663
323 324 160918
677 678 195712
56 57 225862
565 566 306586
293 294 283944
216 217 199778
447 448 207205
90 91 267272
399 400 208828
710 711 189537
103 104 135480
905 1000 220232
697 698 217420
479 480 233303
769 770 241360
317 318 272439
183 184 164919
575 576 215883
191 192 326277
348 349 268105
609 610 131640
1 27 206901
869 1000 309984
128 129 239077
613 614 207605
397 398 230658
982 1000 288018
615 616 219384
211 212 246457
842 843 137610
25 26 229883
758 759 320608
600 601 213429
970 1000 325763
775 776 231554
27 28 294277
1 134 157552
496 497 266514
1 130 245369
52 53 334298
458 459 102605
605 606 207415
1 34 98469
502 503 204340
705 706 169973
874 875 146366
237 238 330322
470 471 149855
432 433 271646
873 874 311592
7 8 212995
371 372 121179
868 869 197465
55 56 155660
283 284 242058
330 331 300540
168 169 186862
60 61 272465
514 515 255958
951 1000 256077
310 311 196800
276 277 208598
76 77 234516
185 186 214296
319 320 228221
398 399 239891
219 220 154862
424 425 253507
831 832 154161
145 146 279839
173 174 125501
581 582 288839
851 852 235028
837 1000 298249
855 1000 310287
535 536 258752
907 1000 244261
67 68 108035
1 85 163111
135 136 225565
992 1000 269158
877 1000 294437
127 128 242998
509 510 286095
39 40 225940
482 483 236124
91 92 178032
946 1000 311472
909 910 159140
234 235 218871
786 787 185030
962 963 249360
836 837 196520
646 647 167759
111 112 270722
1 141 169771
895 1000 304400
886 887 186185
497 498 261035
533 534 180194
680 681 199341
1 145 240428
82 83 207040
1 192 255350
388 389 292954
406 407 250729
985 986 174291
133 134 182712
379 380 266122
519 520 225177
847 848 226540
271 272 260196
534 535 225869
385 386 118357
572 573 202108
1 120 153614
712 713 293792
793 794 234795
287 288 118308
737 738 226433
161 162 305947
912 913 184016
144 145 282858
163 164 264221
267 268 175812
946 947 273807
292 293 194253
44 45 215114
77 78 177221
813 814 295948
883 1000 297536
446 447 105861
489 490 159646
808 809 202327
823 1000 334607
220 221 194633
798 799 244677
658 659 223260
129 130 240847
182 183 163810
437 438 132178
591 592 223852
731 732 250515
167 168 225709
610 611 227372
507 508 173154
274 275 284422
410 411 254598
298 299 186777
105 106 201455
958 959 175708
578 579 159479
911 912 252555
944 1000 270370
971 1000 192106
107 108 180529
733 734 129287
698 699 250206
108 109 117307
41 42 207926
474 475 191041
116 117 274283
637 638 176467
89 90 232188
619 620 270517
1 101 170906
501 502 175642
493 494 308836
62 63 219195
1 33 182942
401 402 255687
970 971 312974
146 147 194123
1 73 172832
690 691 246117
190 191 126837
934 1000 227558
1 164 155861
329 330 248681
1 92 182097
1 154 226688
840 841 263248
229 230 167954
939 940 302519
306 307 189335
331 332 235351
354 355 204971
464 465 221437
563 564 206004
935 936 245065
763 764 195641
412 413 284006
634 635 158037
903 1000 303012
288 289 272251
996 1000 205012
643 644 250126
914 915 159814
70 71 235114
567 568 244469
616 617 233326
724 725 218850
142 143 240422
425 426 268199
395 396 290700
748 749 187946
622 623 214017
940 941 245309
765 766 284519
548 549 175799
725 726 136454
885 886 170650
547 548 207672
790 791 180921
202 203 254546
661 662 231164
792 793 199018
120 121 306456
426 427 200721
1 126 178102
570 571 320555
467 468 170545
777 778 153903
269 270 152759
152 153 293923
1 174 103829
455 456 204851
304 305 216504
312 313 256846
650 651 169512
592 593 192469
702 703 184868
681 682 179450
664 665 147607
140 141 189994
618 619 194391
809 810 238632
272 273 225077
822 1000 268866
29 30 194448
339 340 308552
300 301 170569
1 30 183558
1 41 118382
552 553 218152
707 708 190626
443 444 173567
827 828 288700
186 187 158931
50 51 129018
110 111 169420
386 387 309003
771 772 244117
481 482 260256
655 656 324572
961 962 233773
934 935 155461
947 948 243997
113 114 136338
723 724 213859
740 741 209454
247 248 221970
510 511 174531
512 513 297954
918 919 153333
226 227 197019
367 368 201810
696 697 154505
265 266 229611
693 694 225064
279 280 204708
473 474 257918
736 737 244402
57 58 171401
959 960 264262
363 364 253840
662 663 258387
651 652 292717
356 357 171302
487 488 160767
922 923 248693
818 819 216759
683 684 214409
843 844 226171
415 416 223718
337 338 262996
939 1000 297999
353 354 243515
932 933 233611
541 542 200027
522 523 249462
430 431 251036
899 900 263817
676 677 230570
1 104 157272
486 487 236651
828 829 147339
174 175 288395
1 151 135907
795 796 153982
849 850 227464
404 405 178944
884 885 266214
250 251 210421
1 38 173190
835 836 215942
54 55 279114
243 244 268846
960 961 148087
954 955 200580
670 671 232240
700 701 255060
930 931 249567
1 26 223436
785 786 174704
1 197 218466
881 882 253206
968 969 213774
984 985 319075
788 789 226343
818 1000 257350
815 816 178987
694 695 241410
150 151 252259
334 335 148722
995 996 235314
890 891 182873
841 842 231710
745 746 195438
999 1000 343728
291 292 286839
84 85 224300
911 1000 285986
988 1000 248547
1 186 216711
1 121 146703
422 423 191726
405 406 203846
928 929 247406
170 171 221049
508 509 268740
1 144 184435
598 599 202677
901 902 126356
402 403 234099
375 376 149061
895 896 280925
562 563 245594
779 780 213387
657 658 267155
672 673 202670
320 321 236105
227 228 265870
318 319 179185
421 422 255443
451 452 202037
260 261 259282
814 815 128027
483 484 239338
810 1000 245040
938 939 261646
22 23 274950
343 344 249994
980 981 181085
176 177 288654
132 133 237602
810 811 223380
420 421 218516
633 634 250893
659 660 244225
255 256 185085
297 298 244578
248 249 320909
787 788 167715
892 893 176572
1 95 164466
801 802 206952
645 646 248127
49 50 262892
383 384 198565
28 29 204878
742 743 228447
931 932 170591
830 831 201414
134 135 207891
805 806 208271
51 52 236103
390 391 266360
718 719 282731
734 735 332900
761 762 171893
98 99 293494
596 597 207104
149 150 225491
196 197 211594
31 32 171832
794 795 266591
854 855 179210
78 79 134832
663 664 236909
147 148 142904
305 306 259263
858 859 194710
711 712 197394
1 2 210387
589 590 242382
1 17 210765
368 369 301786
94 95 147883
743 744 212867
996 997 230313
462 463 279874
254 255 201080
436 437 303623
689 690 198814
682 683 334384
338 339 201770
773 774 307343
236 237 160492
350 351 261549
409 410 174091
870 871 162790
366 367 333205
1 69 160128
825 826 259073
950 951 314247
653 654 204332
12 13 225099
875 1000 274991
905 906 220899
530 531 281976
342 343 175676
206 207 212369
1 58 177069
359 360 263141
416 417 252328
544 545 225775
333 334 187178
1 108 172837
990 991 105157
573 574 222221
719 720 146289
639 640 182329
1 15 137052
153 154 201580
644 645 230186
967 968 162835
987 1000 282016
607 608 167840
943 944 256926
649 650 206770
177 178 167695
1 178 175713
475 476 126590
114 115 306060
811 812 241211
492 493 165245
66 67 275887
154 155 213925
992 993 207644
407 408 286792
988 989 176067
625 626 297128
751 752 253379
893 894 229526
632 633 196262
72 73 256764
987 988 215132
839 840 174688
735 736 172374
1 172 177146
15 16 265516
824 825 241393
816 817 234298
806 807 281715
336 337 164225
757 758 177125
842 1000 186085
791 792 222680
273 274 161930
714 715 149275
290 291 291265
1 98 195391
985 1000 186707
940 1000 247024
124 125 212107
732 733 267894
75 76 288868
499 500 224891
284 285 161703
361 362 202135
829 830 232320
387 388 106151
1 14 116552
1 184 92012
674 675 185705
364 365 270683
906 1000 183767
774 775 195031
628 629 282491
776 777 206092
590 591 191175
201 202 288387
913 914 270470
797 798 166827
413 414 204233
109 110 221438
665 666 284966
1 11 136769
867 868 251975
193 194 246157
819 820 244503
955 956 216437
35 36 270338
850 851 299250
286 287 152131
766 767 175955
837 838 234367
178 179 164196
1 113 179725
1 169 135785
966 967 323845
101 102 264625
602 603 149836
916 917 140376
877 878 304959
744 745 235792
834 835 274854
917 918 160575
640 641 319062
796 797 319898
944 945 240311
667 668 237226
855 856 259061
88 89 199025
423 424 225295
449 450 173643
444 445 170406
647 648 181161
53 54 205879
721 722 219843
137 138 257016
626 627 214369
1 132 179789
654 655 186680
981 982 287826
648 649 250934
561 562 245600
608 609 280281
722 723 233162
165 166 184377
