1000 1245
966 969 179921
927 928 221099
341 342 141490
915 916 74994
677 679 249523
559 560 190463
584 585 224985
418 419 146521
255 256 103465
390 391 197938
673 674 122283
190 191 148074
16 17 169401
491 492 202998
163 164 138257
396 397 63135
943 944 199859
611 615 196248
810 811 121188
1 97 211117
544 545 242281
1 64 204793
486 487 132277
844 1000 182930
581 582 173911
445 446 248808
632 633 125911
136 137 193767
185 186 172716
303 304 148837
43 44 177844
590 591 147222
579 580 206544
279 280 202732
1 22 76079
830 831 193424
350 351 228331
711 712 205768
768 769 196443
723 724 210262
914 915 213345
78 79 168524
1 57 197583
786 787 128024
121 122 227190
438 441 63858
688 689 162554
301 302 143415
469 470 144051
624 625 121961
854 1000 179450
147 148 224614
155 156 134224
461 464 188086
668 669 106143
665 666 282981
602 603 176058
969 975 147060
470 471 116925
591 592 172008
338 339 156296
498 499 145177
39 40 191344
342 349 114297
88 89 160607
50 51 111676
530 531 119743
125 126 209736
970 971 234225
939 940 238620
288 289 152810
682 683 285806
244 245 50684
607 608 82080
420 421 185727
405 406 149672
672 673 165142
798 799 174597
488 489 190251
887 888 224820
243 244 218814
448 449 165175
177 178 130553
926 927 234889
564 565 54491
340 341 193714
1 61 202858
512 513 164852
693 694 146559
936 937 139140
968 969 195444
842 843 75612
118 119 175971
687 688 147603
18 19 180270
839 840 152895
880 881 214085
342 343 129267
979 1000 184368
117 118 202220
713 714 205291
231 232 95941
94 95 175837
30 31 51607
520 525 211267
848 849 175425
487 488 230852
770 771 163889
547 548 197042
1 65 185427
1 130 83772
784 785 186503
619 620 158862
508 509 158702
46 47 153808
82 83 169299
974 975 195422
387 388 161235
870 871 165951
996 997 244906
290 291 260925
461 462 152024
123 124 205566
976 977 207995
757 758 154055
890 891 144475
5 6 188258
760 761 192610
627 628 88406
190 192 78095
744 745 130121
616 617 177640
1 128 76356
697 698 192648
383 384 216019
695 696 86356
369 370 113980
863 864 129371
3 4 141303
20 21 128421
438 439 97649
189 190 131673
978 1000 158340
1 197 147441
840 841 136321
6 7 144824
778 779 187964
407 408 97621
846 1000 171878
348 349 162104
1 170 185652
738 739 100945
404 405 162736
178 179 183338
327 328 134248
384 385 65186
1 62 114107
982 983 157929
181 182 108498
982 1000 211837
649 650 177087
411 412 29619
268 269 198163
652 653 184333
980 981 83191
354 355 157817
844 845 94561
1 157 186227
659 660 165270
742 743 140538
631 638 155926
997 1000 81785
918 919 143529
492 493 258943
546 549 202619
335 336 137566
153 154 141708
47 52 206092
1 183 193262
895 896 101259
1 150 141047
414 415 106165
617 618 227404
750 751 129411
540 541 97554
361 362 136054
175 176 128734
1 180 159368
1 136 159715
428 429 195975
560 561 109562
142 143 193523
984 985 167218
263 264 158994
112 113 198615
802 803 94277
574 575 218360
391 392 109605
685 686 131994
284 285 98341
510 511 83311
730 731 218976
36 37 173187
953 1000 127145
466 467 91573
630 631 173021
362 363 73978
368 369 233033
698 699 174946
314 315 191848
933 1000 149005
1 174 111365
780 781 147596
538 539 170051
797 798 83536
1 179 213224
751 752 148540
814 815 98564
952 1000 156210
589 596 189029
505 506 195041
174 175 277800
811 812 157442
258 259 101102
89 90 255446
108 109 171514
846 847 133181
774 775 183989
254 255 178472
232 233 173163
879 880 204700
292 293 160791
993 994 105848
70 71 106129
394 395 92564
967 1000 160337
839 1000 205319
898 899 201822
7 8 186252
250 251 176350
195 196 142247
432 433 141442
754 755 133531
514 515 205106
833 834 184549
1 122 146617
863 1000 152234
1 134 160346
246 247 118460
304 305 233670
910 911 102744
640 641 160567
804 805 177322
493 494 60890
679 682 116819
834 835 225659
600 601 161994
278 279 202075
227 228 158502
399 400 99120
67 68 188412
859 1000 130313
344 345 98823
542 543 135076
696 697 261479
639 640 160732
238 239 116477
767 768 144296
842 1000 137537
477 478 221092
783 790 230039
790 791 179884
452 453 163117
80 81 164211
76 77 194233
872 873 204771
45 46 77479
511 512 138675
233 234 159871
1 43 135166
995 996 130548
642 643 162423
707 708 193253
302 303 53762
374 375 131003
392 393 225291
1 12 180928
1 27 203943
416 417 218541
971 975 141852
402 403 144175
235 236 204405
140 141 151907
239 244 291579
35 36 163409
234 235 90862
129 130 71119
865 1000 120568
550 551 112058
828 829 158876
577 578 162597
974 980 254037
33 34 207178
473 474 253342
79 80 147897
489 490 105558
423 429 156157
612 617 228107
560 566 156851
38 39 47938
13 14 133691
9 10 103904
930 931 154458
311 312 214951
731 732 180788
102 103 97210
447 448 168162
859 860 114255
837 838 166858
517 518 139584
873 874 117321
804 1000 227270
372 373 155004
978 979 142336
569 570 128564
4 5 241012
700 701 61932
900 901 131519
570 571 138308
1 42 88691
928 932 151955
913 914 249579
722 723 250313
1 49 190044
84 85 182153
876 877 152323
694 695 206131
419 420 191150
365 366 183919
725 726 238091
480 481 102558
222 223 174748
917 918 197790
817 818 265182
138 139 233842
217 218 175965
516 517 238248
438 442 177369
759 760 109800
717 718 252227
781 782 98811
892 1000 194118
692 693 179465
651 652 130728
275 276 205557
951 1000 179845
596 597 113349
847 848 182656
614 615 127754
532 533 134632
855 1000 175497
954 1000 235163
523 524 181694
377 378 167139
241 242 177769
948 949 168696
796 797 230650
557 558 133734
546 547 96870
308 309 145139
921 922 87067
454 455 204197
575 576 210448
192 193 194892
892 897 211077
593 594 156398
1 171 160878
11 12 217178
37 38 125789
360 361 99695
952 953 135071
888 1000 94887
888 889 134517
806 807 141971
315 316 95574
645 646 224576
266 267 173593
427 428 137173
527 528 238558
1 160 116165
1 29 199979
375 376 113592
573 574 203101
349 350 168673
740 741 195121
771 772 104882
240 241 139823
648 649 181597
370 371 203548
85 86 198521
912 1000 179311
451 452 72501
868 869 83548
568 569 217272
484 485 216451
853 854 173879
758 759 138708
595 596 240700
823 824 226129
436 437 183909
779 780 230931
429 430 166034
385 386 162582
874 879 180711
761 762 70860
566 567 175593
624 631 214899
166 167 171022
603 604 185435
515 516 74660
464 465 134909
580 581 118292
956 1000 242085
985 1000 127423
31 32 183314
160 161 176790
572 573 187650
1 82 165977
408 409 151406
393 394 153528
476 477 136021
818 1000 89758
149 150 97765
52 53 241772
71 72 150670
1 145 131826
681 682 185759
594 595 194424
128 129 259894
397 398 200811
49 50 132859
1 99 166113
465 466 237703
966 967 149812
677 678 152160
176 177 165155
443 444 160969
938 939 194024
401 402 245593
679 680 178493
96 97 205718
305 306 171187
346 347 129878
587 593 134983
1 141 219281
926 1000 205626
1 185 128053
553 554 166411
75 76 101003
799 800 105243
925 926 71501
264 265 142782
871 872 168272
877 878 209894
324 325 117408
609 610 156249
150 151 140356
472 477 109776
981 982 114131
870 1000 116975
604 605 192720
809 1000 238315
64 65 103607
251 255 103005
320 321 182597
803 1000 132420
928 934 100701
671 672 155104
815 816 131439
766 767 214087
812 1000 218230
1 103 236783
898 1000 169612
929 1000 148718
664 665 126352
959 960 137608
478 479 51214
883 884 267396
439 440 88958
1 143 194398
1 156 191289
1 72 177054
109 110 236298
289 290 150699
529 530 232495
319 320 94010
845 846 207491
1 120 149206
356 357 216936
330 331 261952
1 161 119651
958 959 218633
180 181 150654
635 636 104404
400 401 148430
328 329 167950
41 42 102447
944 945 230606
979 984 128766
864 865 254160
668 671 205594
474 480 146791
291 292 106875
120 121 164581
475 476 184477
534 535 94143
521 522 42033
347 348 121781
205 206 97325
336 337 249142
716 717 137429
116 117 39812
800 801 279850
105 106 179089
44 45 233028
610 611 198789
519 520 137434
12 13 107937
496 497 84264
994 995 185398
187 188 170331
139 140 201409
941 942 115199
531 532 175375
998 999 182948
869 870 214982
753 754 194708
715 716 244530
628 629 260011
65 66 160265
868 1000 157397
135 136 110438
816 817 94278
965 966 158945
950 1000 137070
845 1000 181676
971 1000 164727
686 687 243669
709 710 151214
989 990 106349
125 128 79143
832 1000 187338
755 756 130463
945 946 113131
262 263 84052
92 93 137490
856 857 133220
835 836 111322
776 777 155355
731 736 38493
424 425 119410
386 387 176633
86 87 232702
705 706 188067
986 988 133698
636 637 207271
214 215 115762
945 1000 117920
179 180 125146
380 381 97685
791 792 163873
158 159 190775
746 747 114559
245 246 197440
667 674 153978
634 635 166966
545 546 158720
901 902 204133
345 346 273463
658 659 172864
134 135 114069
734 735 186586
656 657 169564
277 278 131746
165 166 186592
536 537 241563
1 69 136024
522 523 208399
535 536 167238
644 645 91399
164 165 139444
307 308 216221
857 861 189640
665 671 261260
265 266 131208
430 431 108705
975 976 171530
640 642 98314
280 284 155647
237 238 187658
73 74 176795
495 496 156154
528 529 59683
434 435 197368
675 676 91339
684 685 170852
558 559 240962
152 153 152329
749 750 124599
1 32 180374
666 667 65805
922 923 196959
738 741 113046
900 1000 157043
114 115 177883
901 1000 219176
908 1000 144297
1 10 81144
1 153 140428
942 1000 171924
641 642 157220
629 630 122493
80 85 206286
1 190 216793
902 903 157198
51 52 116897
119 124 193025
325 326 220364
457 458 133740
310 311 224901
924 925 239341
589 590 105211
704 705 74818
558 561 150421
417 418 190653
299 300 260958
899 900 82446
137 138 178093
543 544 137735
95 96 138446
613 614 179906
637 638 135242
919 920 125665
963 964 191102
975 1000 164736
588 592 120239
389 390 141554
701 702 182598
974 1000 196348
676 677 173329
293 294 206016
708 709 157151
124 125 73624
422 426 157121
357 358 187803
69 70 196511
77 78 171855
458 459 205138
29 30 195711
253 254 136146
663 664 212139
373 374 213244
337 338 92252
658 662 150753
459 460 151632
867 1000 173736
785 786 136096
826 1000 206747
980 1000 149878
151 152 220532
599 600 222777
601 602 152849
1 19 216607
833 1000 208381
626 631 253202
252 253 118043
791 797 119800
90 91 174575
273 274 154434
104 108 148118
832 833 142575
930 1000 182440
979 980 269674
973 974 235716
618 619 110253
795 796 130967
26 27 205074
379 380 197669
483 484 206858
1 195 159634
1 20 222483
72 73 133242
914 1000 106100
769 770 164665
501 502 151665
858 859 142120
270 271 113182
426 427 158208
381 382 243711
22 23 205060
499 500 127805
496 500 106190
813 814 207729
450 451 188245
242 243 101331
400 404 190113
169 170 154418
376 377 230001
885 886 205945
556 557 149963
948 1000 230468
737 738 185607
736 737 187046
502 503 222899
1 2 144673
423 424 185613
55 56 210443
857 858 195461
1 90 204006
520 521 162278
960 961 205642
632 635 213317
131 132 106187
286 287 171597
440 441 209072
267 268 114979
608 609 130712
171 172 250258
69 74 244563
504 505 108978
743 744 140941
413 414 160541
306 307 165507
838 1000 145506
825 826 142181
145 146 147367
72 77 189487
727 732 178019
221 222 179055
439 446 154094
721 722 180110
146 147 58660
942 943 127555
733 734 226915
605 606 188689
524 525 250336
612 613 214105
819 820 124695
892 893 171093
1 66 160398
351 352 87623
494 495 133780
133 134 192116
208 209 133864
789 790 171268
294 295 103100
552 553 179713
801 802 126223
719 720 177963
788 789 244623
576 577 118716
248 249 183191
829 1000 79500
503 504 226065
21 22 160679
406 407 173650
199 200 139436
182 183 142605
107 108 143894
170 171 111752
598 603 104724
878 879 111560
893 894 176779
860 861 231391
444 445 110197
854 855 93061
884 885 81803
56 57 141691
929 930 155624
897 898 233091
585 586 146271
990 991 185117
683 684 118012
940 941 185918
533 534 174134
764 765 213838
313 314 211300
735 736 78121
805 806 196234
678 679 249482
216 217 170042
17 18 200947
23 24 103123
339 340 180009
988 989 153040
964 965 130327
741 742 203326
968 1000 216286
300 301 109807
831 832 90810
986 987 100136
739 740 92361
908 909 83439
936 1000 159096
200 201 138396
98 99 123066
830 1000 150725
24 25 242527
13 16 132362
122 123 206503
506 507 79130
931 932 166363
157 158 185805
343 344 166228
620 621 159358
712 713 104941
875 1000 102962
747 748 120260
718 719 131411
421 422 103545
201 202 156765
647 648 101463
728 729 202098
862 863 182415
456 457 193614
301 303 78123
1 40 232198
198 199 186981
239 240 171779
969 970 87861
539 540 172057
745 746 94767
196 197 188642
126 127 187266
626 627 240140
211 212 161031
946 947 201862
625 626 175993
433 434 125049
48 49 256993
611 612 122519
775 776 125180
127 128 134201
904 905 124055
841 1000 207528
758 762 122812
161 162 223385
188 189 132307
53 54 152309
638 639 181127
820 821 75737
61 62 132412
410 411 168195
1 188 152501
954 955 233909
183 184 122855
298 299 118035
655 656 201421
752 753 117999
513 514 117693
220 221 117103
14 15 119403
881 882 194974
167 168 160002
280 281 99166
422 423 125095
732 733 138690
787 788 78907
316 317 146857
947 948 73608
326 327 97924
115 116 143875
563 564 200834
1 38 223805
297 298 89838
1 121 114221
225 226 138692
598 599 43661
537 538 43734
287 288 209981
836 837 114173
1 52 171045
184 185 134048
827 828 188337
526 527 152789
40 41 88314
987 988 195054
794 795 118188
843 844 261123
172 173 181105
992 993 181837
977 978 147008
971 972 152163
689 690 154650
680 681 111046
382 383 93058
703 704 227046
724 725 170987
783 784 247154
271 272 202221
991 1000 188231
144 145 255184
260 261 221538
159 160 157414
173 174 82622
148 149 168462
525 526 94627
317 318 205126
874 875 210762
582 583 137246
812 813 213401
463 465 130462
500 501 247728
329 330 166667
230 231 258037
206 207 201571
296 297 196294
32 33 162619
778 782 155864
662 663 101018
472 473 108776
507 508 123828
803 804 151878
615 616 165722
363 364 194656
229 230 134117
814 1000 121397
772 773 203976
467 468 224544
912 913 114200
1 152 229604
256 257 199518
295 296 90609
285 286 259840
588 589 149929
909 910 278292
761 766 112448
449 450 250280
455 456 135889
355 356 129433
27 28 76708
415 419 198984
215 216 139917
1 11 157199
269 270 189332
866 867 196302
949 950 158462
1 80 102701
809 810 262244
940 1000 131246
219 220 231598
249 250 57956
765 766 48192
463 464 136731
113 114 124607
643 644 205841
951 952 121612
996 1000 147149
381 387 241286
792 793 102690
226 227 124614
1 48 114015
1 155 166207
950 951 180155
66 67 205886
650 652 122771
992 1000 133627
937 938 159627
1 192 157794
74 75 191432
972 973 116001
920 921 201603
967 968 97483
395 396 200519
441 442 204432
446 447 144044
442 443 49169
961 962 124385
934 1000 156605
824 825 145206
119 120 83019
850 851 124704
793 794 174970
956 957 207700
275 280 220144
228 229 179864
97 98 238675
1 108 75648
674 675 193470
867 868 254010
359 364 185941
903 904 145021
272 273 176716
388 389 182705
318 319 130351
62 63 140238
726 727 158843
210 211 179820
8 9 68143
378 379 180738
862 1000 248580
928 929 129354
60 61 133002
57 58 174877
1 148 99429
720 721 169829
706 707 123871
154 155 250657
518 519 192337
141 142 88703
371 372 184756
334 335 182045
229 232 197001
583 584 90186
805 1000 157894
953 954 76500
358 359 147891
331 332 127475
718 722 160587
896 897 220563
653 654 189281
962 963 162465
861 862 112168
509 510 260887
654 655 93343
933 934 109789
911 912 225103
251 252 180069
622 623 216884
162 163 151752
93 94 116328
571 572 103340
412 413 219653
83 86 134207
621 622 115131
623 624 179832
247 248 119655
690 691 158418
756 757 203199
667 668 287320
204 205 212500
101 102 253946
597 598 184614
130 131 203017
777 778 60393
650 651 173984
19 20 133929
281 282 260985
1 149 213565
865 866 141000
762 763 168988
973 1000 215716
191 192 69185
100 101 100707
87 88 105102
906 1000 161721
932 933 181922
895 1000 139241
592 593 59780
47 48 214530
103 104 112762
132 133 101934
935 936 281922
59 60 224968
660 661 204537
196 199 172883
548 549 157829
479 480 184151
997 998 26305
587 588 193744
985 987 170156
366 367 227061
435 436 165103
1 104 115560
109 112 159929
68 69 86858
359 360 215799
919 1000 186810
821 822 218551
657 658 127417
782 783 175184
1 30 224260
549 550 187997
905 906 101189
409 410 210828
710 711 115887
1 191 204831
223 224 169888
321 322 240908
1 189 133947
875 876 131536
985 986 162349
382 385 183052
714 715 180014
957 958 178171
891 892 166074
471 472 262497
274 275 135345
578 579 164252
824 1000 128626
309 310 66365
474 475 89461
551 552 171964
194 195 125970
2 3 196030
259 260 147746
957 1000 153796
490 491 163605
565 566 168965
965 1000 126817
691 692 160312
999 1000 235890
42 43 123267
158 161 148479
811 816 137377
955 956 126294
807 808 166738
437 438 237480
1 106 101423
808 809 166423
34 35 167390
213 214 124657
25 26 124709
485 486 140871
841 842 215425
468 469 119970
763 764 177325
991 992 182709
669 670 147735
415 416 202695
28 29 174983
934 935 180724
15 16 132527
203 204 180132
168 169 199704
497 498 246650
257 258 231250
207 208 189232
54 55 102756
236 237 152205
606 607 181990
83 84 158294
352 353 174774
333 334 164856
998 1000 181380
1 96 108194
58 59 128098
482 483 134590
670 671 132488
555 556 177901
282 283 34822
10 11 167212
855 856 149914
894 1000 134554
332 333 207209
398 399 171277
353 354 152579
1 74 153165
822 823 26184
702 703 161893
562 563 111803
323 324 216912
567 568 119203
852 853 166230
202 203 158613
894 901 168954
773 774 165303
727 728 186219
938 945 208283
99 100 209636
1 196 122595
699 700 117117
631 632 95850
851 852 176954
819 1000 64856
193 194 185258
907 908 164571
1 31 145864
224 225 113062
646 647 173192
1 95 158615
748 749 222758
110 111 137365
218 219 186589
729 730 114013
838 839 197364
431 432 155822
283 284 217759
209 210 176448
106 107 206089
826 827 174202
960 1000 198586
586 587 117740
661 662 150695
364 365 168898
829 830 83360
143 144 88006
974 978 243354
453 454 208118
111 112 107966
261 262 112966
554 555 173236
156 157 128400
1 92 104951
322 323 84897
481 482 156543
1 137 181992
1 50 212691
403 404 133674
886 887 136125
722 727 197380
1 25 237842
425 426 250124
983 984 171067
1 131 168913
197 198 134180
186 191 238450
923 924 202579
541 542 121515
916 917 137300
462 463 174514
894 895 141040
823 1000 171702
276 277 203006
889 890 127566
633 634 183926
818 819 159687
852 859 213397
906 907 180094
395 401 167349
561 562 212637
186 187 208770
63 64 251269
212 213 182671
312 313 124347
104 105 209575
460 461 107919
367 368 135028
808 1000 154203
91 92 151960
1 164 105660
887 1000 130508
849 850 155831
882 883 135511
81 82 218418
