100 293
75 76 119052
69 70 77991
60 63 141403
56 58 145836
77 80 115590
55 56 109878
55 58 109265
30 33 119883
65 68 136914
30 31 107949
74 77 199624
14 15 88249
36 38 160347
53 54 114517
31 34 179486
51 54 118292
43 46 157049
16 17 171888
36 37 102023
88 91 234188
93 94 207798
24 25 139815
90 91 180534
71 74 62062
26 28 156940
2 5 177849
46 47 136924
1 3 205177
55 57 119014
86 100 207782
1 16 156589
25 26 187358
35 38 195158
64 65 192871
7 10 105332
92 100 240941
86 88 119377
39 40 155181
20 22 149258
5 6 109047
33 35 146447
7 9 98982
4 7 113435
1 19 141605
96 98 186768
91 93 56515
66 69 124480
52 53 121995
98 100 153472
69 72 137655
45 48 147168
56 59 178664
64 67 126858
87 89 155867
17 18 110603
42 45 187252
5 7 145687
90 92 86156
57 58 136748
40 42 114223
82 84 157146
50 51 146436
54 55 198796
75 77 120345
33 36 181057
57 59 169586
34 36 160050
61 64 169506
26 29 162274
59 62 86240
42 43 131856
89 90 111983
74 76 198255
67 69 188896
73 75 129155
66 67 82070
89 91 146022
18 20 173897
28 29 151938
82 85 167789
84 86 114874
59 61 94521
1 18 146239
63 64 113637
38 40 132061
30 32 145792
65 67 80361
10 13 203099
70 72 206078
31 32 184316
22 24 128132
54 56 162237
94 95 113005
23 25 63238
71 73 158437
26 27 108862
17 20 138191
37 40 190286
65 66 144803
9 11 201799
21 23 177908
40 41 162387
15 18 153767
22 23 204781
41 42 98179
41 43 83606
24 27 143256
11 12 95846
18 21 203683
51 53 150205
33 34 167515
8 10 111284
58 61 127181
84 87 166579
39 42 122993
79 82 160476
1 4 233489
14 17 131506
19 21 208558
60 62 77329
49 50 116320
13 15 69063
91 100 146463
52 55 142284
27 30 188176
58 60 188149
93 100 236351
24 26 180646
95 100 208747
53 55 166734
22 25 121469
41 44 109040
23 26 104075
19 20 178843
58 59 179264
47 50 185984
35 36 181202
21 24 101343
66 68 138575
9 10 152861
80 83 150819
78 81 162608
91 92 52014
25 28 197786
62 65 224101
6 9 135612
2 4 210236
12 15 127382
45 46 101780
83 84 184090
60 61 85630
93 96 189275
34 35 125440
73 76 101723
21 22 119637
39 41 171134
96 99 155481
88 90 200176
84 85 157290
32 34 141667
28 30 140233
32 35 120611
1 15 138759
81 82 149817
12 14 185719
93 95 174240
43 44 171906
78 80 134430
19 22 181707
92 95 178747
11 13 154163
20 23 207533
47 49 216203
89 92 51622
69 71 157031
3 5 142326
98 99 115077
83 86 152648
91 94 117971
3 6 105089
47 48 201521
10 12 144879
76 79 134082
54 57 171245
16 19 131155
68 69 132457
15 16 164303
79 81 157189
6 7 183113
71 72 127028
50 52 174517
85 88 76869
32 33 120657
2 3 182070
11 14 134982
85 87 155720
1 7 200632
76 77 147791
79 80 129173
53 56 130317
68 71 142982
1 20 172839
59 60 155368
17 19 105770
46 49 206722
95 98 201606
12 13 204860
82 83 119403
86 87 198097
37 38 204809
97 99 195689
8 9 104992
29 32 134193
70 73 237468
97 100 234229
62 63 210620
61 63 202205
70 71 225470
13 14 127308
74 75 225636
88 89 234646
92 94 212266
95 97 121093
78 79 151798
81 83 122789
76 78 128882
18 19 141548
94 97 87489
14 16 106069
94 96 127869
3 4 174638
77 78 127519
5 8 139670
1 17 182523
44 46 131705
31 33 158533
16 18 135995
57 60 178381
81 84 160481
27 29 199891
68 70 63888
25 27 149806
97 98 227090
42 44 157356
90 93 90552
4 6 76869
23 24 69837
96 97 106072
95 96 161419
38 41 147838
44 47 122144
44 45 176405
56 57 155583
51 52 174613
43 45 201906
29 31 96259
73 74 50011
49 52 144493
8 11 160245
6 8 177107
7 8 140420
85 86 104075
48 50 131121
13 16 86858
63 66 158249
28 31 101707
62 64 177793
48 51 131091
72 75 160640
46 48 191924
4 5 114206
38 39 123245
36 39 137159
72 74 81518
1 2 169666
15 17 189630
37 39 181665
72 73 177936
80 81 174507
20 21 176152
87 90 121373
67 68 202902
50 53 150156
9 12 151290
34 37 115690
64 66 191220
40 43 99509
27 28 194463
48 49 161137
83 85 194891
61 62 138115
10 11 195463
99 100 184795
