1000 1738
796 797 84015
729 736 96917
799 800 102982
400 404 155220
291 296 94159
39 41 162537
113 114 95149
12 18 173539
746 753 165502
124 126 104569
914 921 79451
75 81 185096
4 9 122405
54 58 49388
853 857 133156
625 630 122870
133 135 128746
837 838 82274
631 635 184911
90 94 193679
741 744 76813
479 483 178199
687 688 81535
44 48 186682
322 324 152482
348 354 184072
455 459 115299
969 976 192166
145 148 104762
795 801 147449
855 1000 201513
606 609 204877
990 995 120493
692 698 162258
538 539 117156
18 20 94370
801 802 153826
69 73 118188
974 976 146954
682 685 126582
80 83 127066
609 612 95876
354 355 113058
802 806 116103
996 999 114094
15 21 157761
677 683 115277
286 290 171742
915 917 108849
985 989 160037
530 536 72147
929 933 106117
303 308 137757
581 585 73868
728 733 158415
165 168 142573
767 770 166195
758 759 102245
480 483 131995
269 276 179092
525 530 174825
886 892 142487
997 1000 218822
364 366 149796
856 862 106143
807 814 64050
265 266 188103
316 317 98398
172 176 109774
536 539 182623
831 835 127521
670 672 101964
844 1000 160274
342 347 143835
157 161 109026
451 454 148999
296 299 210086
805 808 133096
984 990 90517
566 567 151947
409 415 89310
861 867 108484
734 741 139238
40 44 99512
200 207 170723
243 244 125612
226 227 145514
660 667 153875
202 206 125529
705 707 177942
666 672 118942
606 608 127705
625 626 128652
917 924 98929
140 146 110854
297 300 114219
811 815 66186
826 830 166790
838 843 126254
594 598 113449
294 300 130826
124 127 64269
586 587 157400
533 537 140016
432 439 113747
259 264 118636
387 390 80302
334 336 158736
975 1000 222254
883 889 139516
323 328 146316
575 580 191315
487 488 171387
884 886 114676
487 489 161061
977 978 121105
59 61 148401
590 594 211974
119 121 56194
392 396 211574
804 805 166053
80 82 119453
328 335 170513
619 625 211490
286 289 167640
473 479 121707
217 223 118202
912 917 153015
698 704 132449
881 883 60352
688 694 189100
89 93 111116
581 588 87769
451 452 147373
617 623 132647
755 759 165076
839 842 111106
772 775 124360
460 464 107042
229 236 155371
283 285 107354
422 428 155140
978 981 148644
421 422 91722
678 683 135581
57 58 99711
341 348 122622
186 187 114272
157 163 80707
353 358 56363
482 483 191210
239 240 157713
783 790 107387
787 791 162974
716 723 68238
634 638 99137
662 665 139568
361 367 166223
957 963 197434
311 318 170152
558 562 190811
867 871 136258
893 899 108605
198 200 103369
852 856 169917
81 87 141073
570 575 154574
911 915 150902
770 773 171218
872 875 143826
978 985 161869
918 920 175374
783 785 128374
684 689 78546
931 933 186675
207 209 127055
774 780 136919
719 720 129228
894 900 117696
174 178 106524
759 765 154689
928 933 181315
641 648 148752
28 30 122411
401 408 145141
996 998 68986
658 664 169343
135 136 177079
640 642 146937
555 557 112773
316 318 152014
771 776 187226
258 262 116230
275 279 125568
506 511 109639
568 573 149824
236 238 185670
513 516 147544
199 201 88162
534 537 180580
889 895 179927
101 104 145660
358 362 183812
486 493 136839
1 103 56147
528 530 191253
904 907 163343
18 23 54925
932 939 200465
434 439 104910
499 506 178973
404 408 171173
613 615 205812
522 525 196155
540 542 134581
518 522 114379
839 845 135976
302 307 89756
405 412 154863
108 111 180744
378 383 106989
694 697 101008
372 377 100010
873 875 85749
187 188 132649
344 347 83793
826 831 185325
325 327 211527
859 861 192136
1 4 69067
239 243 170215
382 388 127919
55 57 95935
464 466 141381
906 910 169921
321 328 163670
464 467 176839
813 818 77010
718 723 158826
63 69 137887
65 70 175169
487 491 165801
652 655 130864
19 22 136463
80 86 109228
793 794 172310
528 535 108914
131 133 170486
97 104 169944
106 110 112518
272 277 75049
299 302 117890
410 412 132256
907 912 154342
824 827 80235
693 694 162329
706 710 178235
552 556 119895
873 877 80152
721 727 77279
759 760 186033
775 776 197381
994 995 69499
295 300 87441
86 89 154138
389 395 194035
736 738 141024
811 813 133042
714 717 131537
62 68 132627
773 780 123870
96 100 136965
60 64 109622
722 728 157281
527 533 107275
543 546 204651
730 734 227664
430 436 131531
472 473 121411
10 11 220554
385 386 187167
445 450 140208
49 50 231162
27 31 128696
142 146 121109
397 398 187159
363 369 91680
717 718 78744
758 761 163012
95 96 82429
412 418 88287
574 578 133036
926 928 127625
815 821 223156
493 494 198370
482 486 145246
502 505 128367
513 517 73502
910 912 84268
972 974 202582
250 252 211462
240 245 156913
807 812 94865
293 300 87426
114 121 129448
603 610 190207
286 293 203534
831 836 90998
450 456 85699
529 530 237737
536 537 156146
6 7 175348
129 133 151897
532 534 56915
492 499 58443
38 40 201795
217 221 60528
235 242 181625
923 928 61134
555 559 134203
11 17 134619
143 148 169561
88 90 71035
420 422 156871
12 16 119736
264 267 105592
708 709 181611
381 382 142176
958 959 153507
835 838 102789
310 314 146515
468 471 157722
232 239 135923
542 549 112022
69 72 83714
480 481 145981
200 202 197867
567 570 107850
512 514 171317
849 856 161188
298 305 145601
615 621 140650
537 544 156766
357 362 173003
39 44 103381
1 74 132330
557 563 138200
241 248 66386
59 60 145034
495 497 156991
877 878 169728
229 233 170739
261 266 200539
609 615 123416
517 524 176977
863 867 105779
605 612 164215
528 532 182253
185 186 122484
178 182 221226
782 783 239878
104 105 47145
862 864 115222
497 502 132045
539 546 165872
946 952 86293
489 492 175723
665 667 182486
286 292 173650
480 486 86193
48 50 166842
175 178 115642
737 743 112270
688 693 168206
954 958 206971
549 555 128193
155 162 64323
212 217 165929
351 352 108080
747 751 170035
830 835 146024
376 377 109349
515 520 171602
962 966 113641
215 222 98664
439 443 183587
510 516 209052
1 104 132683
484 488 195661
673 675 97877
736 742 194739
501 502 100326
784 791 83367
171 178 138759
254 257 77927
547 554 140854
150 152 168470
1 75 81392
477 479 93072
976 982 123887
515 519 86238
785 788 98256
410 415 53181
236 240 152717
985 987 125143
313 320 98630
752 759 140864
215 220 136671
393 394 170345
374 381 106353
704 706 78993
643 650 163612
545 551 70229
697 700 205931
723 724 168730
420 426 148952
63 68 141786
466 468 157821
287 290 107939
765 770 159959
449 454 144502
922 926 154022
839 840 110995
172 177 137589
756 763 155898
380 386 173742
343 346 72260
504 510 83827
85 90 48424
461 462 211839
339 342 157073
678 685 95194
937 938 188066
673 680 84917
442 447 147391
652 654 134762
353 357 66987
210 217 198956
955 958 149629
719 726 152036
147 154 57466
947 952 115341
393 399 199806
919 923 191167
848 849 130238
129 130 90733
471 476 107838
738 744 134319
452 454 143276
405 409 128211
676 678 143143
542 548 93938
257 263 190581
381 384 179350
410 416 88766
758 763 91118
237 244 71394
358 363 194695
342 348 172283
350 353 147607
589 596 130521
482 487 152120
941 944 66414
736 741 198725
783 788 84887
960 963 114529
388 390 132685
441 444 175403
588 593 152798
267 270 222370
540 545 126318
894 1000 155139
155 161 110522
329 336 73776
108 115 189807
907 914 214386
254 256 109321
663 664 174756
136 138 110645
195 198 197161
882 884 229008
81 86 118868
297 302 143132
720 725 158255
581 587 120512
903 910 206566
833 840 46191
790 793 84865
282 285 156804
288 291 134788
860 861 110140
759 766 152485
711 712 108864
87 90 60693
361 362 170605
925 931 133656
137 141 91002
208 214 176395
75 78 112964
823 829 62957
277 278 130864
338 345 119519
950 956 142577
983 986 144317
862 1000 183242
588 589 161484
30 37 156802
299 303 132396
299 304 123528
539 540 157402
917 921 127959
331 337 136966
330 335 205638
140 144 100092
699 703 155098
566 573 167419
889 893 223818
1 98 87711
61 68 159181
301 306 212130
476 481 173490
947 951 73737
82 83 149302
419 421 179083
224 230 137646
155 158 96113
517 519 126437
648 650 190960
54 57 91108
294 299 183390
681 682 145147
729 731 128725
388 391 131730
968 969 137073
607 612 160457
745 747 89153
521 528 156451
987 990 152173
967 974 134285
48 55 155844
896 898 118373
596 602 106706
680 685 138402
322 328 145297
817 824 146418
573 575 105864
405 407 82684
158 165 176474
821 826 97634
30 31 140692
469 472 195808
744 747 135554
704 707 109926
994 997 70279
909 913 121661
18 24 65663
1 30 107931
986 988 68896
902 903 164617
463 468 174986
511 516 222041
555 558 120366
252 255 169842
356 362 127339
2 7 194165
39 46 116141
973 976 170834
802 807 189261
367 372 176660
279 284 189156
769 774 153128
250 254 211134
524 531 94151
386 389 88807
979 982 178330
650 653 169349
669 672 102085
287 288 123877
857 859 142921
538 544 105838
432 434 150710
262 268 158537
296 302 186631
828 835 130267
575 578 168552
203 204 173536
685 687 218735
384 387 143139
79 80 231076
661 668 211943
102 107 162795
892 895 123141
607 610 215151
229 234 189774
759 764 166530
915 1000 149536
333 340 56290
950 952 174249
672 674 217920
35 40 137194
922 925 142611
612 615 169482
731 734 168774
522 524 184879
840 842 141703
483 490 164318
570 573 190419
709 714 152879
816 820 177831
256 260 142652
463 465 191159
856 863 127757
766 767 137624
757 761 230236
373 380 130922
291 292 134289
111 117 86965
888 891 147411
263 266 167605
331 334 107593
866 868 147050
561 567 86022
433 434 182222
716 720 71936
10 16 158765
456 461 154123
956 957 136888
718 724 186041
794 798 159824
204 210 75028
369 372 211406
546 553 87619
478 485 102804
474 476 183398
968 972 121014
211 213 139167
339 340 143328
878 879 164987
763 769 188678
128 134 143815
971 975 139227
89 95 138627
323 325 128010
720 724 164841
556 557 92220
260 263 157915
725 728 124762
43 47 104386
792 796 126561
340 344 215203
544 547 86340
157 162 62216
154 155 221522
674 677 131237
108 110 175543
488 492 165404
537 540 183904
651 657 77369
959 960 140978
505 507 186500
890 893 157478
118 123 122388
802 803 168326
965 970 162743
205 212 154635
279 280 209486
345 348 153084
315 322 127705
52 54 192214
771 773 212242
722 726 179851
679 683 121950
268 270 166684
708 710 162211
6 9 103799
651 658 58674
176 180 187598
451 453 133677
740 745 182761
35 37 149922
186 188 105216
655 662 183529
685 692 196178
581 584 82817
991 993 180881
800 803 167119
564 567 108436
852 854 110603
303 305 73685
912 916 204486
333 338 111490
137 143 85329
9 11 227459
880 881 223280
966 971 143429
624 627 128045
694 700 165390
486 487 148710
161 163 113478
662 667 180397
163 164 188781
771 778 190968
723 727 154229
481 484 64357
878 883 106963
483 486 95429
28 29 141022
220 226 95863
600 602 107810
688 689 122147
203 206 143896
693 697 122005
500 502 155977
767 768 101290
474 481 215324
130 136 225403
101 106 126689
608 611 143732
571 577 107860
532 533 97461
954 961 186548
774 775 74006
522 528 179561
8 14 140706
491 493 105396
338 343 150663
237 239 59133
542 546 156813
266 271 92030
738 743 115832
284 291 140261
151 154 124350
848 853 89651
921 923 195115
715 720 102294
50 53 45590
210 212 174870
954 957 135526
70 75 86888
510 512 154386
414 420 160545
210 216 171248
593 600 138055
125 132 166821
426 427 181211
218 221 111278
151 156 168057
107 108 77094
615 619 96947
197 200 85350
670 677 168050
790 792 148822
870 876 141176
141 148 163353
3 5 114198
183 186 109803
45 49 52511
242 243 100519
420 425 149979
617 624 106847
925 930 143476
141 142 185974
860 864 65080
391 397 174161
812 819 193785
976 979 87211
128 133 155757
780 786 88597
45 46 85004
422 425 134569
462 464 110343
246 251 103105
404 405 171162
188 193 208679
737 742 191917
887 889 75922
390 395 188988
582 583 138249
716 718 50766
215 221 73891
377 378 157689
91 93 131124
265 269 146833
440 442 131216
147 151 74523
948 954 123595
481 488 118652
659 663 96394
92 97 194553
355 360 159489
744 751 163926
478 483 147670
443 445 114326
781 784 161221
532 537 95848
735 737 125963
994 999 105345
763 767 159257
809 811 219468
336 343 186749
404 407 112182
639 643 136291
502 503 141832
112 117 115170
163 166 120091
459 466 133266
762 767 168995
347 350 202213
284 288 147151
512 517 122335
896 903 126958
786 793 124676
925 926 153029
360 361 75527
639 646 173025
774 781 126496
830 832 142349
768 775 155337
544 548 113985
754 757 53392
408 412 155062
873 878 108163
464 470 140649
523 524 172872
365 366 160875
15 18 216345
237 238 108128
273 277 146916
569 571 175694
306 308 129132
621 626 154742
2 4 141808
145 149 118572
308 313 112064
738 742 195304
255 258 120594
893 897 97343
787 793 142341
20 24 112562
291 297 137430
229 231 162334
647 653 172046
24 31 197235
588 591 182642
435 436 191090
427 428 123861
749 753 161667
728 734 207659
519 526 189700
577 582 130397
869 874 129224
175 179 171164
246 253 177525
233 236 126345
275 278 105800
804 806 97250
816 822 222756
46 48 173709
624 630 198413
458 462 217247
698 701 67128
95 100 77817
151 155 204333
241 244 75248
360 364 88820
549 554 95504
63 70 161053
763 764 177446
701 704 206981
229 232 155792
508 515 149465
292 298 89130
757 759 169522
403 404 149352
469 473 175612
796 803 152939
157 160 136335
940 945 226235
143 146 171353
446 448 153437
150 151 151353
621 624 92065
945 951 43486
729 732 79723
400 405 184565
145 151 81116
602 604 157343
1 56 99145
247 254 130227
7 11 155891
110 112 118422
201 204 193535
994 1000 147363
589 590 104796
106 108 78648
821 825 64092
248 249 199794
390 397 173122
220 222 103751
828 833 152854
469 474 132401
927 931 73562
230 236 156948
341 342 91873
541 548 145561
949 953 144901
946 949 124039
863 865 89175
247 252 130784
361 364 154824
392 395 207602
555 561 201167
986 990 89587
146 153 179672
416 420 124009
862 866 187596
678 684 156041
140 141 87123
929 934 91653
838 844 166983
730 735 187408
862 869 199119
683 687 178526
275 276 183106
880 887 205788
637 638 151582
476 478 153534
623 625 191143
285 290 180618
397 404 135326
483 485 96744
266 270 154488
860 865 60521
271 276 187232
550 554 144160
106 107 143224
523 529 121085
44 47 149959
42 43 184457
258 263 119374
380 381 147934
700 702 90141
301 303 203603
709 713 105406
230 232 157400
751 753 162749
553 556 157589
396 397 121787
556 563 88957
193 196 57424
206 210 104870
733 740 128883
713 714 189227
113 116 127647
244 245 160667
263 264 135702
820 823 176599
555 560 149913
591 593 112000
149 151 103943
959 962 87021
756 760 211444
514 519 77338
691 695 142203
779 782 119864
726 729 170470
337 340 110763
536 541 139918
864 870 132614
979 984 202992
375 376 152792
69 70 164668
813 816 76708
777 778 198152
746 751 144507
190 191 126383
653 658 63502
750 756 97032
596 598 157865
870 875 169633
666 671 168062
823 830 130706
480 482 82426
712 713 110206
329 335 117905
161 164 160586
245 246 155309
319 321 83932
442 446 128252
944 950 127105
354 360 131071
545 547 74569
630 632 118690
479 482 128366
43 44 95962
496 498 145859
461 465 212976
177 183 190263
821 828 138421
945 1000 127365
457 462 187785
675 681 136833
426 428 163433
613 616 149287
773 777 63391
739 744 150808
706 711 225648
787 789 163836
84 91 175851
605 607 145494
579 580 176496
700 701 53902
61 64 106181
594 597 128818
1 139 113639
317 320 121360
272 274 153497
111 112 113287
877 884 216158
167 173 202353
240 241 204281
206 207 130753
918 923 207039
168 175 100623
870 877 164042
951 958 218407
201 208 161550
756 758 206242
604 610 213130
422 426 133390
168 169 67861
810 816 139507
316 319 153352
868 875 82888
171 176 139419
116 118 127979
985 1000 192121
814 1000 206129
578 583 131414
559 565 161556
899 903 102244
813 1000 145412
854 855 148330
327 334 57759
827 834 167420
762 764 187161
376 383 90718
6 11 189613
235 241 190893
465 472 129392
46 53 102649
455 456 55623
367 368 168081
518 525 169032
790 796 133802
274 277 63301
125 129 150603
981 988 128189
922 929 214986
634 641 50454
420 427 188478
450 451 159402
967 972 73384
371 378 111360
918 924 124873
856 858 124521
822 825 62280
707 711 194564
527 531 68403
928 935 216035
658 661 155575
742 744 80458
508 509 166549
623 626 178241
488 494 156768
285 291 189768
667 671 100446
425 429 117554
114 120 202045
831 838 88977
428 435 98055
505 512 172779
74 75 87536
843 847 136559
295 297 114993
797 802 183557
719 724 152778
611 618 168925
535 537 169036
43 50 166023
914 915 125898
413 418 129084
375 379 169079
182 185 126518
264 270 186344
422 423 151331
221 226 159052
342 345 161045
955 956 82817
955 959 161678
259 263 124647
247 251 79376
143 144 160380
168 170 85154
549 552 170421
333 336 75144
841 846 87305
197 204 155111
98 100 97646
57 63 174098
604 608 127144
282 284 206246
67 74 197369
870 871 157053
883 884 222715
898 905 222740
633 638 185114
731 732 92508
336 338 177998
690 694 133321
517 521 157395
449 450 119245
745 752 103569
832 833 167901
770 776 145773
4 8 194737
340 346 136720
55 56 113979
760 766 107696
572 576 135805
824 830 118771
791 795 135987
458 463 168527
119 123 67927
939 946 153575
869 872 74485
441 446 135209
132 136 158338
283 290 146485
769 772 102913
805 810 66567
723 729 196691
62 67 95709
927 932 98444
156 157 179520
38 39 197813
458 459 193971
20 22 108282
284 287 164896
51 58 72184
690 692 123299
973 980 131590
193 198 114816
430 433 111114
310 311 188035
689 693 187608
583 586 149865
272 279 83763
659 661 115967
717 719 112253
835 841 123258
424 425 138742
599 600 113488
580 587 132667
883 890 205972
952 953 182767
280 283 106344
720 723 137887
494 498 76715
79 85 233310
871 872 151814
334 338 195141
438 445 170124
656 659 167933
548 550 110700
353 355 117762
526 532 179771
424 427 177443
770 775 90333
293 299 140305
20 27 181710
703 705 48356
423 430 161628
68 73 114243
962 964 176137
702 705 102865
843 849 172493
103 109 148808
56 63 156465
45 48 116997
995 998 132446
620 622 187651
130 132 208596
253 256 85924
148 151 117660
151 153 205479
454 456 60148
449 451 137100
217 220 123567
844 849 131883
68 69 137781
457 458 112284
320 322 177365
456 457 178250
162 169 135477
814 819 224824
760 765 110216
55 62 137685
358 365 157082
411 414 106126
945 952 84897
440 444 157966
587 591 149530
38 42 162305
858 861 142166
543 548 141620
612 613 105211
513 519 58540
489 493 110160
757 764 194423
954 955 198956
865 872 162893
320 325 162641
396 403 107768
862 865 110475
202 208 123576
728 735 167442
550 557 147985
208 213 150441
490 494 124660
784 785 140658
612 618 139739
839 846 111222
311 312 127494
340 341 204960
572 577 153336
179 180 132917
409 411 123908
992 994 196492
245 251 116672
690 693 112754
848 855 97055
746 747 115808
392 398 237072
457 460 191240
743 750 186435
573 580 155346
626 629 116242
155 157 143419
501 503 100612
373 378 154561
863 866 166039
142 144 109945
227 229 118481
484 487 165890
153 155 140467
318 321 85238
759 761 202411
354 359 49810
496 502 150046
636 638 145658
54 59 99547
380 384 185704
395 397 125784
121 124 228484
289 294 133980
72 79 131428
782 789 170376
282 288 211772
357 363 184164
804 811 162125
286 287 205389
689 694 208502
44 46 154452
810 813 204231
120 127 79374
541 544 173029
379 380 85668
687 690 137075
637 642 117382
678 679 155142
657 658 122739
703 710 90667
570 572 174023
205 206 158183
490 496 55600
336 341 186061
986 991 102336
915 921 95329
618 624 120762
264 266 173447
327 330 55133
807 809 55734
427 434 150245
970 973 154177
354 361 64972
182 186 107462
964 965 82960
807 810 62478
692 697 110997
102 105 86133
149 150 94162
292 299 169775
726 730 98578
162 163 160038
5 11 220789
265 268 175896
724 726 141024
326 332 119388
357 359 128929
993 997 68693
431 436 203115
154 157 223345
975 981 157904
428 432 158776
325 331 161751
594 601 113626
409 410 177653
812 818 107173
676 682 111824
324 326 143720
123 129 175724
866 869 153199
838 845 132733
89 96 79774
261 267 132727
262 269 129302
222 223 173976
292 297 144817
1 40 110931
702 704 170825
266 273 65815
746 750 148717
402 407 143740
256 257 110259
615 617 126132
128 131 126710
510 513 202895
414 415 142465
800 806 114726
277 282 133675
390 394 181076
130 133 202757
131 138 162373
38 44 159482
985 988 115219
859 866 219419
442 443 160454
900 906 156656
106 112 89365
849 850 112967
64 71 199567
165 169 68777
992 999 160213
208 211 153003
230 235 181036
227 233 147561
841 842 87408
823 824 153885
451 457 104133
910 911 119168
375 381 119608
947 953 156288
824 828 134279
102 108 98249
877 882 128907
589 593 133228
255 256 80866
369 374 204108
308 315 118478
849 854 101740
394 396 153538
596 601 158203
583 587 165403
468 474 82058
103 107 202559
558 563 130990
90 93 182385
41 45 152144
582 589 149039
180 186 140031
101 103 67313
609 611 66620
868 870 54963
214 220 111558
233 237 203698
937 941 200942
212 219 95952
353 354 146300
21 27 192751
321 323 158751
101 102 106860
745 751 117815
109 114 136077
927 929 153986
373 379 187299
632 634 186163
972 978 149760
60 67 125458
267 268 197269
822 827 82673
735 738 122449
69 74 164319
195 196 139836
281 287 175640
568 569 144333
984 989 114774
68 72 79832
753 756 80256
278 281 197985
840 843 159839
436 440 158530
573 574 141299
798 800 126992
308 309 99902
358 361 154608
823 827 92550
830 834 129234
202 204 155203
828 831 144594
814 820 173727
13 20 156931
793 797 132803
513 520 143992
13 18 203962
300 305 117004
932 937 153927
409 412 168171
76 80 182892
374 380 99632
97 102 131409
179 181 78616
493 495 131700
109 110 164582
368 373 111716
816 818 141743
837 842 48537
494 495 74985
355 359 78094
478 482 98014
332 338 175769
127 134 176559
28 33 84815
682 689 124128
112 113 182604
649 656 69709
645 649 212375
34 40 167636
929 932 85921
624 629 178730
472 479 101456
216 219 99618
47 50 203309
266 269 100376
714 718 68756
667 669 91017
214 218 79109
396 401 141432
11 13 71185
470 473 142321
711 716 143012
837 844 107250
701 708 160440
225 227 95248
431 432 214438
855 862 159195
188 195 126331
323 327 197994
370 375 131106
121 126 191435
23 28 228163
300 301 122990
854 858 183843
691 697 140850
603 606 118135
644 651 205418
510 515 175267
565 570 99578
259 266 150747
550 551 140319
78 81 213801
931 936 237053
421 425 84692
668 669 91730
982 989 139579
872 874 196483
58 64 163575
909 914 150151
826 832 167334
407 411 169549
941 942 127907
733 735 150231
493 496 129156
407 410 223170
606 612 159033
558 560 171154
237 240 75118
279 282 124617
284 285 92236
312 316 173627
87 92 73714
295 296 71585
350 355 123580
733 738 131011
847 852 168912
327 328 89866
608 613 136443
35 39 133298
256 261 126043
372 374 134386
170 173 202780
457 464 156359
278 280 229152
526 530 188819
216 220 151425
216 222 113695
881 882 53968
282 286 165645
323 329 199189
979 983 201230
407 413 173029
411 417 173611
658 662 188197
259 261 91657
962 965 117427
276 282 66995
568 571 178400
75 79 105095
771 774 199026
198 203 141406
833 836 82457
201 202 179741
52 57 141871
501 504 163201
710 711 188951
322 325 127097
140 142 131524
487 494 186173
919 920 159362
178 180 188465
655 659 176857
525 531 82474
867 869 213491
146 149 153534
367 370 166683
320 326 190281
1 8 122129
555 556 162172
484 485 160030
103 104 220120
597 600 108669
551 555 178271
461 466 180385
335 341 141759
991 996 170864
190 195 71256
199 200 70065
128 135 142493
36 37 125567
274 275 88220
30 35 148401
82 88 143547
186 191 145003
947 948 103050
657 660 195908
443 449 135226
313 317 119183
706 708 157655
523 527 198474
479 481 191931
790 791 105442
162 166 138525
574 579 121018
888 894 175566
124 131 81897
426 429 118606
854 857 132661
300 303 184812
430 437 135131
14 18 148396
955 960 161041
779 781 186214
310 313 185324
280 281 110351
117 123 162393
372 373 103056
496 497 159610
477 482 79704
129 135 138902
474 478 195269
682 688 144038
655 660 210454
46 51 170252
196 197 216839
714 719 102286
744 748 210035
409 413 127378
52 58 99927
307 313 174728
954 960 218314
575 581 203236
169 173 220047
103 108 137865
760 763 85969
381 387 180931
970 971 118153
948 951 112245
348 353 179297
529 536 168123
729 730 69767
537 539 168115
551 554 145500
11 16 79982
21 22 119379
61 62 168159
842 849 191245
283 286 115975
739 746 170505
49 55 220743
672 677 207709
402 408 202353
687 694 128721
534 535 153058
844 848 143502
874 878 111533
665 671 141021
879 885 148136
868 871 70326
591 597 141294
7 12 115560
532 536 81195
555 562 169710
100 101 227169
163 168 190808
554 555 174386
483 489 122360
270 273 52903
618 623 146785
386 387 155132
683 690 173773
191 196 84737
217 224 60661
134 141 112056
712 714 157906
831 833 150042
159 165 198934
818 819 228420
693 699 175569
730 737 171799
660 663 62984
949 956 71813
765 768 94894
680 683 178636
824 826 93476
630 634 163376
694 698 152216
87 88 131373
680 687 215356
538 543 78269
307 309 162513
399 404 98149
773 776 116365
237 243 87707
992 993 197829
221 223 199157
959 963 113901
263 269 126522
453 458 82915
54 56 109162
83 89 136696
899 906 138715
366 372 179840
94 98 137922
26 30 199203
749 756 100080
740 741 201446
474 479 165181
410 413 91366
53 59 189769
569 573 146990
678 681 106705
302 303 156086
695 698 191337
789 792 183905
580 581 153612
382 387 180217
344 349 134460
601 608 91164
452 456 62013
957 959 225132
627 633 148049
853 854 142185
253 255 146631
799 803 128624
832 834 128496
260 262 154891
107 109 87906
429 436 192558
374 378 123342
321 324 170527
74 79 50811
352 358 112594
966 973 179345
805 809 60130
724 728 118104
218 220 174266
965 967 206392
1 25 114700
402 406 195145
603 608 104441
593 597 170845
967 968 93875
802 808 176506
756 761 227858
147 152 91616
668 675 67425
104 108 59295
758 764 126774
721 728 68006
359 362 185833
349 355 133834
62 65 118455
153 154 60522
456 459 201229
838 841 161880
851 854 72356
234 240 118694
290 292 143493
50 52 85008
172 178 108873
474 480 210895
504 505 65484
650 656 104813
564 565 116827
710 716 190456
432 438 100281
583 584 127841
285 289 176520
