1000 1735
751 757 172333
598 603 68937
306 312 190862
943 950 127514
40 46 249170
472 473 194389
284 286 218398
59 65 150789
282 286 210295
923 924 218928
108 113 181141
593 599 174569
773 777 144067
335 336 208818
213 214 152634
887 889 210932
436 438 141163
545 552 118229
60 63 139832
750 753 157507
996 999 188245
555 558 137660
124 126 142366
776 781 202411
825 831 188475
82 87 90550
713 719 223933
499 504 118152
698 700 238400
737 740 117497
294 301 53538
646 647 140820
935 938 92609
470 477 176430
345 349 186129
300 303 164364
28 31 101933
748 750 130331
575 582 214934
683 686 172079
490 491 171500
199 204 211593
187 191 126133
528 533 104190
434 441 147394
64 70 100684
915 916 147548
565 571 144784
174 179 166135
303 309 268321
513 517 129334
697 701 109640
483 489 110660
35 39 151436
967 972 192580
421 428 101259
125 127 140920
403 407 237814
819 821 202052
725 729 130222
132 133 125595
686 693 225654
40 45 163039
442 446 174771
28 34 96643
153 158 153209
785 786 69099
781 786 133432
101 105 63177
86 91 210272
853 854 232520
35 40 105764
862 867 82980
895 901 101800
181 182 83265
55 60 234095
655 658 167606
1 78 157267
956 960 134133
383 389 224468
236 239 233392
1 57 82758
983 989 167256
371 378 131771
561 568 86279
984 985 201889
147 153 106452
287 291 88699
815 822 114763
667 673 165425
702 706 129789
57 61 220804
877 881 118779
573 575 89555
644 647 224320
262 263 169531
165 172 223590
382 383 195632
729 734 198333
843 847 120719
532 537 159843
941 944 126598
744 745 229789
400 402 191301
579 580 53045
882 889 103762
87 93 133816
118 119 121811
250 254 128403
561 566 109762
117 123 142682
88 91 163869
545 546 173108
872 879 83673
185 189 121364
134 137 78438
795 797 263738
653 658 194442
145 151 145298
265 267 132531
767 769 208540
344 347 160017
155 159 138377
645 647 143359
946 951 219591
290 295 165607
565 568 141004
588 595 181249
60 64 70945
994 995 93921
150 156 115797
858 865 108314
16 21 246023
953 960 228404
12 13 85161
823 824 138636
511 518 241957
696 698 31043
656 663 253349
126 129 156862
593 595 128682
925 927 165590
573 580 116756
588 591 118687
891 895 213859
49 51 100661
631 636 192866
925 931 237042
108 110 133271
319 323 220181
76 82 105740
369 372 209612
116 122 133258
918 925 135306
242 248 126182
95 102 103062
811 815 204183
195 202 197082
231 234 176401
286 290 160422
412 419 222393
176 179 165894
389 391 33412
520 521 190628
302 308 175290
415 419 166287
52 56 174146
251 258 101967
329 333 147406
871 875 98443
680 687 131249
313 314 131784
350 351 100293
571 577 155448
383 387 71470
370 377 175253
12 15 66193
92 98 132240
202 207 209422
655 660 197669
239 242 83130
647 650 135448
324 325 108834
375 378 154822
397 403 239031
211 216 69161
663 665 112632
248 255 163820
86 92 100426
354 360 219719
641 647 208918
539 541 187165
730 731 135503
526 532 146261
149 155 198404
817 822 72291
950 956 219801
778 785 100773
612 614 246303
495 502 113461
935 941 119347
425 431 179153
746 747 173615
703 706 190761
233 238 144659
859 861 162491
921 924 226900
942 946 106624
871 874 87768
776 780 134037
277 281 249922
837 842 116531
747 750 94609
44 49 219401
594 599 197990
739 745 151982
667 669 63724
402 404 164222
5 12 242735
241 242 189763
732 736 207462
882 888 14932
548 550 126469
982 985 207361
537 539 222024
72 73 179196
212 217 161210
54 61 84549
172 175 170037
948 955 163243
453 458 142674
384 386 50615
405 412 117123
433 437 120801
905 908 132014
125 130 211183
956 962 157568
752 759 119163
895 897 84833
11 13 228818
830 831 170856
294 296 152294
978 984 202401
68 70 130239
919 920 216793
468 475 168457
911 912 222664
246 249 145406
50 53 117507
870 875 126807
688 693 280707
768 772 154618
970 975 244650
423 429 139033
423 425 179482
552 557 150032
833 840 164287
1 83 210554
310 314 91534
817 818 89294
92 97 126780
658 665 127761
852 854 198464
111 114 134316
913 915 206474
410 416 92148
701 705 203186
590 593 146039
92 95 181393
458 459 198148
874 879 141354
915 918 101772
435 442 191285
570 575 149000
760 762 113508
699 700 229229
881 886 172681
458 465 169979
574 581 224680
416 419 264942
141 147 128127
569 575 146497
611 617 157928
22 26 182967
313 319 109387
585 589 56654
16 17 185837
928 929 209010
286 288 72593
271 277 176620
156 161 181539
378 379 114100
831 834 196929
122 123 165836
305 308 124183
765 771 167418
834 841 106414
241 247 135788
985 992 125172
634 638 184983
558 560 147207
861 863 178772
510 511 146208
464 465 222400
258 260 138944
648 655 207628
598 605 80097
851 854 274814
185 190 180338
105 109 137873
797 800 188759
648 651 151176
322 329 154694
907 913 121036
896 897 131326
758 762 168650
156 158 147759
94 96 229084
217 220 117092
466 468 163529
412 415 166181
777 779 183137
508 509 93817
849 854 154589
528 531 161943
311 313 144046
506 507 169219
365 372 125775
635 640 103136
794 798 121695
494 496 147786
45 47 231351
178 185 79130
107 113 189328
868 874 169774
896 1000 145169
259 264 131810
768 771 199174
671 675 155127
552 559 118416
516 521 195885
665 672 180435
223 226 181036
243 245 174818
773 778 110457
666 672 132834
621 625 158533
435 440 161427
859 865 183540
611 615 212400
214 217 246065
107 112 252883
143 150 160897
952 956 179694
474 478 151291
482 485 183882
672 675 129685
550 556 176596
266 270 241306
185 187 248403
473 475 135540
757 763 130464
713 718 119635
565 566 101920
56 62 193959
808 814 143272
74 80 78106
621 623 181758
289 295 138404
244 248 131057
705 708 197088
971 975 193318
596 602 155138
830 835 90335
871 877 38837
665 669 186263
8 9 250550
303 307 270061
207 210 62925
553 557 156439
976 981 91945
724 731 126166
284 290 231807
219 220 102008
992 997 193377
236 238 263378
209 212 167157
572 577 115473
894 895 243721
688 692 154765
359 365 179156
802 804 108496
972 973 87706
856 857 113578
417 423 42995
499 503 35819
636 638 127580
685 689 209431
378 380 219187
339 341 173473
168 171 176272
135 142 162452
475 481 163673
402 408 211326
309 316 70814
943 944 108151
593 597 192520
343 348 222624
418 425 101725
773 775 84869
885 891 86240
771 773 207338
444 450 82412
416 421 239030
596 598 195340
280 287 272375
500 505 178303
34 35 162327
716 723 234137
353 359 203855
161 168 76426
833 836 262228
149 153 151565
399 406 181114
422 426 101798
651 652 137236
883 888 67987
439 442 212885
594 595 180234
531 536 59095
978 980 167139
963 969 223392
193 196 132972
139 146 165805
31 38 158425
618 620 176405
304 309 171255
917 918 58639
451 452 125303
979 986 160682
108 111 120419
810 811 86136
233 239 158039
875 880 171681
803 806 248103
155 158 131865
875 878 149096
102 106 68412
394 397 55724
50 54 207865
913 920 196457
485 486 182999
928 934 211135
510 512 198817
121 124 172372
817 821 87606
795 798 250532
509 512 173102
534 540 75286
828 832 236874
219 221 201815
413 418 212350
216 223 199256
764 765 231451
556 563 172894
361 362 100844
240 243 101225
687 688 164756
907 911 112372
67 74 137303
310 316 127136
397 402 224770
426 427 181678
791 797 152805
830 837 186790
780 784 164910
407 410 195915
437 444 197708
993 994 209542
7 9 147947
987 993 159915
321 326 141640
203 208 161151
748 753 81433
151 156 196717
690 694 129736
544 548 153181
507 511 96332
934 940 123858
881 887 133887
807 811 44684
848 849 167844
954 958 188393
33 38 187734
939 1000 199293
203 207 268711
714 720 175754
770 771 152578
608 610 114150
33 39 185716
122 129 159126
145 146 188910
74 78 171250
235 239 258564
885 888 130679
128 130 197471
992 996 160486
479 486 182329
702 709 22469
473 478 110504
509 511 104851
932 938 182468
527 532 232888
519 525 190701
702 708 158609
125 129 141303
523 525 160934
606 613 66763
440 447 201620
299 305 199081
80 86 218800
838 845 152789
546 549 198818
492 498 180531
591 597 160391
202 204 195184
770 772 74004
568 569 200126
426 432 174817
937 1000 155921
916 919 226592
219 225 103026
877 883 187912
30 33 164129
558 564 276583
860 865 112535
74 79 225497
124 128 189178
210 211 212192
637 641 178426
532 534 216102
77 83 171104
386 390 223965
675 678 179405
693 694 109036
361 367 75771
612 618 96924
862 868 202966
530 535 161475
441 443 90143
160 162 132615
869 873 112366
798 800 177057
126 128 141526
792 793 166886
971 974 156343
855 859 178050
404 409 151109
86 89 169299
346 348 203377
819 824 139189
732 734 169274
498 505 214621
184 185 103400
632 633 205602
96 100 67631
843 848 148700
974 981 157436
351 353 82795
625 627 109168
232 233 258151
26 27 102050
949 952 153095
584 585 213987
499 506 80455
814 817 207840
249 252 201277
330 333 121637
698 701 150146
81 82 188817
371 375 218111
243 249 205407
116 120 140829
760 765 138880
981 986 215401
201 205 146880
28 32 191833
292 294 234582
353 360 192445
933 937 232823
572 574 63396
266 268 258440
686 691 142424
578 579 180900
387 390 213848
113 117 198978
288 290 217546
873 876 117186
19 25 168149
261 265 249711
273 274 260612
481 484 162769
201 203 114456
651 656 163944
617 620 82097
399 402 153895
477 480 222292
41 47 95635
73 74 155783
336 343 130973
643 649 137373
964 969 234225
790 796 112121
593 594 61353
801 805 86034
443 445 271285
167 172 251096
420 427 97245
577 582 217671
666 671 173549
482 487 224340
260 264 158586
813 814 189931
190 196 82320
66 69 115226
835 840 174238
729 733 230879
277 279 161713
518 523 71708
40 42 208099
321 324 69074
316 321 138602
997 999 231201
270 271 83595
368 370 154382
634 639 134005
927 933 177283
315 322 165927
474 480 157337
801 803 129652
442 443 66405
844 1000 136346
374 376 143910
562 565 51765
9 16 134183
645 651 86169
796 800 212817
742 747 215132
593 596 132039
663 667 177711
467 474 81493
972 975 126350
802 807 198181
297 301 65438
779 786 199093
3 10 192480
275 282 88555
227 228 48051
664 667 179510
220 221 224565
105 110 199426
299 304 216198
141 146 142986
368 369 201323
111 117 199591
506 509 115124
83 84 69979
879 883 194724
286 293 61086
165 169 243929
306 313 156182
814 815 200143
425 428 128731
833 835 243121
394 395 113837
578 580 52582
818 821 142532
317 324 114535
743 749 101038
60 66 149918
586 587 261357
930 1000 207460
80 87 169714
723 725 107411
500 506 112258
743 748 145356
791 796 151114
844 848 150127
264 271 254068
389 390 93878
447 453 125303
808 811 75428
25 26 181341
673 680 107441
170 177 136381
195 199 199401
484 490 212500
207 211 77243
295 302 132695
786 787 156868
546 551 219252
161 166 116857
609 616 272628
431 436 148821
721 723 176981
630 634 204764
12 19 168819
979 980 212581
632 636 238133
604 606 209043
56 60 236943
778 780 149487
670 677 123299
694 697 179663
411 418 260070
909 914 90016
714 717 36325
992 999 179665
16 18 221747
129 133 143514
582 589 52919
341 347 119920
674 680 111036
85 90 141673
697 703 168585
889 890 217314
274 275 190247
857 863 149658
238 244 185457
361 364 94955
786 788 261813
795 802 240186
124 130 185880
704 706 176284
12 14 108293
711 715 184471
353 357 241811
97 98 176246
722 726 80764
282 284 141686
27 31 159574
479 483 198330
76 80 148421
79 84 125007
587 588 62587
752 758 135850
711 718 229788
564 568 73476
459 465 207779
381 386 205188
161 162 121146
662 664 153007
356 362 141493
859 862 235775
350 353 89290
265 271 167437
329 335 200576
520 522 176347
408 411 74736
267 268 197919
716 720 236966
945 947 161368
320 325 143405
739 744 116248
293 298 156796
194 201 140218
525 526 127939
261 262 120924
352 358 149664
583 586 122538
778 784 189330
42 45 94606
704 707 145509
175 178 180066
926 928 109112
448 455 134870
500 501 140070
226 229 97236
318 319 153549
797 803 105343
672 676 176825
514 518 223683
897 901 195954
873 878 149924
931 934 175634
254 259 203262
390 391 80962
957 963 160938
467 472 184674
855 861 110448
788 789 155227
436 441 224825
528 529 50329
775 781 186817
952 953 260185
449 454 228806
339 343 129317
264 268 193795
330 331 165159
638 641 159793
305 307 169383
341 344 144622
347 354 114402
592 594 108686
1 94 63904
326 332 219792
7 10 140736
681 682 108557
391 398 169135
790 793 33960
951 954 253102
671 673 243302
413 417 235722
405 411 65386
478 480 173168
301 305 181728
531 533 214766
719 722 162597
619 626 122225
575 579 148908
17 23 190446
416 423 150842
276 278 117737
939 941 109933
591 595 204854
659 661 90089
684 691 50927
161 167 112369
878 882 186558
715 722 197323
425 426 170261
549 550 141290
799 800 148629
754 756 119704
924 928 142194
777 783 214057
217 224 170835
505 509 131524
900 905 140070
613 619 265481
537 542 155465
595 600 167857
925 932 154154
859 863 216071
395 396 106874
275 281 179890
41 42 119405
846 853 103485
669 671 201368
165 170 190763
583 585 186921
852 856 182170
432 438 160939
456 462 178984
405 406 185529
180 184 164359
123 125 137312
684 686 142480
6 7 167685
188 195 90245
113 118 138256
273 275 207925
469 476 138671
332 339 165149
436 442 148361
321 328 136136
642 649 217360
263 267 128065
290 297 182705
857 861 116657
574 575 244057
598 599 147311
379 382 133680
922 1000 271103
991 997 230408
890 892 155659
460 461 182407
430 432 80210
891 898 176191
702 705 129813
594 598 250672
606 612 145235
629 636 208123
408 409 135570
25 27 162534
396 399 208389
761 763 202888
973 979 187987
570 577 102058
483 486 129216
383 386 113189
371 377 167823
143 145 68792
134 141 148628
542 548 159579
188 190 110895
985 989 68782
178 184 150266
946 948 150675
159 166 147001
188 193 147480
116 123 143323
321 323 148303
759 761 154557
763 770 185891
318 324 154454
375 382 88539
467 468 108475
105 106 124469
10 12 242832
130 137 153076
37 41 190199
385 390 55470
745 749 142740
686 692 153121
226 233 189803
156 163 118284
646 651 79436
207 214 119395
921 922 143635
364 368 144273
870 872 236818
722 725 86189
23 25 164618
310 312 178864
461 465 121724
239 246 117966
176 182 208961
697 699 63785
677 679 202224
57 63 191793
895 902 146502
106 111 190024
894 899 236358
208 209 245115
498 499 168360
50 56 161372
230 231 132284
585 592 160180
755 757 218713
647 652 134841
837 841 203280
496 497 105635
457 463 127521
39 46 246050
675 676 155741
587 594 73135
148 150 126562
418 422 106503
84 91 192044
421 425 71718
295 298 162572
991 994 225065
743 744 67907
139 144 175386
926 1000 196188
225 232 74375
644 646 221323
481 485 178529
139 141 189980
699 704 210872
884 888 84293
836 838 86893
663 664 98912
590 592 159779
347 352 154586
258 261 135083
194 198 96118
928 935 232339
727 731 162877
84 89 203158
5 8 181682
721 724 182732
709 710 151035
88 92 94897
59 61 108672
392 399 199108
717 720 214059
248 254 121431
231 235 142269
342 347 169599
904 908 235229
174 178 168232
320 323 141784
834 838 29931
463 470 187695
282 285 179235
43 47 106739
785 792 75722
365 366 93651
18 21 166669
962 967 145053
648 654 154905
339 344 146332
324 331 232416
20 23 151121
749 751 194085
756 761 137964
137 142 215496
366 373 219245
304 307 197348
90 95 279183
422 427 177787
825 832 169081
987 991 153554
592 593 217703
587 589 74943
532 533 227509
63 68 158323
660 666 165140
606 607 73664
717 722 252568
287 293 61265
600 602 55939
372 377 169568
405 410 153428
927 934 189321
915 921 107707
613 616 280556
363 368 222343
597 601 151431
862 865 153051
148 154 99458
717 721 177329
353 358 242272
926 929 185361
577 579 209703
501 505 185112
309 314 65136
578 581 152120
2 5 196656
903 905 136483
892 893 126412
853 860 184060
778 783 132612
298 299 146289
29 36 187151
261 263 162397
182 183 193746
929 935 209532
906 910 62662
430 431 47416
271 278 102088
483 485 89318
148 151 59137
965 970 166935
525 529 85156
267 269 195958
957 960 153976
801 806 134191
6 11 142383
99 101 167019
386 393 198037
644 651 195755
142 147 157644
27 34 180868
509 516 138496
825 828 172124
39 40 169265
479 484 98955
746 751 64278
925 930 257796
163 168 86139
163 165 144899
952 957 181158
903 906 107519
467 471 118176
744 748 175834
894 1000 252347
588 589 117997
525 530 155462
711 713 168746
483 490 140270
790 794 104025
135 140 112755
392 395 160111
645 648 106699
729 731 165700
866 867 195097
960 966 197918
755 759 136511
679 680 125270
975 980 124765
473 474 100524
603 607 155800
916 1000 208055
339 346 130518
541 542 223619
576 578 199703
765 769 67040
75 76 147041
493 498 158137
102 109 142753
746 749 71057
322 328 170645
838 844 220209
301 306 151531
681 687 104136
100 106 176696
691 696 189052
869 870 170092
372 378 165796
12 18 152081
227 234 53322
229 236 191990
108 112 185085
534 539 96388
958 964 80682
991 992 179434
359 363 149479
360 363 86887
400 407 251255
428 435 229087
334 339 146529
200 207 223987
682 683 96715
681 683 119955
785 790 170637
278 280 175517
972 1000 211341
805 808 218053
529 535 214089
333 340 182884
245 248 190358
470 473 143750
422 425 150433
832 835 135307
265 266 43796
495 499 157054
779 781 220764
314 317 171151
186 192 71751
385 387 16079
181 188 132373
427 433 208339
550 551 191098
855 856 227795
450 453 196448
798 803 150000
533 540 128453
99 103 100250
84 87 187385
116 118 55962
963 965 129605
178 180 138698
184 188 139359
205 208 102794
638 642 61182
924 927 69096
198 204 200296
571 573 200071
160 167 191873
83 86 204803
899 901 176539
411 414 221230
496 502 134273
196 203 141655
604 610 214126
361 363 77489
615 616 127087
452 456 236338
397 400 152845
982 988 134589
228 233 287436
903 909 157566
432 434 239857
955 957 172451
564 565 56816
254 258 163746
676 681 162443
6 8 144177
144 150 267529
893 894 154945
413 420 238736
101 102 113254
809 812 216122
871 878 117432
290 293 113942
516 518 282286
129 130 174382
403 409 195118
648 652 214569
824 825 187168
319 324 185144
389 395 179940
223 228 102591
192 196 126702
879 884 155712
230 235 182908
616 617 106965
555 559 126217
501 502 169869
673 679 93688
235 238 271732
767 773 222951
14 21 140495
502 504 217464
820 821 209529
198 200 161639
904 910 178443
349 350 208726
662 666 258208
586 591 210083
561 567 174264
884 889 129990
396 402 114765
73 78 172721
459 466 224121
854 856 150999
317 323 172853
524 525 192034
744 747 244765
587 593 146121
529 530 252045
796 801 197917
175 176 80347
379 384 171861
244 250 99204
120 123 68118
454 458 153794
433 434 113266
787 790 228384
958 962 165669
386 389 256123
856 859 39980
47 49 131600
663 666 91534
776 783 126834
428 429 175201
282 288 118194
827 833 52925
972 979 131947
485 490 192977
225 229 126503
927 930 233428
526 531 166975
168 175 239843
600 605 91343
419 424 102692
301 302 164537
364 371 204319
25 31 103636
234 235 161983
451 456 200170
455 458 118736
29 35 169980
191 195 142330
821 825 150072
205 211 188326
488 492 244470
857 864 107492
457 459 88782
424 429 116212
677 683 186823
401 406 198659
671 678 88518
403 406 196460
93 98 168085
438 439 174759
633 638 222032
286 291 123027
816 823 168923
961 964 175187
577 578 179769
898 902 67500
854 858 107870
951 958 245520
254 257 225230
634 637 97510
1 110 117446
967 973 110524
98 102 200367
434 435 155021
928 933 133434
628 634 197586
784 787 108807
448 451 160807
97 100 184946
142 144 133420
189 193 178865
539 545 121577
437 441 189884
104 108 134281
302 303 90412
768 774 188298
154 157 173272
481 488 153430
337 341 263070
644 648 132587
878 885 209845
733 737 151043
208 211 232571
624 626 152941
782 783 185468
744 750 189642
92 96 135987
800 805 49356
470 474 63123
600 601 179853
480 484 146189
519 521 139048
889 891 152804
525 532 154783
454 460 121122
288 291 200889
438 440 255958
766 768 201054
238 242 85949
544 546 190233
360 362 148269
986 988 177754
316 322 69572
246 248 95122
300 301 152640
478 479 239832
343 345 151439
162 168 171645
377 380 194551
657 664 148234
769 771 235248
506 513 133649
891 896 184894
563 570 231928
537 543 253466
529 533 287313
490 494 107354
306 310 151117
289 290 212156
116 117 152722
59 63 109344
271 276 156989
881 883 209938
776 778 156526
86 90 54595
666 668 176804
880 887 135560
788 792 113810
947 953 258716
304 308 146924
950 957 194281
614 615 168650
420 421 168035
557 561 267481
677 678 183677
514 519 196729
738 740 195834
471 478 211631
332 338 231863
651 654 223066
121 127 69302
607 610 143622
207 213 92929
937 939 111144
304 310 157770
696 697 141350
556 560 171878
792 795 158461
633 639 166907
734 741 138023
280 285 190387
388 391 119271
122 126 192574
315 317 201837
919 924 180205
874 878 118394
234 240 224886
264 270 255114
846 847 146324
610 612 164667
526 530 221453
193 195 157672
153 160 142894
411 416 123652
284 289 199618
691 693 249052
630 635 172983
267 270 231888
492 494 216243
601 606 188019
840 846 140593
790 797 123773
936 943 174319
284 285 141927
561 565 107787
548 554 182831
429 435 205032
296 303 115992
650 655 91645
104 110 210274
775 779 139358
516 520 179786
890 895 196268
517 521 179875
348 354 121315
429 434 209628
142 145 120759
611 613 91213
875 882 180713
547 553 164338
313 315 73510
897 898 205239
105 107 126673
711 716 138440
693 698 27020
78 80 131701
827 834 187603
973 974 109976
235 240 187558
929 931 143465
498 503 127957
283 290 183869
571 572 203633
789 790 183775
553 559 128595
387 392 249189
340 345 112576
96 101 196454
501 506 150838
993 999 227934
850 855 63393
405 408 141769
319 325 104599
163 169 158889
511 512 248372
892 898 149647
197 203 84084
113 119 101596
268 272 205616
835 841 241839
458 463 168695
393 399 207352
679 684 147180
234 236 224691
912 913 55561
431 434 229976
167 170 145664
563 567 201633
529 534 206286
320 327 135365
310 315 99488
103 105 162177
940 945 121717
586 590 211951
352 356 149136
807 809 23292
173 175 191562
744 749 159010
225 226 201878
632 635 247584
410 412 162816
762 768 75421
540 541 131103
155 157 162957
886 891 136567
5 9 167910
746 750 135476
371 372 126637
754 761 83335
199 206 273377
533 538 166640
126 127 189958
769 774 203625
592 597 139445
708 713 128657
713 720 210497
731 736 137286
192 199 148185
423 428 160753
422 424 48138
1 17 134854
761 762 215185
882 887 68450
186 187 128193
290 294 181976
577 583 176404
804 810 205651
169 174 64825
920 924 115714
730 735 152099
45 48 158744
522 523 200025
639 645 185679
934 941 154422
251 253 153619
496 499 190653
628 630 144161
668 670 129935
337 339 145519
984 986 101974
811 812 133113
527 534 215182
635 639 127032
685 691 188042
53 54 217288
638 643 146223
3 5 158434
233 235 94004
930 935 182548
551 558 109791
530 533 154132
113 114 204267
519 526 162388
659 664 105005
799 803 74881
516 517 184169
984 988 56406
533 536 53957
733 735 174025
65 69 162582
710 716 152152
65 71 199071
805 809 120784
898 899 143971
968 972 168032
167 168 115822
711 717 160764
307 313 110338
5 7 140053
141 145 134726
330 332 90585
501 508 215590
206 213 159354
670 672 203225
562 563 89268
475 482 138415
539 540 91700
236 242 226176
373 377 101949
581 587 176734
288 293 189736
142 148 194454
914 915 198320
878 881 164695
451 457 173701
102 105 175616
30 31 118156
699 702 231346
517 522 169348
752 756 161988
600 603 96171
269 275 236796
538 540 113319
754 758 117841
688 691 158591
749 756 236410
441 446 226497
723 729 136433
680 681 182876
96 103 169243
29 34 136544
98 105 140998
964 968 248522
311 312 110792
213 220 105939
189 192 160147
276 277 191135
638 640 152942
693 699 58701
741 747 154574
863 866 76206
471 474 207251
399 400 108115
241 243 164180
707 714 170762
605 612 190083
1 127 64209
543 545 77177
772 777 94001
566 572 245661
488 495 143967
334 338 166510
811 814 165219
678 682 211609
436 437 152135
952 959 203760
399 404 120410
677 680 132705
573 579 181472
693 696 167995
340 346 106109
571 574 206026
334 340 112255
519 523 163671
462 468 130638
480 485 128895
660 661 99586
294 298 73397
57 64 149897
865 866 190681
62 65 197101
724 729 130184
197 199 91027
21 26 107816
703 709 90577
134 136 196788
1 177 74105
164 165 162635
983 988 92267
26 32 224942
556 557 118747
504 506 78045
851 855 147420
742 746 169799
492 499 233458
530 534 197665
27 28 140162
839 842 188813
201 208 143484
554 556 60025
940 943 59823
715 716 119006
476 482 159304
186 189 37297
101 103 86465
271 273 57305
167 171 123537
212 215 135121
535 538 198564
793 798 246030
121 128 174420
111 115 244280
55 57 176461
32 35 170189
703 704 160978
299 301 131922
336 340 174040
472 477 163211
724 725 114537
8 13 190512
236 241 150381
182 184 194871
926 931 109474
838 842 200332
945 950 169955
838 843 229472
785 787 95171
720 727 205312
532 535 118147
955 961 120620
511 514 217980
819 820 171787
257 260 105239
2 9 166099
829 830 184873
864 865 100815
106 112 250849
782 788 185708
104 111 158892
82 86 226259
682 684 233532
1 154 147381
390 395 158708
687 691 165459
734 740 65758
265 268 177608
942 944 79430
443 450 173189
476 478 243355
737 739 191676
167 173 154041
775 780 138602
778 782 60971
65 70 139837
171 175 240603
835 842 156667
305 309 261728
831 836 199792
648 650 215643
505 507 171175
904 909 212566
619 621 122178
975 978 95106
844 849 125915
721 722 197872
793 797 190253
975 976 83843
227 231 91777
111 113 189671
323 324 139179
696 699 67343
2 8 173659
947 949 206426
651 655 248271
587 592 86147
599 602 101037
462 469 125917
444 451 166158
402 407 227685
864 868 204990
89 92 144048
589 592 192227
826 827 257745
576 581 237759
991 993 147736
657 658 221014
843 845 141185
544 545 210652
522 525 208526
969 973 131160
91 93 118192
847 850 254282
716 717 157699
869 874 180889
758 759 152671
712 718 203681
108 109 127659
520 526 192918
35 41 152422
539 543 150722
961 966 237335
51 53 121326
955 960 244141
718 721 127386
910 913 181432
203 205 225671
120 126 71468
895 899 163799
208 210 195270
995 998 200904
675 680 211709
689 693 222777
623 624 142189
150 154 176788
126 131 206073
223 227 212919
735 737 157359
620 625 216755
289 294 204185
760 766 112220
855 860 195383
81 88 165318
624 630 171571
272 279 135413
403 408 176018
486 491 100874
