500 1999
320 410 98216
73 428 189575
432 438 139266
120 415 118981
68 383 204245
80 406 120077
348 382 133414
110 440 92375
30 179 139537
336 381 173106
31 351 237208
218 310 167079
358 381 223818
25 493 218349
139 448 141390
41 374 72740
201 411 162171
5 28 131741
210 342 178508
109 457 188071
121 219 261970
96 409 239548
484 495 101480
112 158 202328
50 81 215498
281 285 131132
103 235 156153
21 318 195612
324 377 182840
3 330 49481
141 311 135725
20 150 141659
386 419 134918
79 117 165773
167 326 177838
353 391 182894
252 333 141158
80 261 76838
127 423 77584
419 476 170143
160 401 240046
1 33 150704
79 396 69474
79 84 171043
161 193 175237
213 406 147529
83 432 181639
38 233 95128
329 414 129778
99 354 120626
84 85 85134
144 427 181061
226 437 270728
49 263 130072
166 326 123480
287 426 95033
1 45 196706
268 319 149632
250 476 81103
60 327 117778
163 197 172052
33 219 186546
268 491 120877
244 472 184481
113 145 134561
99 331 177167
122 256 211724
42 285 117044
217 465 184135
7 479 132363
251 413 156785
285 395 227724
277 463 138373
7 266 111249
246 358 60158
295 344 89727
297 498 155796
193 360 61771
15 46 143912
11 235 136482
358 459 166935
447 491 128058
163 415 106096
47 153 161687
11 79 120069
212 416 148314
67 326 183768
75 146 121536
130 249 166375
85 260 175263
286 321 105613
133 332 103140
12 429 171492
4 418 136808
29 147 119559
178 378 124621
172 231 135821
329 398 126405
47 84 111773
74 390 163811
429 440 57731
1 265 151618
204 482 179899
130 223 192375
320 360 50613
366 380 75334
278 326 126700
360 457 151799
27 245 93167
201 229 177246
127 219 129464
4 353 178622
42 352 207904
491 500 253788
106 260 108867
310 427 189364
41 284 92516
37 480 56126
236 357 102813
137 297 176870
306 471 80741
132 271 188546
54 194 135236
349 394 191645
133 425 116989
63 490 162252
376 396 187921
169 321 148408
71 188 232522
160 410 125873
93 96 103007
221 461 169935
204 418 203101
115 441 103241
35 78 172076
310 442 114611
233 483 149473
199 386 70510
3 478 132826
204 466 197542
190 218 78629
194 290 171019
53 185 130320
191 262 106285
71 491 123126
67 310 201500
91 247 191442
45 60 152713
170 185 98200
24 31 138750
188 464 85726
80 446 150746
18 200 235649
32 253 98548
43 433 201345
282 360 168748
303 399 162720
301 444 153908
216 498 221943
24 243 153953
76 331 162180
75 142 83861
80 233 114117
53 213 144959
182 394 144039
52 408 112058
147 362 178247
35 366 171762
179 283 161024
28 394 198241
6 366 117087
474 486 199397
59 133 151757
183 363 226289
118 250 177891
189 252 165685
200 229 123593
469 483 151104
145 158 104296
261 336 203490
92 237 229450
378 495 226857
119 340 109963
153 233 121208
250 260 146750
231 305 189867
12 491 78399
276 429 132214
81 149 84120
79 249 64761
154 294 81425
128 195 75383
231 363 192526
6 45 136933
135 411 176474
325 432 117889
12 274 93033
98 201 242418
389 484 147755
299 486 131047
114 431 139546
428 450 203140
452 456 196114
314 453 135603
227 413 102553
278 420 95970
75 394 155958
7 387 149467
30 276 205212
320 407 119617
102 216 112004
72 482 149076
452 476 171495
320 483 85212
12 296 87393
182 293 87402
212 454 178830
92 221 135532
330 432 231662
195 425 236949
341 486 167342
76 210 171988
15 197 242747
24 397 178980
186 442 93568
49 473 121955
91 159 77515
287 402 92520
94 439 138922
73 394 160874
9 391 135031
333 346 136101
3 360 109667
249 381 150425
239 446 157414
287 334 65353
376 441 177276
165 291 137997
102 291 60656
161 204 101174
60 331 100084
197 203 143979
352 369 159508
216 262 162668
14 108 38890
117 122 39308
147 370 225400
100 325 217732
184 240 239750
63 335 231419
198 478 192157
239 338 175860
262 377 111816
47 434 52818
72 99 103194
148 424 196230
180 285 100102
69 247 187856
405 500 164443
88 234 144497
119 494 152463
135 308 90622
347 406 172566
94 157 195485
49 113 264917
13 149 51879
172 220 179240
115 231 68167
260 480 48292
45 78 186304
381 463 85499
131 356 254938
130 197 151539
304 410 89607
237 313 151229
182 231 114394
318 393 157134
112 196 208594
254 500 266997
138 352 214464
190 448 138687
139 423 119471
185 341 167380
302 451 158623
2 491 155888
189 461 118702
262 301 140660
4 170 224970
436 500 218752
12 119 183158
167 447 81355
258 302 125912
194 333 91477
76 458 126339
11 177 50909
355 453 120978
479 500 168174
61 378 54344
6 294 106210
10 254 133086
322 436 146769
280 382 134778
485 494 215998
147 470 111816
34 46 162591
117 292 139930
56 89 186850
438 480 111506
134 295 177802
79 366 143499
353 463 148170
148 340 184719
112 278 244359
25 279 146697
484 485 46673
247 403 107832
393 451 137007
267 279 110166
2 320 209241
28 472 239926
186 448 100476
24 320 240180
255 400 142089
412 433 164452
171 290 148589
256 386 49271
315 353 95071
274 409 181048
38 319 63516
311 478 200080
258 399 163486
95 457 186710
364 448 113899
164 263 120351
163 391 127414
236 382 199471
277 437 248856
413 466 196059
337 499 113403
44 121 123270
63 458 130126
210 394 101283
132 181 165469
195 357 157663
418 470 125659
106 342 196539
25 67 233442
275 401 148528
114 351 134436
60 165 155757
260 311 84743
32 187 207117
87 138 97393
35 236 176248
107 216 233309
82 490 150021
146 339 146078
149 328 258379
304 445 112075
115 338 103806
48 315 185165
16 434 166943
238 297 218840
27 346 58014
32 397 167439
303 496 110222
31 93 264858
252 342 187230
72 470 115311
183 321 164403
208 383 110019
175 344 65843
281 468 124771
146 211 135616
203 236 127580
267 410 169833
118 415 39864
43 455 110333
457 458 96092
235 240 187242
310 480 58819
119 396 130154
32 483 163311
69 125 163253
120 385 172460
82 118 153208
405 474 126501
126 207 123443
411 499 121101
218 226 171151
94 207 149617
82 227 179731
297 319 117123
104 254 66692
72 192 166557
34 119 190286
69 342 136563
87 92 140810
289 312 79405
19 179 159369
451 484 237152
122 303 139141
234 482 130074
23 491 155396
213 377 176909
200 287 168346
196 344 79943
127 192 158263
30 450 204498
417 465 158053
109 450 108898
397 404 124731
316 500 186241
33 338 36821
19 413 159294
128 295 181699
342 375 89011
129 291 136450
16 309 173929
56 278 195425
88 165 150168
261 362 202252
154 500 170395
62 150 120400
55 373 203706
453 492 202283
196 226 49721
118 212 67841
188 208 135492
169 367 209983
42 167 160668
77 351 168612
197 398 92996
282 358 132784
130 432 135741
55 67 205066
122 177 153124
209 385 168566
289 299 140221
31 140 137031
381 481 100857
47 72 178628
197 258 102504
370 499 67734
158 495 175436
380 448 203287
353 437 257228
111 489 184947
2 248 195923
19 497 176381
262 392 159778
91 130 195034
196 238 76827
217 241 197593
259 305 224998
370 425 92927
363 364 113436
126 424 173435
109 272 136947
258 409 143459
80 462 193090
167 179 73555
239 348 207505
392 394 130340
4 90 186827
171 496 118544
62 85 129266
350 428 77276
27 232 185854
260 368 111089
102 157 101897
102 327 125173
310 443 107147
286 327 216107
239 373 189217
360 365 114835
275 451 144866
111 283 182031
179 332 161207
1 89 184761
287 499 47373
283 480 173086
449 451 126172
243 244 165162
42 293 125664
336 487 136602
79 80 157792
415 418 190460
432 439 123908
47 151 70521
140 361 159420
150 275 177690
245 423 134911
182 474 152930
101 363 146749
195 333 216301
7 413 154532
58 414 100759
264 339 97877
20 496 62679
92 415 134095
140 436 233623
129 454 141044
23 343 181878
76 248 42999
445 484 218572
167 465 222931
402 476 109005
417 429 164493
150 251 161120
293 486 241049
140 444 136441
271 401 111728
53 105 80345
63 417 150253
288 295 166831
63 116 244036
158 201 166589
109 195 94569
29 427 151948
139 355 114269
314 477 221382
35 494 162328
470 493 225149
2 302 148366
133 156 120144
35 373 188871
215 409 138265
424 442 189335
71 273 78892
19 28 176483
249 259 78499
29 468 100984
124 355 160499
46 71 138675
306 418 67690
396 429 164832
443 444 119844
50 473 70025
296 336 133852
318 387 163689
59 498 204174
26 322 125890
331 453 148506
293 348 194295
172 279 121760
105 467 84865
420 422 204048
18 227 228200
389 431 122488
269 480 126083
278 438 95085
135 287 171903
229 450 120448
103 428 156990
34 396 153777
66 486 167512
218 362 209717
108 127 186409
336 355 125575
363 375 53870
213 487 158803
198 210 243688
120 214 110640
173 238 158167
151 493 273038
199 206 149051
6 13 125398
84 103 115331
57 484 276466
234 431 107332
186 292 190241
113 279 96665
88 97 146096
246 317 72851
213 322 139133
48 487 119635
101 354 163226
102 385 155400
100 366 181865
230 370 205304
165 211 149468
341 500 121393
120 256 207634
78 229 237805
325 373 205026
91 285 83225
129 486 203489
85 138 75815
130 486 183327
118 229 165768
180 229 197147
165 228 146016
140 316 207014
128 413 133889
49 496 116385
120 414 153747
182 321 67931
271 452 64697
54 428 96936
263 401 246260
243 338 149117
1 81 214371
47 177 23076
20 56 43838
74 301 127186
224 484 127703
139 413 51340
12 298 140144
305 370 175326
312 426 98912
105 133 229183
125 439 96520
276 329 103426
190 465 168149
326 359 95010
384 453 126936
333 445 165884
284 452 150631
32 171 202318
125 315 153153
234 441 163567
110 434 60924
354 482 152250
20 172 130564
190 241 103882
2 312 180427
300 483 173194
125 263 91337
59 104 91883
171 401 216261
378 395 203268
23 172 189179
211 310 185328
375 411 196356
90 416 105591
30 356 245628
192 286 117655
21 310 167013
126 367 267139
140 170 180622
390 497 137211
84 436 99338
311 327 232521
168 383 226281
234 242 163131
156 261 120040
405 442 126387
221 299 167187
366 453 101354
208 475 176368
257 393 94429
196 306 161123
383 418 101064
278 378 102891
17 212 87138
161 212 83989
242 425 195685
146 422 89445
141 437 119869
403 466 105766
405 457 122188
102 252 56055
101 312 141270
260 316 119484
222 390 220980
13 80 152691
128 440 163335
167 232 202851
116 277 75624
246 263 158401
234 425 160918
49 365 150880
1 18 138788
193 356 163108
136 434 105326
154 335 251250
309 462 100322
1 234 152082
109 466 105114
284 332 147084
59 168 89597
14 469 78759
35 414 177420
163 493 197018
316 492 193079
118 490 151896
74 310 209001
38 308 98080
1 3 175896
86 338 172226
22 211 130053
327 476 115226
122 133 276854
16 78 180373
143 328 170478
144 493 241796
15 75 204861
429 485 75610
37 236 95297
9 235 143244
318 373 134379
209 430 232521
79 301 60389
307 475 226256
227 326 130484
290 329 99836
89 342 162107
75 180 91398
164 321 48364
488 498 255583
109 173 125440
367 373 91447
145 392 127943
48 90 197029
10 93 198094
227 466 116552
328 389 134984
132 424 159553
185 384 141397
91 335 123775
229 357 57919
164 251 122088
249 320 132981
3 373 129574
228 483 245881
83 164 218167
98 333 136174
305 333 132310
96 430 125254
18 194 197899
281 457 175559
1 465 220500
228 432 217586
25 435 207673
9 455 90094
290 422 79441
37 212 99729
67 398 140614
18 327 204498
371 431 138923
375 479 210939
29 426 64638
46 250 196635
241 404 162371
147 225 116309
113 336 141796
37 137 115938
318 364 174986
189 384 204370
72 220 188625
95 228 53011
1 69 234137
66 171 139515
129 447 51191
176 290 256618
136 477 158910
232 497 154875
337 374 127249
93 229 139995
112 363 195664
68 151 138035
260 306 94107
380 444 184460
109 181 158795
21 297 182404
157 410 33798
130 182 122390
47 194 146318
226 396 169184
330 338 179611
402 409 210831
339 491 93375
68 229 240299
171 244 195360
249 466 190794
76 439 89233
347 457 180805
11 228 115936
265 472 214125
45 104 161781
11 99 128055
279 473 162061
79 252 105143
462 482 106376
33 91 185300
240 394 108905
110 393 103072
236 298 115656
21 45 81519
60 158 151870
78 306 178181
96 351 132377
100 446 198178
33 328 173815
76 393 153296
60 261 107400
83 93 186604
323 457 152211
291 442 193836
126 431 156113
205 297 272083
394 489 187921
376 456 273998
140 281 178270
100 354 160661
129 343 145880
104 143 162347
143 235 142519
311 370 186319
118 195 129774
247 280 101086
316 418 154135
11 151 74202
204 289 223012
131 473 126726
156 302 161998
147 366 138770
330 393 176064
144 392 118139
168 208 144314
24 189 153924
136 257 239861
345 348 164849
49 95 226096
57 347 208536
164 465 154442
120 202 169291
89 247 199461
316 403 163846
76 320 130718
260 426 94591
476 498 247784
111 251 111930
302 343 203035
51 209 193697
204 352 229298
144 424 177237
332 406 210193
228 444 205408
425 433 207518
111 344 202472
195 440 195703
93 381 168923
146 183 86245
113 332 143352
68 266 150851
128 456 237818
239 428 222705
295 365 140790
137 250 123993
26 324 165883
107 337 203368
28 423 188512
368 456 192864
63 216 229051
15 451 159803
126 215 251419
72 225 145037
236 323 163221
161 384 153083
51 234 135788
188 458 83695
102 151 50165
183 230 170220
141 196 153082
218 255 190744
173 410 171067
380 394 159866
215 412 83410
72 373 148861
298 347 92712
330 417 156739
108 386 154158
168 354 121326
25 427 210120
78 380 137697
108 439 197082
63 397 260873
173 242 187107
233 435 134630
67 401 172133
135 313 127775
460 467 95489
4 245 207025
152 452 96171
25 457 187030
95 424 134444
174 273 76147
233 364 224041
131 290 245395
235 300 160443
81 358 105852
71 300 196656
5 442 141489
325 358 137332
93 192 185699
51 316 194167
326 411 113671
183 370 176859
93 263 119008
360 393 191028
345 369 212769
111 117 262683
94 445 198786
230 453 189600
163 420 101735
431 482 136985
215 454 92345
61 469 187785
317 330 163048
11 82 50081
124 129 107083
6 440 65401
273 354 187421
2 128 209581
135 348 100924
108 301 168073
146 213 158321
65 480 61067
152 427 205950
172 364 203259
138 355 228134
56 481 82218
440 443 192872
34 103 151448
89 280 145800
284 464 164972
61 464 110559
87 360 105813
38 181 132325
54 255 92962
131 151 163574
32 93 189234
304 496 90618
159 201 165988
342 486 198413
259 312 227888
227 437 147876
239 434 142477
43 275 190126
372 486 207871
52 121 119497
453 456 203022
380 435 166015
27 432 97447
283 469 226537
369 407 119164
264 438 83032
200 237 144369
139 293 56647
92 225 132465
300 496 144419
18 113 262211
81 408 187352
10 356 169230
150 457 144164
208 229 128952
5 314 91369
53 393 97774
310 417 159299
275 346 58230
140 211 162252
36 145 156428
60 120 177233
23 135 208533
72 189 64500
98 141 228668
146 192 116766
292 345 34027
158 426 158538
123 331 120274
23 253 212753
55 63 109828
18 156 235407
168 313 161407
40 96 148558
225 323 162850
297 404 38179
3 431 98836
5 24 176851
324 436 193976
105 455 165227
394 413 123331
254 421 131869
217 225 149540
114 411 211674
237 319 141510
28 161 184559
375 413 142424
139 210 103242
28 47 272471
355 457 142532
341 415 63539
156 443 116799
69 413 106502
178 253 80855
8 488 63438
117 163 63287
86 170 250188
13 162 116077
288 356 250253
81 331 103984
73 103 190458
293 388 165205
142 292 167525
228 433 228193
247 345 58897
454 463 192956
417 464 109409
403 433 85640
142 450 183212
201 462 125357
62 471 138043
122 405 238585
252 307 134798
219 411 102959
291 434 142186
105 487 74658
200 223 117029
54 445 111354
19 174 211246
109 192 124931
37 316 72487
219 395 160516
73 364 218049
251 352 163305
118 442 140043
197 369 85326
16 378 157261
375 494 161483
112 375 185228
176 419 196248
1 100 153748
88 392 213809
158 179 155193
10 56 134485
58 290 174215
8 489 99955
398 463 213166
130 261 139143
81 337 154198
113 405 146558
206 401 114339
193 486 145316
200 394 129108
234 475 165445
157 287 109040
328 490 112754
414 429 222445
103 485 116849
353 375 157075
118 472 161331
237 324 138126
374 482 170815
120 185 201902
84 291 49712
206 215 166452
18 488 173473
68 226 186344
66 343 95615
32 141 179561
275 481 57902
190 449 103627
446 462 207841
66 317 59902
17 66 213619
82 151 172830
145 274 59162
77 241 142909
89 175 231181
296 441 155787
182 331 125810
248 343 180094
61 486 214321
221 259 110021
63 492 235761
19 458 116739
34 326 253363
361 477 167587
45 433 176776
118 370 128273
302 415 115591
100 495 197108
129 260 106573
23 113 228130
236 383 146983
61 325 132308
95 358 144069
329 464 73002
63 66 262745
78 374 164366
7 372 66848
262 279 170248
197 396 178344
232 281 108405
166 348 53959
246 418 89887
38 378 97210
233 332 133537
419 465 189553
209 393 189038
188 313 179329
250 286 118646
282 343 144401
108 478 192177
63 451 184390
23 86 169824
49 152 240295
98 219 177442
192 209 73744
355 451 126958
425 500 149432
243 437 194748
5 66 209899
7 77 132702
303 382 210597
16 141 230861
51 230 149725
29 350 149970
460 472 114417
226 254 94586
80 265 108168
39 475 252322
1 59 201034
225 489 148972
161 208 212622
47 421 87886
122 278 267197
24 226 177890
126 272 235576
238 402 113838
284 371 204701
91 327 159559
302 398 75175
5 103 188908
222 427 236371
118 210 151533
12 461 90895
18 220 245522
96 169 175503
59 435 97368
39 492 264542
55 371 188713
310 330 106707
1 238 153903
209 449 135013
255 379 151611
433 496 119429
339 443 165897
26 443 197499
295 323 168519
19 117 277896
2 310 238182
129 306 121221
205 265 116827
419 454 144819
482 490 194400
185 239 145518
256 491 106490
288 324 223204
142 430 157311
117 257 158287
211 499 91233
42 166 192966
144 232 168385
359 461 82095
157 384 91712
48 480 104572
65 68 117107
262 433 201787
42 133 176744
192 467 73516
327 467 143505
42 236 125578
478 483 151688
50 433 214677
180 436 196078
11 318 114250
54 199 105335
370 483 73233
192 288 51298
311 318 156001
327 355 157671
412 455 134068
158 344 130545
194 352 162388
172 416 162859
151 342 261429
100 107 197876
244 432 128875
113 404 88026
207 375 137681
164 380 145703
207 248 93442
80 378 98066
317 379 144521
457 483 120438
105 151 99640
62 220 154102
106 271 151784
52 381 129457
215 481 53239
191 397 180418
391 495 112258
242 439 168249
65 124 204451
59 364 173619
95 318 140650
334 399 218289
295 406 180318
8 25 104695
228 324 219984
196 199 117456
174 421 72280
218 442 162577
199 289 163310
44 193 193976
86 261 173120
115 290 140844
162 359 174364
416 496 136545
91 351 167118
344 426 108478
146 382 81960
265 428 205402
175 363 96875
83 177 63498
58 178 109074
297 325 135808
295 301 145850
259 279 219232
127 390 151416
44 307 88515
5 464 86548
2 51 191249
86 120 164296
368 488 148410
132 467 150153
121 145 232791
3 391 166022
221 293 151710
45 280 156803
327 392 165683
8 73 131624
195 253 170163
329 478 128892
59 457 119236
366 416 153131
7 203 67197
171 471 112391
53 293 79115
351 410 144864
20 108 98050
322 484 185755
267 414 207020
131 474 145798
123 173 169421
74 351 172080
285 305 202957
101 398 50925
22 202 108457
133 325 162014
10 247 156639
383 406 127335
8 447 71778
179 192 222872
2 366 149531
112 193 249756
384 492 163899
116 350 152741
44 218 96033
32 252 94312
124 452 104935
227 366 147939
110 269 59146
92 302 99271
301 418 196384
137 139 153932
234 367 154153
202 443 124563
124 354 74570
138 401 204419
201 321 94237
146 225 94985
231 401 292226
57 234 232750
182 250 123336
134 205 117270
379 433 222123
165 195 125111
147 249 220841
144 235 212545
237 444 87624
31 212 185335
39 327 187792
118 346 136759
223 460 159249
378 408 273374
93 196 122700
154 474 158295
96 206 198535
238 458 145779
59 477 121103
224 450 90023
384 493 143140
72 181 135076
444 500 237528
190 375 150453
292 476 66744
383 397 88881
331 469 193671
342 469 172394
79 151 66569
377 409 184972
163 324 107828
35 145 145294
181 320 188396
423 440 174245
77 94 112305
23 479 208781
172 371 159375
180 221 184489
409 465 118620
278 283 76289
182 414 135251
82 174 156799
407 415 135691
53 260 182075
344 373 186167
229 436 68295
353 455 190540
7 392 120378
295 482 75070
118 163 97779
313 437 154720
151 328 270636
146 208 147222
50 65 214367
68 262 199268
175 430 107121
8 206 219793
132 174 208832
184 260 254556
98 433 206548
270 302 146371
81 500 201050
357 372 153809
175 232 83224
33 313 121252
381 483 79924
260 378 31279
45 97 181077
94 106 175853
8 297 164675
23 25 109805
364 489 91268
139 292 115203
458 498 258401
151 244 157414
400 429 119576
391 488 128990
317 326 238260
20 42 112426
164 460 165347
468 481 82752
207 367 218113
259 458 190074
44 477 155036
471 476 206068
99 483 208673
162 293 52323
208 346 79789
111 396 198938
28 177 123400
33 235 209993
439 462 221384
283 448 203460
100 203 205052
195 489 151505
210 443 93238
326 436 140310
109 369 101101
15 89 162458
18 188 209908
189 243 167073
372 452 197248
186 316 137146
276 323 199229
151 478 166169
249 310 200060
87 195 49765
248 429 179584
107 252 153390
172 345 123395
84 255 138235
36 372 63271
318 407 96034
211 275 124964
99 403 248743
144 362 152917
223 247 184360
55 474 132094
161 170 138926
85 312 211864
13 54 180766
3 188 157125
37 205 81033
116 261 126244
73 446 140816
383 499 74663
67 478 191634
208 481 87619
62 412 106198
335 361 112645
56 290 257531
323 378 79415
124 378 97703
421 474 172410
183 377 190431
33 128 153542
441 473 61831
60 157 224017
151 296 138927
179 468 131238
417 486 205083
26 401 212557
420 500 175439
374 419 195907
408 459 96666
167 208 233807
50 272 227759
17 44 115689
308 414 154406
274 487 167506
295 462 180022
163 393 207429
97 267 170299
1 397 179591
41 354 90875
223 279 150721
70 314 123856
368 460 174148
301 309 224690
44 300 189663
27 67 111457
217 380 162700
46 357 76709
98 428 125993
35 126 138057
37 413 71535
130 152 128549
67 162 151798
194 420 55005
240 277 94102
391 413 168880
203 394 217361
251 285 154739
323 338 106377
177 294 131756
271 466 126801
2 277 165514
48 308 174823
202 339 185331
12 305 153794
182 287 200694
254 356 244949
208 318 197159
59 406 189204
163 310 125609
153 258 155785
72 315 80073
140 266 163018
22 492 161664
183 343 228239
245 371 203403
32 37 225559
43 471 107117
239 323 183815
148 261 220547
199 345 157812
168 289 239151
38 73 128589
107 497 160991
139 193 105326
12 141 176027
306 361 176761
120 479 163634
202 294 116386
162 369 141710
99 344 152419
70 429 146348
284 383 165834
235 340 155454
49 281 228580
124 223 154590
266 434 96451
385 491 56528
390 415 68526
153 351 149135
193 443 80340
263 280 202709
37 394 85212
353 475 228683
325 376 88414
38 151 55640
110 482 110775
114 332 142276
48 80 225594
158 273 143234
107 262 224534
12 460 187009
190 452 85980
31 414 199960
297 365 55580
151 351 157753
143 379 131291
81 186 166815
12 402 172956
258 425 121459
208 279 149577
153 359 77318
362 446 169887
339 470 181829
9 172 76646
220 446 100150
91 255 162851
391 423 84373
28 317 180559
67 154 123856
310 472 162207
402 473 56073
42 114 160147
131 417 138401
127 341 202984
86 431 173173
241 355 193997
210 262 108220
16 374 141391
83 216 161543
155 448 101886
252 452 167485
92 109 209858
137 296 138460
21 123 92123
180 410 176673
130 140 61847
307 359 210699
392 452 128057
2 190 211955
30 346 196350
144 330 122863
3 479 102747
13 30 108948
9 403 195185
245 308 150268
76 239 111479
49 319 150100
114 228 57217
393 402 153278
208 401 131787
23 231 109648
150 284 154061
326 377 137340
26 192 202454
171 482 132331
341 414 140120
383 404 127924
15 340 152108
248 361 155667
276 479 164813
164 322 124768
138 288 180551
39 408 191242
274 415 168016
11 154 120649
212 376 170434
175 350 103993
157 160 116798
484 499 59079
194 319 144118
337 449 97202
294 496 186976
204 273 105671
111 276 203315
31 152 264117
306 484 242578
160 329 120578
372 414 144695
346 446 152754
99 272 165647
207 439 169762
20 100 88427
384 437 127277
100 371 245235
436 484 149599
233 442 194964
78 478 201045
12 493 154602
166 245 50856
74 154 138647
32 68 145095
180 399 129218
57 408 230916
100 397 200927
212 399 125499
93 246 109143
212 221 206752
190 267 85470
116 377 73723
187 418 121144
47 173 69157
109 294 90271
171 381 157101
434 476 156052
289 448 85828
93 153 126287
103 252 112901
34 40 143395
13 420 43543
293 315 173961
11 423 143256
297 324 77553
47 493 177213
51 424 192792
330 366 223848
346 383 218262
299 464 26239
347 475 185056
91 246 213658
245 495 161125
296 471 100365
22 183 135936
149 332 127225
31 192 247540
165 369 158795
430 473 80363
318 450 176858
17 239 76412
128 388 186364
180 483 220934
162 195 66386
39 174 165270
9 30 49557
1 21 128814
83 211 150260
369 430 166164
178 420 82203
25 232 233724
225 390 152906
61 328 216955
76 329 86076
257 332 88281
34 420 144752
168 209 96023
61 134 168141
335 436 169703
115 249 74069
40 275 247902
301 302 158938
119 153 159891
16 488 83779
164 293 70690
465 471 85812
218 400 228454
4 410 147774
41 94 61132
278 334 103277
276 392 116159
11 163 111095
3 48 66920
31 86 162199
30 141 249476
405 478 168086
209 285 105670
82 325 205519
328 451 133852
342 490 92345
268 333 129006
248 445 188448
365 455 178938
361 466 117366
183 188 192533
352 491 111306
459 461 130314
354 493 250207
296 413 177703
141 495 87823
428 461 121171
438 457 119343
116 236 151697
334 400 214713
30 458 171860
231 420 170627
69 366 149098
85 300 146613
77 123 68634
120 168 207583
165 420 116400
143 490 86746
221 239 152678
184 360 190099
23 176 154161
50 402 198342
3 500 108163
253 387 221792
244 438 91538
42 439 183609
272 487 106199
129 452 85910
124 295 152710
366 431 102538
257 318 175886
297 425 93666
69 268 157912
378 451 174033
263 293 156473
179 364 188609
153 467 134237
231 481 143543
218 470 122333
55 222 163567
200 258 113974
29 193 122173
65 175 192581
47 200 94494
23 55 204602
12 79 180780
168 243 152875
169 358 144444
223 366 90174
39 371 193110
111 231 111965
149 357 139795
64 311 85119
116 413 139622
87 108 59422
200 273 83497
199 325 116686
409 500 103298
49 388 188360
63 298 215506
97 340 213925
188 296 97123
347 453 164121
4 27 239872
251 290 225476
160 333 220233
244 351 97280
1 71 178343
107 298 189476
56 487 192435
187 298 134048
387 488 63118
49 360 136177
336 344 90923
203 467 165211
171 431 70854
127 278 173585
3 70 121360
225 349 109606
228 239 163891
383 420 30967
68 487 106391
141 426 45812
245 280 145931
210 240 175262
256 473 47501
191 466 147457
119 152 207158
219 481 6388
80 449 57743
19 378 194225
366 462 177553
114 376 93274
4 336 182629
288 409 252068
16 89 218049
262 331 130072
125 139 159049
21 316 125109
306 443 108212
96 139 177766
4 238 158472
169 454 160703
456 477 155111
50 85 141818
236 281 171521
12 335 163931
80 253 143987
324 450 190631
33 480 101347
303 452 175568
103 396 176492
33 55 79066
325 408 129151
183 186 261766
326 431 115251
112 357 131769
176 376 126937
150 414 135333
166 404 61396
404 453 155634
307 412 197654
360 416 168657
353 363 214092
52 332 143158
33 215 137920
7 369 92218
366 473 152277
331 350 247432
59 358 96212
162 220 166046
81 416 99042
211 305 135267
265 308 246011
90 121 89951
80 404 61219
230 279 136586
81 434 126848
202 376 131952
30 401 231464
360 397 146077
44 241 100859
137 329 118728
189 363 184507
255 437 231291
211 436 103512
293 387 262826
54 463 70362
36 142 128520
24 239 100717
235 421 86186
68 272 221764
152 193 106272
109 265 54850
18 208 210456
335 447 118172
179 373 239049
54 411 112600
348 366 142663
316 471 139520
74 299 267103
419 498 212672
110 416 48113
8 388 106506
258 430 189297
151 251 154781
353 493 206533
107 275 178592
158 159 143639
347 427 174075
381 434 48977
209 299 191300
68 268 185709
33 359 123997
105 311 91241
203 262 180002
152 265 79346
230 280 148280
7 59 144124
223 454 122194
121 414 165303
87 248 114797
140 452 153744
196 446 90713
36 90 72592
47 141 165601
140 325 216149
90 441 143789
212 444 116118
59 497 76889
370 455 84707
281 290 158298
105 346 101293
368 427 253325
130 498 187135
33 248 57496
383 443 99667
67 126 140929
144 289 224154
122 479 169735
303 480 157357
75 107 67337
132 203 139832
79 419 51097
342 406 97843
171 205 74902
71 395 177678
259 448 155454
265 294 195394
213 482 101109
54 303 102908
53 108 64842
492 500 133271
208 242 84091
251 366 202937
217 462 235677
162 373 187545
388 491 84963
196 428 112152
63 171 207339
227 388 131984
142 226 177604
317 421 113377
172 478 146062
202 499 156964
272 316 102190
178 182 149078
36 340 131462
107 177 153799
86 241 132312
127 142 111224
39 431 152926
29 192 130932
316 451 160931
217 475 217494
22 402 130641
219 451 72530
241 308 165676
156 495 161423
201 459 113069
392 462 137513
376 445 129461
262 360 113790
75 485 127286
276 344 84117
62 333 90914
103 415 72796
173 398 81907
121 403 251416
163 446 196129
85 410 160825
6 107 91082
110 436 101139
25 311 207755
171 394 124832
165 461 86066
38 333 121252
236 392 174044
170 341 196427
162 463 153872
88 440 138655
124 387 136131
308 347 188268
219 363 172546
25 65 211175
161 166 155013
21 30 109600
81 454 131582
307 324 150713
250 336 193243
266 321 65362
150 495 133885
261 323 237988
9 165 151301
61 454 134699
163 248 151897
119 201 130394
89 457 198866
83 278 176736
174 207 151552
193 247 157469
73 268 166145
297 343 121081
151 250 194514
337 384 133206
298 440 150838
151 433 164602
170 391 155736
232 295 213521
31 371 168953
250 384 196393
15 250 182817
137 282 112834
142 210 161231
117 156 90519
112 335 250357
167 421 125647
106 290 186517
152 447 41856
30 186 212730
194 205 128852
94 308 151792
47 174 118305
237 281 104492
17 302 169831
130 317 81557
298 312 182937
325 499 96547
239 447 115850
23 338 108232
206 381 194850
25 158 156977
250 469 118768
33 280 94510
104 305 103922
374 498 196841
238 384 204530
