1000 1155
449 450 188532
197 198 140663
738 739 270725
143 144 224081
608 609 195295
624 625 193475
84 85 153615
847 1000 111734
882 883 167972
749 750 298299
728 729 240962
198 199 276905
824 825 243737
604 605 157459
1 133 275385
778 779 187172
791 792 161643
524 525 301793
278 279 264729
947 1000 92168
86 87 214730
867 1000 119511
276 277 248822
889 890 251170
542 543 168318
332 333 152189
243 244 270677
220 221 198396
746 747 191671
375 376 170676
40 41 108329
1 177 165814
167 168 227088
479 480 234798
491 492 297625
221 222 304738
1 171 277812
804 1000 182039
401 402 93567
260 261 324835
802 803 221344
528 529 217974
395 396 183031
427 428 292974
404 405 172886
818 819 314025
622 623 156165
440 441 116261
976 977 239877
935 936 230867
397 398 250200
106 107 167860
540 541 159932
693 694 199897
544 545 313364
760 761 212993
345 346 243858
945 946 155119
116 117 168335
190 191 168248
162 163 167874
27 28 114975
241 242 117929
820 821 232154
1 97 215783
295 296 175415
225 226 188728
983 1000 201933
849 850 248626
610 611 161516
29 30 187103
95 96 156684
905 1000 176440
545 546 175453
245 246 145572
467 468 128097
300 301 220585
914 915 280354
1 189 188032
1 175 237055
311 312 227295
999 1000 150324
915 916 246946
312 313 229168
837 838 125745
304 305 121132
432 433 216087
341 342 192118
953 1000 220976
334 335 196059
340 341 293559
856 857 191934
10 11 150500
469 470 247719
229 230 234891
683 684 192296
407 408 210867
319 320 227582
717 718 193827
638 639 168204
223 224 232469
867 868 242578
737 738 237103
758 759 176581
150 151 147994
966 967 241827
493 494 253163
244 245 307090
929 930 287049
510 511 133563
347 348 204428
12 13 226214
291 292 298693
60 61 211334
76 77 173215
770 771 244379
3 4 185801
646 647 254293
606 607 249843
476 477 222029
894 1000 169510
1 141 169839
1 75 217918
361 362 257775
924 1000 122089
673 674 173767
846 1000 133757
907 1000 182511
530 531 308020
1 45 208888
433 434 201363
500 501 250454
201 202 192244
523 524 204779
681 682 178660
16 17 255186
406 407 152723
670 671 283559
446 447 206860
816 817 161824
946 947 237050
403 404 246255
900 901 167145
497 498 228176
480 481 268317
797 798 162423
374 375 192043
787 788 232905
651 652 225219
539 540 229863
1 73 224856
182 183 289677
938 939 202660
49 50 262121
481 482 179952
507 508 291381
952 1000 163340
975 976 294946
691 692 208709
877 878 257517
1 180 209021
399 400 264170
468 469 203598
585 586 167631
322 323 208886
367 368 156024
650 651 211857
698 699 260537
526 527 214269
55 56 266546
943 1000 161340
806 807 317693
94 95 278769
211 212 236965
826 827 147299
611 612 145939
485 486 202576
511 512 175825
1 164 176859
210 211 260572
193 194 275353
917 918 157756
898 899 163029
644 645 163715
593 594 186034
872 873 266577
434 435 268314
51 52 175926
385 386 216810
635 636 176017
964 1000 94828
71 72 264629
323 324 176032
384 385 244297
814 1000 159882
466 467 184512
788 789 317680
998 999 198153
1 112 245929
586 587 278796
299 300 169100
314 315 254377
672 673 249422
308 309 160546
955 956 317929
677 678 174312
587 588 226684
798 799 123218
508 509 167566
716 717 202659
102 103 309433
643 644 251825
636 637 198831
837 1000 122440
763 764 219748
796 797 239752
836 1000 155061
65 66 206056
313 314 194205
380 381 203018
416 417 226609
789 790 208823
99 100 171738
878 879 93975
420 421 262295
56 57 189416
216 217 218835
668 669 190057
17 18 143663
149 150 316329
20 21 182589
756 757 189804
428 429 195767
139 140 208853
164 165 287393
648 649 223503
872 1000 209816
309 310 210097
520 521 178245
232 233 190470
109 110 164981
671 672 175125
909 1000 164592
504 505 223378
97 98 160906
152 153 239384
148 149 144870
634 635 137367
925 926 271050
850 851 285143
66 67 283597
830 831 225522
475 476 157049
186 187 231525
377 378 232363
591 592 157364
492 493 195034
506 507 241454
903 1000 153803
1 173 131036
1 87 260989
348 349 186906
834 835 289977
329 330 217077
7 8 145156
1 80 163645
196 197 142744
36 37 180924
1 51 141635
376 377 203710
993 1000 214209
750 751 218147
195 196 282966
246 247 278614
517 518 183954
678 679 209715
459 460 285729
67 68 202568
31 32 207825
991 992 233572
227 228 269740
19 20 226184
902 903 217599
795 796 177731
101 102 219083
844 1000 154847
58 59 226309
474 475 167855
1 107 189389
988 989 308999
242 243 178529
189 190 183106
659 660 165660
940 941 290316
21 22 222915
1 83 261996
960 961 264544
939 940 184362
923 924 207436
203 204 155875
4 5 154552
370 371 273114
655 656 246778
821 822 231455
415 416 226666
379 380 226817
573 574 303405
118 119 90841
115 116 183911
697 698 232820
525 526 127979
315 316 192815
91 92 184147
338 339 169228
599 600 134756
761 762 227795
1 150 283627
996 997 220863
457 458 191729
822 823 250561
1 66 183885
799 800 229361
974 975 216868
1 8 156549
701 702 133540
25 26 122434
125 126 283965
920 1000 147103
912 913 228985
437 438 210349
352 353 275249
277 278 236596
661 662 284106
563 564 242815
533 534 265495
489 490 204911
272 273 200068
979 1000 84878
1 161 230827
895 896 308853
302 303 169087
748 749 217426
228 229 152948
372 373 167339
215 216 218677
765 766 238399
1 2 273846
92 93 181803
349 350 306329
531 532 189937
64 65 304749
436 437 284781
301 302 259153
835 836 160159
669 670 200281
462 463 151559
138 139 207192
126 127 122351
357 358 220932
696 697 150847
18 19 311775
861 862 253927
645 646 155533
1 116 267049
568 569 94245
213 214 147376
255 256 215489
185 186 271952
1 58 168988
554 555 274901
602 603 172460
774 775 115850
601 602 247170
482 483 186741
98 99 218447
15 16 272155
790 791 222001
316 317 187293
762 763 229126
876 877 150923
63 64 94436
807 808 167415
254 255 179545
236 237 246495
394 395 214739
1 26 215649
1 139 188088
448 449 271006
919 920 286332
1 11 224904
421 422 122363
998 1000 156617
569 570 264572
181 182 201505
817 818 222920
266 267 283404
180 181 141585
455 456 153954
660 661 255032
391 392 191650
621 622 260047
985 1000 141889
864 865 162579
460 461 187649
1 24 194199
273 274 150293
495 496 266719
603 604 295915
498 499 194624
720 721 212911
178 179 220434
188 189 218330
335 336 223015
829 1000 148035
147 148 230308
145 146 210741
135 136 220621
562 563 257086
947 948 177455
120 121 273287
522 523 270316
764 765 143854
978 979 218286
1 170 293944
597 598 198406
89 90 246175
356 357 253589
700 701 255758
970 971 265828
910 911 228417
253 254 204007
1 30 279807
222 223 166588
422 423 217622
48 49 214666
343 344 198354
556 557 213601
494 495 168541
921 1000 90371
618 619 178835
283 284 206744
719 720 305810
592 593 238767
496 497 130761
941 942 162935
233 234 230834
107 108 278467
249 250 219969
204 205 232179
57 58 174719
131 132 200400
965 966 121166
866 867 213270
261 262 230555
918 919 107897
949 950 235600
860 861 256256
702 703 273480
851 852 213504
687 688 188215
819 820 161256
557 558 157744
845 1000 160742
501 502 245030
122 123 203241
535 536 309527
1 200 156332
641 642 285404
303 304 313474
386 387 250313
851 1000 157949
811 812 181398
865 1000 93983
274 275 268472
921 922 170772
783 784 180485
442 443 193887
665 666 150084
786 787 165297
857 1000 155505
727 728 205360
815 816 269605
296 297 183726
772 773 251350
747 748 168116
250 251 148599
1 37 257750
615 616 225425
127 128 229258
267 268 250253
675 676 234272
129 130 189010
465 466 142970
444 445 258887
829 830 209186
37 38 246793
735 736 181240
321 322 207575
721 722 216907
841 842 215194
248 249 251971
330 331 201131
963 964 344085
957 958 239723
1 103 257129
653 654 210845
443 444 176064
969 970 240602
262 263 157438
561 562 205217
470 471 244202
598 599 312624
840 841 197611
768 769 257192
410 411 258569
487 488 316180
282 283 157266
24 25 191618
896 897 204946
590 591 239772
256 257 216367
637 638 233615
875 876 194267
171 172 142099
942 943 179605
382 383 195717
238 239 182659
663 664 160616
740 741 174469
270 271 192697
208 209 281652
153 154 209497
616 617 279845
982 983 153646
112 113 234783
263 264 191838
6 7 178861
419 420 248473
918 1000 193388
518 519 181751
848 1000 105956
767 768 235247
194 195 160335
885 1000 159884
894 895 184041
305 306 207830
170 171 179972
818 1000 158036
1 59 190174
532 533 216856
777 778 223669
580 581 209813
874 875 142426
548 549 254012
973 974 296906
128 129 259681
558 559 221464
499 500 248702
28 29 281766
809 810 101147
439 440 237110
408 409 222966
574 575 202374
35 36 251310
280 281 292066
212 213 207103
514 515 206241
294 295 220390
307 308 198412
801 802 250623
886 887 258857
100 101 159367
944 945 185934
45 46 128680
423 424 326268
52 53 198303
173 174 235827
430 431 156792
331 332 295539
447 448 185671
933 1000 196912
74 75 186844
704 705 209957
699 700 185186
478 479 173288
656 657 123645
676 677 289306
265 266 200913
124 125 119796
657 658 199182
997 998 168335
231 232 180289
901 902 239492
1 135 232066
804 805 148670
852 853 180626
962 1000 153964
857 858 176444
709 710 186934
884 885 197738
757 758 290982
730 731 191229
564 565 171191
298 299 329029
1 94 262002
288 289 229812
566 567 164616
684 685 192288
1 128 135616
682 683 255382
174 175 320394
458 459 187176
1 90 283839
168 169 212590
977 978 201686
808 809 300878
612 613 248949
141 142 219826
72 73 233690
1 159 269654
1 110 171391
841 1000 183106
77 78 241373
900 1000 113585
966 1000 145902
393 394 227020
136 137 269485
269 270 192837
807 1000 201955
909 910 215340
117 118 238013
950 951 194393
880 881 192010
555 556 227241
281 282 161928
9 10 203926
1 144 154147
956 957 180825
928 929 197483
42 43 184607
793 794 158798
987 1000 205750
69 70 199464
633 634 244202
726 727 236641
990 1000 142191
144 145 212807
1 115 193869
87 88 255004
987 988 173523
324 325 260671
1 174 183832
81 82 251547
751 752 227329
725 726 246623
209 210 155730
814 815 178691
887 888 217165
1 81 168660
975 1000 160464
769 770 155811
183 184 141771
664 665 311428
817 1000 197364
235 236 232773
1 12 232728
729 730 240037
47 48 161865
1 188 309728
873 1000 206515
887 1000 98106
923 1000 135337
68 69 180657
613 614 214300
565 566 341293
794 795 241152
30 31 166914
513 514 287565
502 503 124911
759 760 323083
723 724 230777
1 35 178400
146 147 186859
351 352 136610
219 220 297916
842 843 270920
904 905 211063
424 425 129319
976 1000 188573
1 179 208524
803 1000 179787
456 457 210557
733 734 202472
1 104 192061
854 855 256280
538 539 248315
402 403 323100
572 573 136714
958 959 235155
551 552 267871
686 687 324757
1 132 217501
151 152 213993
156 157 147877
627 628 183224
959 960 200087
88 89 151371
217 218 242952
169 170 282598
390 391 128011
951 952 275195
906 907 233284
695 696 211318
429 430 203665
161 162 213754
362 363 190789
177 178 218828
44 45 315052
234 235 227191
104 105 290803
503 504 236267
775 776 272605
325 326 285776
252 253 206205
712 713 196893
792 793 207138
286 287 148873
617 618 223257
405 406 221266
317 318 204867
1 106 274623
581 582 202570
938 1000 234035
937 938 154066
705 706 274532
452 453 285996
594 595 156784
451 452 195339
191 192 296630
163 164 139762
365 366 172619
62 63 226671
619 620 233781
284 285 274313
179 180 149666
736 737 251797
199 200 183723
933 934 311275
754 755 301408
889 1000 184275
883 884 259508
453 454 157636
773 774 194912
264 265 239393
943 944 249859
289 290 186422
400 401 197803
890 891 249256
805 806 240183
38 39 237806
536 537 121453
431 432 251613
83 84 282938
546 547 166114
630 631 248258
570 571 214878
863 864 296655
734 735 222720
134 135 152647
396 397 178126
318 319 201626
989 990 142669
257 258 241715
859 860 226452
559 560 178534
461 462 218721
860 1000 137460
946 1000 165698
553 554 212064
230 231 195987
373 374 227224
911 912 149154
745 746 158877
1 47 245691
839 840 193647
873 874 272434
90 91 214082
445 446 226672
32 33 170806
694 695 164197
111 112 262156
368 369 255997
454 455 305659
706 707 146391
1 25 210822
743 744 189977
629 630 171305
703 704 180519
247 248 153214
13 14 231150
113 114 239269
121 122 158881
363 364 152869
114 115 193926
977 1000 128330
411 412 234874
929 1000 217809
732 733 196050
488 489 144470
82 83 294538
981 982 239873
846 847 241350
392 393 266682
741 742 151801
172 173 176064
239 240 180196
187 188 235424
438 439 285783
509 510 227773
843 1000 160170
471 472 161001
888 889 223441
810 811 289855
537 538 278790
1 142 238525
292 293 262207
23 24 155899
753 754 223193
674 675 196152
388 389 152324
534 535 211922
892 893 211273
79 80 179239
639 640 234698
426 427 136494
287 288 324540
715 716 277640
105 106 239225
642 643 266979
779 780 243347
962 963 194928
927 928 223127
1 102 200643
75 76 213041
905 906 266404
381 382 165100
46 47 325631
560 561 187208
50 51 142915
979 980 245507
85 86 268184
731 732 215611
364 365 207921
833 834 105184
776 777 167061
626 627 227233
473 474 227034
202 203 278661
667 668 210220
755 756 213876
310 311 170314
932 933 211371
914 1000 228212
584 585 246806
387 388 238843
33 34 257949
1 44 143782
158 159 315227
930 931 282424
891 892 223728
552 553 113623
985 986 144348
59 60 218474
689 690 151866
685 686 211081
576 577 297903
831 832 126454
275 276 158938
378 379 160973
1 77 252349
803 804 145373
207 208 147048
771 772 179533
176 177 180329
869 870 220519
596 597 255144
742 743 275354
441 442 258648
218 219 231597
640 641 194388
450 451 108961
160 161 282764
464 465 270382
80 81 155847
710 711 191670
549 550 122789
632 633 209845
1 165 190391
908 909 223854
899 900 219437
157 158 230078
600 601 218761
588 589 187716
132 133 223971
744 745 222496
346 347 314355
991 1000 142876
766 767 210794
519 520 236954
812 813 237750
813 1000 192797
724 725 264998
968 969 259274
53 54 273443
589 590 153002
907 908 159513
1 27 240078
353 354 226391
1 136 228960
360 361 184185
11 12 249078
690 691 329158
54 55 168447
166 167 283636
903 904 165430
1 152 258166
326 327 178396
342 343 236246
435 436 80423
865 866 177064
628 629 277651
39 40 245061
529 530 146398
952 953 174456
483 484 276578
297 298 204898
240 241 239367
971 972 216088
781 782 247139
984 985 240090
237 238 241403
662 663 127675
34 35 99762
398 399 167909
784 785 236993
119 120 248711
1 160 228553
800 801 336850
103 104 126232
417 418 223894
344 345 239044
964 965 191480
924 925 202572
713 714 230503
320 321 163208
649 650 160606
205 206 192676
858 859 201935
993 994 206253
583 584 249118
785 786 197658
881 882 202052
192 193 159134
830 1000 170410
853 854 241098
155 156 239211
916 917 262332
567 568 180829
578 579 178240
868 869 150677
844 845 195593
258 259 138424
839 1000 139622
577 578 239477
8 9 323444
516 517 235313
1 91 214695
369 370 285938
893 894 246031
623 624 275009
915 1000 229487
780 781 237333
1 108 226367
647 648 226773
543 544 174630
154 155 181443
963 1000 173850
930 1000 186896
961 962 251117
988 1000 213175
184 185 228212
165 166 174299
919 1000 198806
980 981 129475
708 709 225792
1 176 240230
130 131 323299
140 141 169276
409 410 290816
995 996 273270
994 995 193745
827 828 211045
355 356 212861
505 506 182020
658 659 235893
1 60 196391
582 583 122947
986 1000 220690
108 109 202240
259 260 217133
722 723 173968
718 719 115353
824 1000 85051
414 415 146166
290 291 87301
620 621 187910
845 846 293601
847 848 212103
413 414 213980
78 79 278928
967 968 139162
389 390 334509
897 898 251362
934 935 167964
159 160 224008
609 610 228053
26 27 319111
527 528 232114
680 681 277352
1 109 245870
1 99 232978
285 286 241915
813 814 206008
512 513 227697
61 62 199278
864 1000 94152
870 871 302114
336 337 212944
1 100 239534
137 138 204059
359 360 243581
992 993 175977
806 1000 171435
711 712 297241
43 44 129117
575 576 212503
652 653 294375
823 824 296775
983 984 269622
605 606 184379
490 491 210820
22 23 330438
477 478 321193
990 991 218228
472 473 273884
836 837 295216
913 914 143551
848 849 184944
175 176 222337
1 29 232693
1 72 227874
828 829 234652
327 328 157730
2 3 243206
547 548 176696
271 272 296432
922 923 237312
752 753 157260
595 596 254735
920 921 182300
832 833 249857
224 225 250453
972 973 121001
123 124 196961
358 359 225914
226 227 182493
214 215 252924
825 826 148326
268 269 175972
855 856 243875
843 844 208182
614 615 205005
838 839 243508
579 580 266892
679 680 285836
96 97 314299
293 294 191162
782 783 227257
970 1000 190741
41 42 243880
986 987 175617
339 340 223054
354 355 224754
133 134 162694
279 280 156881
200 201 247622
688 689 211267
879 880 306738
306 307 229528
463 464 206608
93 94 288789
337 338 275349
805 1000 161089
802 1000 83707
425 426 260156
739 740 168923
1 183 246545
831 1000 108990
821 1000 150092
953 954 257286
350 351 185943
5 6 249568
871 872 160245
541 542 243077
625 626 286656
73 74 232577
654 655 176859
371 372 239584
206 207 200869
926 927 184602
714 715 188253
70 71 189242
515 516 156871
984 1000 118645
328 329 211985
486 487 171816
1 122 241919
418 419 185008
666 667 226517
366 367 205993
383 384 252696
948 949 175338
110 111 218560
936 937 249733
954 955 250843
862 863 230308
692 693 229535
931 932 222799
333 334 264999
707 708 200415
14 15 185756
607 608 293099
142 143 218621
853 1000 115223
412 413 163714
571 572 195792
885 886 249267
961 1000 168268
989 1000 145657
855 1000 137338
484 485 298361
251 252 218150
521 522 142172
631 632 255791
550 551 256187
