1000 1156
186 187 141192
787 788 230672
336 337 162366
792 793 176780
709 710 174146
36 37 160333
44 45 173350
1 112 150013
598 599 157904
927 928 229242
264 265 136324
463 464 197890
957 958 72848
83 84 147562
570 571 108081
472 473 185618
905 1000 182355
455 456 112237
213 214 166272
861 1000 141482
509 510 144921
897 898 165367
69 70 179011
963 964 115506
687 688 133490
21 22 191378
519 520 195132
277 278 135482
350 351 126594
340 341 100498
87 88 201187
908 909 179444
1 101 163251
818 819 237531
855 856 143108
503 504 205224
835 836 110132
958 959 183703
371 372 234486
847 848 153954
383 384 182774
1 67 192067
1 8 208381
400 401 95858
909 1000 176532
1 11 164542
1 132 168504
875 876 106866
1 110 173854
404 405 151851
972 1000 131816
487 488 203510
830 831 133811
492 493 199879
682 683 219318
1 189 208415
546 547 231566
751 752 121918
515 516 205665
1 175 141186
441 442 206159
304 305 136687
996 997 119730
459 460 104764
35 36 219494
981 982 141807
809 1000 149856
1 168 183418
418 419 146107
326 327 165820
882 883 194658
793 794 117878
72 73 77918
810 811 148092
239 240 248691
942 1000 129312
756 757 176796
230 231 171452
163 164 163435
938 939 161719
752 753 211363
1 36 233875
1 138 207928
306 307 90568
866 867 163305
93 94 232246
859 860 187186
705 706 206807
109 110 157045
648 649 171644
586 587 186947
65 66 127776
965 966 131946
588 589 196556
257 258 174523
697 698 173517
968 969 168804
1 100 206766
848 1000 137701
475 476 186062
183 184 158071
102 103 200826
912 913 207847
384 385 206810
747 748 136796
448 449 214179
121 122 255066
1 109 178974
895 1000 103287
265 266 197287
920 1000 126071
821 1000 107279
366 367 129475
115 116 201168
433 434 161780
153 154 174199
681 682 131704
508 509 166736
507 508 98248
513 514 118759
899 900 133044
379 380 151106
868 869 137040
940 1000 202327
883 884 110287
760 761 135835
510 511 205040
952 953 141932
82 83 137697
925 1000 179931
137 138 192927
289 290 218511
906 1000 151952
3 4 229466
135 136 163431
175 176 219608
743 744 127155
1 15 237841
745 746 113836
954 955 112487
164 165 140701
464 465 146715
906 907 144719
972 973 151432
413 414 180561
575 576 194552
538 539 172280
89 90 102996
568 569 104579
551 552 158258
1 185 228004
921 1000 185743
160 161 213253
740 741 177006
225 226 186421
791 792 194809
844 845 176710
983 1000 154983
490 491 108354
474 475 185274
480 481 156489
802 803 192152
821 822 141826
982 1000 183162
707 708 73656
409 410 187402
915 916 234438
292 293 149001
322 323 169959
652 653 239375
1 55 149677
116 117 141422
26 27 142337
673 674 179498
892 893 162522
332 333 187645
708 709 213703
949 950 188997
403 404 185554
534 535 126008
949 1000 137025
663 664 144313
836 837 126626
956 957 216771
1 54 159104
302 303 114037
85 86 176524
1 95 183252
481 482 224056
157 158 211441
577 578 244254
120 121 82776
706 707 157238
193 194 175191
573 574 227816
19 20 142647
198 199 186712
62 63 192474
819 1000 118683
101 102 166747
248 249 163502
171 172 140196
381 382 87406
218 219 180823
286 287 197872
1 91 187248
43 44 81330
307 308 149559
211 212 148511
165 166 184442
338 339 150377
618 619 181132
224 225 142201
984 1000 160176
712 713 183682
484 485 100338
971 972 213823
489 490 175208
980 981 144844
819 820 169702
973 974 100867
421 422 165053
52 53 185748
41 42 136992
450 451 76060
736 737 112356
144 145 86043
4 5 122861
88 89 190043
666 667 205107
387 388 219244
520 521 194660
136 137 115957
282 283 131213
522 523 115507
944 945 195959
25 26 176678
192 193 210299
898 1000 146978
499 500 160572
856 857 237914
758 759 120668
934 935 166981
680 681 204080
840 1000 107357
232 233 120228
612 613 113109
84 85 183848
301 302 217689
112 113 249188
456 457 199943
176 177 191757
162 163 128983
244 245 175501
596 597 168276
770 771 249740
817 1000 158000
47 48 159784
437 438 162048
689 690 126489
533 534 152796
860 861 173646
569 570 218505
1 96 224649
469 470 205381
253 254 119654
57 58 122088
583 584 178745
346 347 219719
233 234 214705
789 790 136007
86 87 87492
97 98 152499
483 484 226884
191 192 104426
229 230 185139
353 354 130864
850 851 222636
228 229 124264
566 567 121907
640 641 202965
571 572 173643
993 994 192745
417 418 220284
1 151 144641
549 550 204724
535 536 257832
526 527 113345
985 986 135376
34 35 115866
46 47 115021
753 754 127874
986 987 120390
419 420 143828
364 365 130622
425 426 160992
974 975 200820
646 647 214200
1 27 219892
824 825 228771
345 346 97168
532 533 162574
314 315 128253
865 866 155321
849 850 142980
1 51 234382
271 272 181671
416 417 93084
987 1000 191086
880 881 90973
32 33 88468
365 366 244958
407 408 115476
488 489 139831
497 498 163927
439 440 155245
823 1000 204795
59 60 109653
167 168 167525
950 951 153282
922 923 204403
31 32 206466
703 704 73151
806 1000 102810
386 387 186154
558 559 203953
838 839 94976
23 24 202232
20 21 131745
811 812 97282
726 727 236814
642 643 165136
206 207 187272
783 784 183867
1 154 159463
180 181 107680
299 300 177591
796 797 90393
808 1000 131280
318 319 143126
1 116 221023
341 342 177415
714 715 168834
129 130 83096
921 922 147000
763 764 96114
260 261 178065
356 357 164222
263 264 182294
741 742 91989
305 306 210746
916 917 144539
617 618 125625
38 39 187867
169 170 158015
834 835 205383
385 386 80410
854 855 179855
636 637 144613
780 781 117882
187 188 230965
140 141 229664
133 134 204952
415 416 180810
330 331 152555
344 345 148120
266 267 82585
994 995 191657
184 185 214847
298 299 197111
946 947 118158
654 655 136397
621 622 195956
156 157 161394
886 887 220686
966 967 143218
927 1000 199993
410 411 161632
196 197 143751
587 588 82714
806 807 153975
79 80 222880
961 962 186287
250 251 197361
591 592 216637
623 624 207565
1 108 236263
567 568 161741
39 40 192502
997 998 120982
295 296 168554
261 262 131263
141 142 167144
203 204 179362
948 949 222000
825 826 130203
215 216 118849
863 864 100250
559 560 139991
335 336 147475
1 17 195307
217 218 117745
269 270 135156
238 239 77617
504 505 161870
638 639 109275
807 808 137309
641 642 197441
270 271 210945
237 238 229299
627 628 127083
500 501 148236
794 795 208324
146 147 195013
273 274 118427
672 673 183208
733 734 154693
776 777 134944
903 904 137792
431 432 125667
226 227 212749
634 635 124052
905 906 191340
134 135 184403
91 92 190836
219 220 146137
227 228 164095
179 180 126780
885 886 131066
754 755 173588
870 871 239994
695 696 168772
592 593 175771
808 809 147372
607 608 128196
310 311 166572
1 94 239568
645 646 135569
977 978 158837
311 312 146424
893 894 150170
804 805 198624
476 477 116594
785 786 152053
465 466 196440
1 193 203263
931 932 164991
632 633 125221
70 71 197807
884 885 196005
550 551 184012
639 640 131754
795 796 160388
412 413 106300
936 937 150445
918 1000 147059
267 268 210265
988 989 114913
960 961 136463
872 873 175034
1 57 201147
713 714 85152
16 17 112103
1 75 190851
1 184 174979
887 888 61818
328 329 182470
841 842 167006
867 868 126498
1 77 207445
1 153 148937
128 129 231248
923 924 193178
626 627 174350
1 93 166637
108 109 96866
739 740 127870
55 56 166429
393 394 244322
862 1000 194694
251 252 142530
281 282 171917
1 83 201910
170 171 140105
892 1000 126595
172 173 239035
601 602 133422
104 105 78888
896 897 113408
840 841 118990
222 223 89246
891 892 230958
15 16 166517
603 604 153754
329 330 138522
651 652 128231
234 235 132300
477 478 165392
105 106 215279
103 104 184957
971 1000 184924
731 732 191253
361 362 215427
262 263 189782
643 644 150182
943 944 75256
970 971 160584
613 614 179823
242 243 113333
352 353 168549
436 437 163678
556 557 209307
668 669 194936
953 954 190235
440 441 144210
913 914 110829
876 877 249289
833 834 199579
370 371 97914
688 689 231183
446 447 141222
373 374 211365
106 107 194861
631 632 228732
479 480 88352
925 926 172805
1 34 221230
195 196 146740
721 722 160918
320 321 173231
438 439 137915
980 1000 147599
178 179 241769
252 253 147349
1 146 193851
818 1000 195438
841 1000 154773
99 100 217757
317 318 105404
204 205 158299
420 421 170885
848 849 140087
929 930 127046
131 132 156289
494 495 94475
798 799 205015
414 415 157149
602 603 190895
442 443 183315
873 874 229867
394 395 92916
1 144 230970
870 1000 193905
759 760 158875
77 78 156854
216 217 178871
343 344 176034
676 677 206139
78 79 104233
122 123 160234
1 2 160206
468 469 148186
396 397 113760
584 585 173292
117 118 104234
294 295 132481
280 281 122187
837 838 240865
56 57 203284
1 134 203978
208 209 156438
514 515 107516
842 843 183069
692 693 217134
890 891 111460
258 259 187528
552 553 133176
1 18 187794
372 373 84601
981 1000 163731
240 241 117882
149 150 106492
701 702 153458
402 403 169490
1 66 161220
125 126 183962
303 304 192897
502 503 173753
797 798 181662
864 865 249015
190 191 166144
838 1000 112610
61 62 81296
764 765 233279
924 925 109842
1 130 143196
60 61 213141
553 554 131532
422 423 172277
973 1000 141944
998 999 238027
962 963 177506
696 697 141697
512 513 243985
1 127 231223
922 1000 203964
608 609 172980
114 115 143796
902 903 108361
699 700 214216
955 956 185223
92 93 113616
660 661 109500
315 316 165306
628 629 146956
274 275 163993
749 750 167251
291 292 125378
48 49 151974
80 81 106789
324 325 168145
994 1000 160143
1 173 214529
720 721 178601
907 908 135307
359 360 208779
937 938 183710
90 91 178887
877 1000 105038
284 285 101677
887 1000 104599
919 920 179080
903 1000 178810
966 1000 175239
597 598 236404
132 133 147182
54 55 151943
401 402 176635
337 338 188977
605 606 152442
334 335 156204
123 124 154474
920 921 96840
677 678 102246
908 1000 193728
782 783 77638
49 50 138843
816 817 166863
6 7 233649
130 131 190709
671 672 142338
150 151 161163
609 610 101976
781 782 190094
256 257 106141
348 349 216136
287 288 156051
655 656 171616
750 751 183229
1 10 213898
113 114 123451
363 364 171654
22 23 165812
1 25 222451
847 1000 129629
24 25 152227
64 65 158593
843 844 117988
822 823 91702
940 941 244108
888 1000 200515
828 829 126929
1 139 211579
300 301 99404
174 175 132262
784 785 143743
540 541 133455
829 830 228684
846 847 139993
846 1000 110519
395 396 207426
742 743 230645
523 524 140061
1 50 144267
247 248 111799
857 858 166082
1 113 240091
406 407 236687
876 1000 191300
67 68 192503
812 813 194730
493 494 215598
516 517 115638
827 828 198222
486 487 192496
882 1000 153749
231 232 132858
885 1000 136917
168 169 169657
7 8 140014
158 159 102265
235 236 211323
173 174 108028
889 1000 153811
1 117 199978
576 577 86351
647 648 154853
145 146 187982
142 143 110358
766 767 117681
467 468 132029
619 620 189683
491 492 137790
10 11 110751
941 942 148218
914 915 137546
694 695 184200
316 317 216757
725 726 126610
984 985 195034
817 818 117513
815 1000 138459
659 660 157070
723 724 188860
398 399 207006
152 153 77068
562 563 165066
283 284 210424
594 595 238360
710 711 113869
691 692 109616
813 814 212496
820 821 160486
498 499 123426
443 444 96617
661 662 217286
711 712 208547
382 383 166149
788 789 124867
674 675 142508
656 657 193548
194 195 175668
323 324 151148
926 1000 165820
473 474 117118
427 428 95826
95 96 206979
12 13 180301
342 343 187327
276 277 217364
458 459 160023
453 454 245088
964 965 185063
930 931 206966
814 815 126030
717 718 176117
351 352 215679
967 968 209706
909 910 155906
629 630 200534
581 582 116616
460 461 212339
976 977 89050
992 993 162782
525 526 145524
1 22 183287
63 64 167206
719 720 188848
1 197 197172
358 359 153680
182 183 94819
18 19 173213
531 532 190571
313 314 190898
684 685 172145
561 562 211378
1 190 200535
715 716 225903
1 40 224107
236 237 90851
397 398 172189
800 801 180214
58 59 236878
852 853 133452
1 107 240216
889 890 169116
869 870 133569
670 671 182322
775 776 187676
995 996 164025
110 111 192905
272 273 153252
729 730 181481
185 186 118456
220 221 215547
730 731 178664
197 198 120403
405 406 133685
778 779 142859
76 77 156443
297 298 159137
635 636 144969
521 522 161868
564 565 135418
1 128 148535
347 348 119089
29 30 169060
380 381 223526
368 369 115100
771 772 119066
767 768 185711
2 3 152665
209 210 210448
952 1000 154916
1 63 191986
275 276 150910
212 213 178472
94 95 102073
614 615 139540
606 607 216845
444 445 162456
30 31 177094
374 375 106366
354 355 137445
375 376 230566
349 350 111157
554 555 180075
624 625 154049
1 176 193407
734 735 236196
690 691 191118
124 125 135821
357 358 119113
904 905 180569
207 208 137862
762 763 248839
524 525 196320
501 502 162413
665 666 180892
1 70 182262
457 458 137781
560 561 158770
74 75 197406
698 699 115134
1 137 177691
693 694 121967
391 392 203413
50 51 250514
536 537 115962
625 626 122647
339 340 188583
669 670 162903
959 960 194784
947 948 113294
223 224 181027
879 880 202400
399 400 146210
369 370 188650
154 155 190486
744 745 168787
138 139 159079
593 594 77465
954 1000 144111
928 1000 128528
478 479 221918
11 12 160062
543 544 154022
582 583 190772
991 992 124158
939 1000 174241
932 933 108533
428 429 205209
633 634 169138
702 703 203835
737 738 141283
933 1000 178868
983 984 155362
987 988 213524
530 531 172029
118 119 229329
917 918 150009
898 899 154824
68 69 99777
200 201 154022
445 446 203773
542 543 159338
155 156 149686
288 289 109044
853 854 138176
249 250 187913
434 435 90725
679 680 116772
675 676 134142
820 1000 108914
1 92 213125
541 542 248214
894 895 188577
833 1000 193950
968 1000 143379
389 390 84183
482 483 110897
1 42 178609
255 256 192768
851 852 131663
429 430 137692
435 436 194607
147 148 128212
1 111 204042
580 581 173041
392 393 99336
1 74 158972
686 687 138792
604 605 156980
505 506 90375
918 919 161938
678 679 194996
8 9 179002
432 433 240830
148 149 170204
801 802 109818
724 725 141392
683 684 116099
1 156 186389
823 824 173754
649 650 192192
864 1000 193624
563 564 163472
768 769 222512
1 43 234671
362 363 101157
761 762 133910
790 791 166176
572 573 170351
545 546 120356
939 940 134907
376 377 173777
982 983 189442
974 1000 201547
615 616 214253
716 717 132850
728 729 63579
17 18 153231
119 120 165150
746 747 203999
620 621 138997
5 6 134414
1 149 195005
900 901 191722
139 140 106837
293 294 222833
832 833 134307
769 770 71738
424 425 161657
1 195 220329
718 719 100036
727 728 164551
278 279 172887
388 389 144536
786 787 178762
319 320 150234
245 246 83286
878 879 134586
899 1000 150752
73 74 174382
321 322 157627
127 128 82499
367 368 200434
843 1000 127866
189 190 159312
874 1000 107642
757 758 184911
1 16 243716
772 773 188214
565 566 200070
943 1000 114182
637 638 240656
214 215 206330
881 882 204923
547 548 94717
990 991 186645
548 549 175297
408 409 120181
45 46 216860
221 222 167056
989 1000 184541
600 601 192289
910 911 208259
799 800 153633
96 97 157903
658 659 201994
151 152 249112
290 291 162721
590 591 92151
805 806 187620
1 48 177141
454 455 170391
815 816 137594
518 519 109806
511 512 115189
470 471 115052
66 67 191207
555 556 130475
748 749 175262
831 832 132722
975 976 212499
945 946 218179
506 507 246842
732 733 110221
327 328 158586
685 686 173216
14 15 197984
874 875 124696
1 161 187997
13 14 178885
539 540 158037
585 586 127511
935 936 140999
537 538 130520
246 247 198918
496 497 199227
177 178 84665
970 1000 184567
411 412 227623
40 41 138602
355 356 214577
1 183 176374
309 310 122223
936 1000 188271
1 172 139699
630 631 146471
449 450 185763
1 160 143807
243 244 219053
1 150 140705
578 579 143091
210 211 130687
926 927 127441
773 774 124587
279 280 155917
202 203 186754
528 529 90171
377 378 153273
544 545 125603
999 1000 129429
159 160 125526
1 145 166441
653 654 101121
517 518 236983
268 269 148062
254 255 209462
644 645 119808
188 189 131320
471 472 146507
777 778 209948
107 108 160966
143 144 215218
100 101 113734
836 1000 159924
1 147 227068
574 575 113936
462 463 171322
979 980 126017
360 361 114976
928 929 146681
296 297 115719
423 424 169192
466 467 145638
461 462 129178
53 54 110420
378 379 116005
942 943 174919
37 38 91820
81 82 230966
333 334 189846
1 78 204060
610 611 211156
667 668 101665
599 600 86910
1 103 211926
98 99 98598
557 558 88557
259 260 132405
978 979 231458
858 859 88140
959 1000 175675
895 896 160717
166 167 131186
650 651 101712
989 990 162185
529 530 147501
126 127 161795
803 804 114080
9 10 148140
888 889 211623
826 827 132844
181 182 251952
27 28 137971
51 52 111013
873 1000 171574
722 723 135244
205 206 114578
809 810 199838
901 902 184504
704 705 202192
662 663 160961
862 863 224879
871 872 90331
832 1000 161111
331 332 117633
657 658 170205
42 43 216928
161 162 193419
527 528 244041
589 590 209693
28 29 115249
485 486 152790
969 970 110822
933 934 165927
325 326 198259
308 309 202922
285 286 191756
430 431 158156
738 739 245094
774 775 132706
611 612 161862
312 313 189201
861 862 101620
75 76 179264
839 840 223797
71 72 168536
495 496 146405
616 617 149643
779 780 216704
452 453 158289
111 112 105225
199 200 142890
622 623 118170
33 34 233308
579 580 152381
426 427 169814
845 846 205270
700 701 135521
447 448 135702
451 452 158005
735 736 154811
877 878 123472
831 1000 131876
951 952 123052
595 596 77990
241 242 176409
755 756 148519
765 766 110534
390 391 180632
664 665 81338
201 202 146501
911 912 127287
