1000 1249
686 693 219059
903 1000 236561
886 893 262790
186 187 210520
946 947 197878
818 1000 296949
687 692 265118
797 798 259097
481 482 344496
819 820 270673
93 94 280665
435 436 264975
1 68 160821
330 331 237741
1 26 277648
958 959 219588
656 657 265036
915 916 184227
239 240 171563
829 830 220720
527 528 222781
4 5 203809
146 147 199442
513 514 289318
95 96 228078
319 320 266798
812 1000 262947
104 105 219717
909 910 342280
220 226 273074
679 680 184753
1 57 205201
357 358 159602
809 810 242648
828 829 239764
968 1000 258204
269 270 222638
236 237 167548
305 306 267600
614 615 291040
281 282 176841
779 780 239126
12 13 269006
494 495 204844
363 364 292391
738 739 308563
980 982 265295
535 536 268937
115 116 295913
517 518 205537
288 294 274311
824 1000 248402
306 307 233106
292 293 214220
149 150 302308
1 6 176363
259 260 218591
566 567 198205
746 747 226360
358 359 178005
98 99 233440
199 200 195042
693 694 200621
26 27 209596
348 349 215391
1 88 276860
798 799 198364
1 174 230897
428 429 208665
193 194 206999
433 434 232951
637 638 100810
971 972 218156
204 205 185591
965 966 234259
256 257 312407
378 379 248913
158 159 258219
754 755 232546
554 555 208427
786 787 230587
524 525 166874
117 118 169678
224 225 228493
662 663 172411
725 726 189046
597 598 224031
943 944 204760
420 421 264125
983 984 192100
506 507 264007
478 482 252303
762 763 238711
209 210 260719
678 679 312598
412 413 157784
887 888 228824
75 76 222145
764 765 272115
311 312 209988
172 173 127846
914 915 307267
925 926 155308
32 33 280778
389 390 210040
352 353 305483
492 493 263931
459 460 312945
688 689 228337
976 1000 272649
947 950 289178
700 701 157906
159 160 198620
27 28 217390
605 606 241017
511 515 205050
646 647 271959
216 217 311948
42 43 224424
912 916 261295
910 911 175650
629 630 265577
107 108 293304
478 479 266042
1 198 169813
302 303 186283
1 75 233104
927 928 187651
154 155 172495
197 198 140674
659 660 199575
198 199 246615
857 858 246931
770 772 158887
263 264 267135
884 885 194706
685 689 255886
1 101 259980
438 439 140952
193 195 255886
852 853 180978
313 314 224399
502 503 179774
938 1000 306123
364 365 243827
803 1000 236834
587 588 312917
928 929 255386
785 786 196382
714 715 217931
865 866 255649
183 184 206171
40 41 303215
1 134 290596
185 186 244218
1 79 276842
652 653 246175
536 537 191086
1 62 266595
996 997 180686
321 322 237992
927 931 206142
876 877 282144
546 547 196027
750 751 304817
767 768 250758
464 465 194648
582 583 337571
854 1000 186389
807 808 226204
855 1000 240516
995 996 181492
541 542 175834
834 835 232807
519 520 284548
586 587 227831
621 622 227730
588 589 184316
328 329 189515
970 971 242404
604 605 249780
151 152 306164
649 650 233615
794 796 139536
120 121 250568
201 208 212733
78 79 253233
129 130 254969
987 988 293977
387 388 211116
495 496 130518
780 781 171813
50 51 204352
317 318 250225
229 230 200424
354 355 227050
184 185 199508
176 177 281545
710 711 200783
512 513 188113
564 565 264282
698 699 161276
869 870 323134
742 743 176572
397 398 243698
490 491 227935
486 487 223332
278 279 203711
741 742 260311
547 548 230747
805 1000 280268
1 37 306444
799 800 203063
174 177 190165
744 745 299349
245 246 176660
930 1000 169783
114 115 238574
220 221 272249
626 627 169884
556 557 261968
903 904 210545
122 123 248548
425 426 259930
589 590 315456
136 137 246498
243 244 249151
1 40 186940
350 351 257357
870 871 204367
97 98 222454
242 243 341523
255 256 289076
571 572 160384
1 121 251531
543 544 142376
118 119 328955
14 15 160709
755 756 191231
881 882 235905
839 840 199974
47 48 224554
1 73 211015
496 497 275003
770 771 182250
795 796 170670
85 86 184455
667 668 235300
948 949 337160
61 68 124709
919 920 86120
241 242 127114
13 14 258241
391 392 278693
951 952 183177
883 884 172241
138 139 241084
827 828 144933
560 561 276652
130 131 218630
990 991 218138
375 376 238795
440 441 324914
935 936 188029
910 1000 245904
67 68 220757
993 1000 330246
3 4 252115
531 532 242996
178 179 289592
1 187 213477
89 90 222259
463 464 227907
69 70 253351
900 901 207107
882 883 246012
341 342 270016
46 47 236321
20 21 155572
790 791 221378
415 416 145090
2 3 250910
687 693 288598
35 36 219298
417 418 175656
273 274 303175
84 85 282632
418 419 241313
173 174 302706
34 35 209890
613 614 138810
7 8 335732
333 334 217699
817 818 213179
888 889 248194
11 12 249117
480 481 141343
877 878 180712
776 777 214354
565 566 234154
142 147 266581
451 452 272051
316 317 219219
677 678 190105
653 654 197530
383 384 231343
826 827 279881
562 563 230101
403 404 220656
68 69 234278
1 25 176227
889 890 279229
1 24 269720
288 289 257678
100 101 236914
583 584 184368
27 34 336319
24 25 123367
713 714 214596
631 632 266122
36 37 337542
25 26 235624
388 389 254955
505 506 191619
543 550 246173
872 873 227451
156 157 256199
761 762 268418
192 193 250609
617 618 198205
911 912 203575
923 924 282192
966 967 193115
1 110 165741
730 731 256672
756 757 234216
917 918 256362
765 766 197784
683 684 247841
609 610 282545
735 736 271971
859 1000 258563
275 276 178754
231 232 283924
729 730 341807
37 38 148185
575 576 207000
862 1000 201801
959 1000 260842
82 83 154452
866 867 252799
845 1000 235741
804 1000 286403
878 1000 230581
899 900 231055
559 565 241159
1 28 211154
180 181 249932
1 103 252759
272 273 149738
189 190 254578
983 986 216896
849 850 204455
133 134 266237
64 65 282785
1 199 306404
458 459 231442
934 935 204380
731 732 184433
875 876 173238
307 308 197985
437 440 157957
499 500 233011
1 135 264632
791 792 220385
1 107 148271
679 681 159055
815 1000 246635
848 1000 221955
539 540 196230
442 443 239397
201 202 205558
8 9 228448
615 616 210554
561 562 230963
719 720 256922
934 1000 219248
716 717 240805
457 458 222977
782 783 229029
1 30 221726
441 442 248360
640 646 201399
323 324 158195
538 539 183715
825 826 218728
953 1000 246661
152 153 165560
702 703 330810
918 919 261833
52 53 240054
841 1000 259279
29 34 229792
210 211 139898
708 709 257226
986 1000 232844
813 1000 216252
821 822 180416
733 734 282269
545 546 191202
818 819 206284
748 749 130335
449 450 204265
498 499 174390
957 958 224430
967 968 338980
507 508 269974
800 801 224703
286 287 197737
669 670 194902
526 527 241485
386 387 148862
924 925 219638
1 87 248498
401 402 199081
99 100 247837
106 107 156980
881 1000 249777
235 236 166654
618 619 318952
753 754 202696
221 222 186367
360 361 282896
553 554 276331
508 509 164772
808 809 129060
511 517 203110
125 126 224585
81 82 255093
982 983 303010
206 207 251347
532 533 292641
179 180 188623
668 669 255724
342 343 226768
373 374 188245
124 125 240738
451 456 143925
1 97 275715
263 265 179519
851 852 266837
627 634 207750
907 908 152336
685 686 283977
170 171 188855
1 27 244379
23 24 233479
1 2 198268
904 905 228486
1 186 241326
680 681 149548
846 847 329416
846 1000 309830
952 953 234846
413 414 156585
366 367 274790
934 938 213248
155 156 271758
395 396 174164
778 779 252576
426 427 186808
752 753 190194
337 342 191607
351 352 184207
918 1000 216889
163 164 115228
756 762 259644
99 102 276875
930 931 247355
550 551 184805
942 1000 245952
225 226 257287
977 978 297310
927 1000 254289
196 197 207063
960 961 197314
59 60 145702
581 582 229647
775 776 339051
854 855 196129
602 603 139587
347 348 253421
894 895 187938
1 166 222917
248 249 166043
894 1000 192787
290 292 248475
625 626 297361
150 151 150932
777 778 276673
789 790 301074
515 516 270120
949 950 238667
840 841 176390
112 113 262198
290 291 322498
616 617 225233
995 1000 301605
858 1000 272318
671 672 217604
572 573 148626
634 635 214765
647 648 223085
743 744 205681
603 604 168185
845 846 279827
751 752 211538
931 932 225495
712 713 278716
172 175 169476
103 104 230176
55 56 160439
1 149 192775
606 607 229773
384 385 203001
131 132 263291
964 965 219750
623 624 232713
1 70 228808
396 397 255959
954 955 223595
937 938 253258
1 138 187727
580 581 264527
470 471 243359
202 203 173329
448 449 181255
1 19 243783
666 667 261986
838 839 210849
812 813 230064
423 424 195597
593 594 172498
980 981 271775
472 473 141277
1 74 195525
641 642 241975
611 612 207934
823 1000 229479
314 315 197466
970 1000 320336
633 634 208605
267 268 189410
681 682 207289
303 304 266034
630 631 132888
847 1000 183017
796 797 276663
6 7 209930
771 772 182047
769 770 234837
568 569 245980
509 510 220807
720 721 211828
251 252 258223
863 864 301107
760 761 219628
665 666 144786
559 560 176562
135 136 246446
148 149 178683
880 881 265219
577 578 183573
724 725 238607
996 1000 331967
920 921 316570
814 1000 259583
682 683 211741
87 88 211248
897 898 196970
5 6 183135
1 13 228285
1 143 281483
476 477 259806
362 363 126803
452 453 302019
1 146 251377
66 67 246544
847 848 178240
842 843 188272
899 903 251199
624 625 169288
291 292 207406
595 596 251642
1 173 190756
309 310 201340
368 369 215503
811 812 182605
111 112 145942
72 73 290808
491 492 137349
168 169 239911
1 171 283414
48 49 341198
249 250 186040
893 894 251772
380 381 240732
230 231 198470
648 649 275713
1 51 244881
552 553 279546
706 707 223921
1 20 295123
568 570 133421
890 891 182738
60 61 283990
691 692 237602
162 163 250883
999 1000 223303
992 993 190372
301 302 186896
871 877 248321
165 166 264458
871 872 294031
252 253 151803
749 750 163364
703 704 131330
436 437 187523
310 311 284710
968 969 215067
219 220 179883
1 158 225301
331 332 241939
991 992 165598
950 1000 252430
722 723 212176
268 269 274698
427 428 288458
676 677 283650
429 430 237154
830 831 179618
673 674 189504
1 142 219243
338 339 104776
127 128 289142
825 1000 249705
530 531 233649
294 295 215269
824 825 285165
214 215 205382
866 1000 297130
576 577 206847
955 956 237558
608 609 213030
936 942 225978
521 522 255406
493 494 264609
883 888 192535
726 727 347800
544 545 290607
953 954 200151
516 517 210280
325 326 233036
862 863 142836
208 209 205079
979 980 218729
414 421 308004
821 1000 311450
929 930 275605
1 153 187555
337 338 296402
822 823 331899
992 1000 252416
620 621 208598
443 444 317890
76 77 193799
976 977 210227
694 701 264959
400 401 269155
988 989 209835
926 927 242859
203 204 298748
636 637 275960
1 112 199745
574 575 289299
398 399 175518
108 109 160920
906 907 269890
537 538 192883
715 716 212474
346 347 190415
922 923 275436
1 89 274984
411 412 197307
280 281 300904
422 423 167156
445 446 245157
1 151 222868
663 664 215287
781 782 194271
892 1000 257715
444 445 93919
773 774 177035
416 417 249615
414 415 346017
450 451 214402
254 255 230157
858 859 235228
250 251 209048
592 593 273905
287 288 187425
684 685 197967
836 837 271628
171 172 222820
500 501 227313
141 142 191372
888 1000 316184
353 354 159368
727 728 188400
157 158 257184
885 886 258206
264 265 220885
820 821 191326
833 834 187550
181 182 242071
762 768 220452
728 729 217060
878 879 239412
121 122 277655
90 91 242988
45 46 207450
901 902 223126
49 50 235456
21 22 304864
832 833 127367
913 914 245846
520 521 88269
664 665 297134
174 175 152699
717 718 326975
1 114 262689
968 971 200140
704 705 308256
870 1000 213987
864 865 180663
912 913 192978
701 702 188852
689 690 183246
147 148 233077
359 360 272068
643 644 232671
622 623 132674
257 258 131888
534 535 262939
295 296 203310
607 608 288924
944 945 243116
525 526 131182
370 371 197638
792 793 158036
932 933 301483
83 84 230727
284 285 182310
816 817 289744
844 845 236833
860 861 175628
113 114 209567
9 10 290312
28 29 272244
675 676 218308
1 86 210005
788 789 155908
895 896 174462
226 227 219447
945 1000 243895
320 321 177823
253 254 279685
961 962 182283
468 469 157272
372 373 254737
913 1000 302883
803 804 185919
161 162 245872
942 943 212361
737 738 207159
70 71 184064
58 59 359512
763 764 227871
1 162 212553
758 759 252340
15 16 220060
53 54 248225
408 409 244775
431 432 136927
638 639 262526
902 903 202966
260 261 281459
91 92 221191
484 485 244408
760 764 249321
958 965 251900
518 519 293875
271 272 232433
896 897 270193
200 201 252822
891 892 174221
29 30 149940
232 233 164616
1 108 272238
469 470 316958
327 328 169356
807 813 207961
22 23 141315
610 611 196038
394 395 341046
705 706 125123
293 294 218925
783 784 219820
195 196 165268
835 1000 176884
455 456 100978
655 656 175554
390 391 141389
984 985 166908
51 52 186931
335 336 222561
212 213 210650
628 629 219230
465 466 319285
123 124 204797
56 57 264583
1 60 175400
794 795 176934
886 887 143880
696 697 260090
392 393 249895
191 192 275834
17 18 170051
813 814 211901
404 405 211813
991 996 161530
74 75 227384
167 168 180211
809 812 271894
161 164 263923
867 868 313360
182 183 134039
806 807 276034
941 942 230022
377 378 134874
1 94 270555
94 95 223836
558 559 223557
110 111 344043
774 775 186239
1 100 223481
1 11 264916
867 1000 264189
956 957 229343
619 623 111823
768 769 156240
1 36 225900
857 1000 248279
456 457 260885
850 851 224494
1 133 181589
642 643 155710
940 941 232994
332 333 314257
889 1000 322324
33 34 231167
998 999 204894
933 934 245119
853 854 248686
102 103 202171
640 641 148208
1 157 251315
514 515 213966
596 597 256073
137 138 276926
421 422 164796
475 476 176675
523 524 263483
548 549 287897
806 1000 261899
64 68 133366
43 44 299699
759 760 153665
612 613 267936
557 558 177220
947 948 210632
950 951 234316
343 345 204429
981 982 188892
660 661 199788
805 806 281909
379 380 192421
555 556 222123
528 529 222255
376 377 230680
483 484 151468
607 611 266689
393 394 242843
10 11 217369
859 860 187697
326 327 266957
988 1000 176305
233 234 329061
430 431 220327
160 161 225959
432 433 278766
627 628 320283
1 54 202073
877 1000 259660
437 438 263551
274 275 307219
965 970 213512
807 1000 215185
802 803 330043
709 710 272308
706 712 184481
297 298 176529
510 511 225519
277 278 269870
1 191 263277
497 498 270062
454 455 214736
156 160 145569
96 97 237321
504 505 181390
986 987 202993
886 1000 226550
205 206 157055
945 946 211803
336 337 121326
570 571 271685
126 127 307003
670 671 258799
318 319 216342
367 368 303255
868 869 184875
856 857 257103
349 350 200832
529 530 145372
600 601 296548
972 973 294472
399 400 285016
132 133 120565
787 788 226536
424 425 232381
723 724 322506
63 64 218894
963 964 203690
866 871 211831
579 580 234489
361 362 235230
645 646 172729
31 32 274984
487 488 229511
345 346 223830
175 176 232258
997 998 281715
511 512 211585
998 1000 272859
639 640 319737
467 468 278524
322 323 209830
296 297 173227
171 174 278311
591 592 199269
142 143 243286
766 767 186229
1 9 196759
651 652 234078
447 448 205420
1 21 200877
747 748 236351
674 675 235407
599 600 174337
144 145 180818
19 20 181074
39 40 191243
334 335 296931
736 737 166945
62 63 141780
785 790 126585
363 366 199785
732 733 245350
939 940 222546
105 106 258322
372 379 149293
1 90 183034
16 17 201798
578 579 183960
793 794 347468
344 345 242090
343 344 213947
898 899 213057
489 490 281039
551 552 173772
194 195 286297
409 410 339813
223 224 263142
471 472 229739
632 633 225304
54 59 315723
138 144 256903
694 695 246493
686 687 155976
119 120 168374
434 435 259248
355 356 275138
30 32 257811
270 271 216328
385 386 195981
266 267 185776
672 673 267073
164 165 223900
567 568 229546
312 313 214687
573 574 312958
739 740 223838
407 408 198208
139 140 206249
330 335 327315
1 200 260197
921 922 137816
473 474 222322
969 970 270566
718 719 185637
18 19 281338
740 741 202563
1 8 245684
1 178 217588
815 816 226357
661 662 325461
203 209 312141
134 135 154707
57 58 220722
482 483 167647
993 994 316346
79 80 145048
965 1000 239519
900 1000 292942
585 586 194090
92 93 263274
850 1000 224359
880 1000 283682
402 403 117614
128 129 178335
315 316 177975
861 862 319442
38 39 316663
697 698 184109
772 773 257194
101 102 242768
265 266 273971
77 78 150117
628 630 244395
339 340 236016
994 995 195899
283 284 176209
406 407 193369
244 245 224157
650 651 254018
598 599 211689
891 1000 257702
635 636 263774
41 42 166637
984 1000 308132
227 228 247593
215 216 166717
503 504 226174
879 880 248093
246 247 211923
247 248 316725
262 263 228024
695 696 252264
662 665 274038
258 259 228483
808 1000 218183
71 72 185209
80 81 288183
563 564 201498
65 66 212116
1 118 194198
446 447 195082
865 1000 241617
919 1000 180061
207 208 266353
896 1000 286258
892 893 290077
800 802 174724
140 141 196239
989 990 182318
974 975 123549
848 849 280438
810 811 196170
382 383 201224
1 50 274934
211 212 196861
654 655 249888
690 691 208383
410 411 174414
873 874 201866
190 191 333395
234 235 217314
542 543 280242
54 55 257264
160 164 175256
308 309 306920
222 223 209457
601 602 236467
855 856 283522
298 299 247672
745 746 252917
843 844 215649
962 963 226948
461 462 294127
439 440 248179
240 241 192739
657 658 184231
784 785 265700
462 463 258428
217 218 221998
369 370 162593
213 214 281550
835 836 98993
522 523 258421
763 767 209681
823 824 189893
340 341 263220
1 127 195159
734 735 161682
831 832 211952
877 880 207326
405 406 350004
282 283 192292
533 534 203164
938 939 201835
356 357 206553
549 550 237501
237 238 325536
973 974 263139
44 45 112639
969 1000 261442
466 467 129135
1 180 251585
926 1000 294628
923 928 121730
300 301 166799
453 454 278794
374 375 280335
279 280 179542
699 700 320765
905 906 260696
978 979 163821
584 585 143538
914 1000 270447
261 262 227660
1 119 253137
238 239 269263
552 555 193065
474 475 312648
1 39 252051
644 645 291814
188 189 171802
218 219 318178
556 563 186230
1 109 191939
289 290 138561
30 31 246038
936 937 221516
619 620 205620
757 758 225229
971 1000 285950
711 712 177246
371 372 244748
952 1000 295174
1 163 233384
959 960 231427
86 87 226265
1 193 290393
804 805 176019
61 62 253158
687 688 282072
907 1000 266523
1 32 221109
837 838 249435
143 144 212378
488 489 207499
590 591 175247
329 330 243360
285 286 250419
540 541 265588
365 366 120432
460 461 142640
324 325 249186
169 170 312953
153 154 207397
1 96 266009
895 1000 242457
949 1000 245301
381 382 357501
916 917 207233
658 659 222138
908 909 169434
1 116 254298
692 693 235364
479 480 277787
749 755 236822
678 681 303024
477 478 220567
801 802 168042
1 49 285784
874 875 135019
276 277 215181
814 815 189754
569 570 114643
983 1000 260934
88 89 206652
177 178 194884
485 486 323107
166 167 230030
304 305 233552
1 165 203432
920 1000 311689
228 229 228101
594 595 265509
34 38 133199
690 692 220235
145 146 206423
617 619 337574
985 986 319176
187 188 259853
109 110 228823
501 502 336393
843 1000 286998
905 1000 226363
838 1000 232380
707 708 164526
73 74 260608
116 117 255145
299 300 260057
419 420 219945
698 704 153148
721 722 220295
975 976 233431
841 842 239511
