1000 1935
351 352 225532
404 405 105518
210 216 232585
412 413 79197
234 235 133536
1 8 223632
862 863 181179
693 694 227972
806 809 198406
712 713 206171
985 989 182354
249 250 227953
431 432 126158
569 574 97993
647 648 175731
916 917 252570
924 1000 241191
466 467 201204
336 343 93033
312 313 79739
896 1000 172421
955 956 157621
46 47 195310
93 94 208522
519 520 141662
686 687 225711
90 91 149085
721 722 193865
470 471 172424
265 266 233195
796 802 256508
428 435 126479
901 905 143243
869 871 225882
671 672 157899
289 296 284687
545 546 180539
178 179 162339
128 129 152377
719 723 281827
429 430 117370
160 161 262270
386 387 174442
730 734 103399
447 448 145803
792 793 222912
902 903 176771
797 799 255014
286 292 137062
557 563 188125
862 864 190381
710 712 181788
616 619 179463
836 837 122615
741 743 154112
683 684 96172
968 1000 217056
536 537 228433
407 411 277760
582 583 158981
752 753 191517
649 650 138865
113 114 226338
835 836 236323
334 338 247350
62 68 168388
1 141 244212
8 10 88472
732 734 174658
1 30 220924
329 336 233126
415 416 164955
803 1000 194243
265 267 169141
512 513 180448
332 333 211885
288 289 195540
335 336 244692
475 478 212482
417 418 128865
667 668 221902
480 482 118416
134 135 249208
966 967 202396
190 194 183143
153 158 146629
328 329 87335
992 993 271204
972 976 235240
124 130 197077
720 722 143330
985 986 261443
126 133 247185
814 815 174165
1 170 138461
468 469 174469
482 485 115603
329 334 204379
592 593 185030
329 330 216033
734 735 277751
247 248 206119
153 159 111292
568 573 177192
771 772 216749
1 144 127594
186 187 141737
738 739 124141
994 995 115756
273 274 236613
934 1000 179458
215 216 213008
932 933 150236
753 754 99185
789 790 76328
446 449 114318
600 601 187839
41 43 172012
164 165 211305
81 87 223818
626 628 162414
108 109 139999
840 1000 218959
768 774 242369
640 641 243613
63 70 117738
743 745 198516
993 996 175875
581 582 211438
558 559 130370
1 173 216591
644 646 116931
323 324 176714
257 258 106853
653 658 184189
839 840 233959
736 738 165079
667 671 208782
17 18 178726
381 382 247172
994 999 128954
488 489 201793
566 570 173861
877 882 202469
126 127 189398
968 972 184680
258 259 237701
1 171 190028
459 462 187230
763 764 161004
683 688 160508
237 241 172029
1 31 188804
231 232 159222
956 957 164563
266 269 239126
535 536 161015
264 265 103133
276 277 207193
865 1000 222175
631 637 82516
714 720 258497
901 906 137387
576 577 175798
726 732 196340
568 569 204506
935 937 112391
166 167 218714
279 282 255349
834 1000 221765
312 319 228601
432 433 157930
911 913 239412
210 211 281756
421 422 109023
20 21 124361
342 344 252868
419 422 197087
762 763 217767
281 282 201607
930 931 165275
451 458 96354
690 691 149339
1 145 123444
7 8 272815
695 701 176441
711 715 314419
543 544 228229
187 191 131465
295 296 289973
52 59 189755
891 892 213996
330 331 129603
220 221 190313
936 937 147811
557 559 164918
882 883 151412
376 377 217740
5 10 130117
140 141 154238
182 189 86203
528 534 195016
87 88 159280
410 411 249060
589 590 256930
49 50 121193
212 213 161509
459 460 213156
384 385 157404
702 703 219706
225 226 58214
693 696 241431
149 153 273510
216 222 137175
577 578 255743
485 486 193911
349 351 133374
473 474 194131
505 508 176624
270 275 213253
62 63 246752
812 813 166139
232 238 239004
465 470 192346
279 280 186910
555 556 216149
56 57 239331
448 451 150201
863 864 165941
952 959 231511
244 245 167743
778 779 75459
774 780 138171
32 33 91783
970 973 213023
787 788 138182
617 624 131133
903 904 126376
812 816 106949
978 981 154132
416 417 188476
200 206 113165
440 441 153485
170 171 172253
94 95 227912
582 587 175910
875 879 163043
974 1000 247490
290 291 208208
817 822 142094
690 696 140161
657 660 155809
288 294 115647
786 793 173807
549 553 152712
1 92 194715
261 268 217266
594 600 82090
725 727 208253
1 178 161045
18 20 302005
183 189 186522
817 820 172308
750 753 258580
482 483 200218
888 889 192686
326 329 92829
379 381 229828
455 456 221016
608 612 114275
487 489 188997
505 509 173574
218 219 240158
1 76 239871
348 349 136101
537 544 200675
669 672 231628
892 1000 217288
50 52 218768
816 822 196582
959 962 194712
447 453 114293
109 115 240733
1 65 282617
240 241 226699
901 902 212080
768 769 183091
930 933 243085
452 453 133628
172 173 176777
644 648 205640
105 106 125143
893 897 194983
395 400 149283
830 831 184030
204 205 258776
109 116 209237
534 541 213471
176 177 206910
527 531 168034
321 322 178403
446 447 183780
150 151 233349
788 789 250908
1 4 195117
634 635 94728
773 774 204182
549 550 168770
740 741 233572
603 607 115567
977 984 85260
891 895 212912
758 759 166649
602 603 190175
77 78 202141
254 255 227820
619 621 145016
1 100 201813
1 200 189558
905 907 133681
682 687 237372
106 107 208560
952 953 194634
430 434 176963
970 971 131187
397 404 295513
51 52 202671
38 39 170564
1 77 159251
2 3 192217
845 1000 174757
150 153 227550
976 1000 247670
654 655 223017
587 588 183115
995 1000 217920
189 194 208696
468 470 280465
952 1000 175655
988 990 168194
874 877 248639
820 821 137277
442 443 231393
387 388 173494
47 50 155325
741 744 168672
882 887 153734
51 56 176372
525 529 224039
969 1000 168248
84 85 161291
666 667 235212
100 105 200126
378 380 220791
102 107 197623
917 923 78773
996 999 148338
721 725 178302
229 235 166502
725 726 198399
331 332 150937
474 475 74044
462 463 80082
954 958 209507
737 739 83686
111 112 135779
220 224 138017
269 270 218924
454 455 205497
200 203 175313
958 959 160770
647 650 203689
394 398 257502
98 102 237650
81 88 257878
243 244 207043
832 1000 157118
566 571 112213
665 666 156582
385 388 175656
977 978 109113
784 785 145483
553 554 113398
838 1000 159706
296 301 137526
213 214 163938
73 79 170069
33 34 173289
608 609 209970
67 68 192201
450 451 199303
409 410 169109
809 810 249170
103 104 258396
663 667 248006
626 630 154811
813 814 270574
492 497 161695
823 826 201701
991 992 250305
195 196 231514
526 527 203533
217 218 199075
953 954 224025
193 194 208140
634 636 115379
464 466 191296
934 937 111671
727 728 189312
73 74 280689
695 698 175267
920 921 240521
701 702 186347
88 94 144823
111 114 95955
566 572 166903
309 310 200716
422 427 111651
841 843 159075
716 720 274079
940 1000 171108
464 471 262685
887 889 284729
342 346 195938
201 206 137859
707 708 223741
199 200 178124
1 169 172848
943 944 232036
502 507 174144
225 229 122611
556 557 255946
795 798 267938
977 983 228493
846 1000 245140
638 639 267670
621 622 207144
757 759 98639
158 159 150022
528 532 223055
601 602 166080
681 682 164139
626 627 190660
860 861 216958
829 834 187052
365 366 134106
122 129 90345
563 564 211723
221 222 128314
563 567 192873
906 907 159887
349 352 218534
820 822 150476
675 676 218728
1 12 160652
496 497 219866
897 902 143221
532 533 124256
590 591 205470
161 162 73642
1 164 164437
931 935 252095
293 295 137051
168 169 136174
607 613 178966
299 300 200822
350 351 169439
564 565 199554
674 675 160305
292 293 185044
908 1000 237228
279 281 237590
987 992 210344
596 603 246611
857 864 181792
806 807 207051
957 961 154478
898 903 239036
1 195 224352
21 22 198164
940 941 168813
575 582 295678
629 630 255532
599 602 229345
382 383 138446
232 233 141927
520 525 212272
673 679 148784
823 824 152509
526 533 174280
617 618 125544
105 109 204488
942 943 162137
222 223 173603
59 60 189623
792 798 209717
851 852 218611
196 197 179537
163 169 174040
143 150 172388
265 272 242007
24 26 128510
513 514 223737
763 770 153401
293 296 184769
405 410 239800
910 912 122438
1 46 240526
167 173 224756
907 908 228502
867 868 189888
50 51 191044
538 540 161029
133 135 140163
295 297 282266
342 343 129125
185 188 209865
400 401 203647
486 489 197700
463 464 193736
996 997 243137
704 705 248514
866 867 239779
396 398 221192
1 52 217978
1 129 204008
988 989 187198
517 518 196941
724 725 133979
137 138 131430
1 149 187059
648 649 257406
418 419 108831
670 671 151365
314 315 161006
675 677 202349
598 603 257733
537 538 155913
503 504 172019
782 789 224244
246 247 117431
911 917 310189
558 561 138107
950 951 175307
31 38 106940
852 853 188847
407 412 265951
656 657 243209
26 33 176757
136 137 161228
657 658 144021
399 400 195858
252 253 152584
833 834 181167
70 72 227418
937 1000 306398
832 836 252264
934 935 207477
221 227 161271
1 174 206918
697 704 88119
379 380 252517
903 905 181375
232 235 147357
516 517 74261
10 11 141308
333 334 201653
762 768 163829
392 393 131996
287 290 246779
370 371 178040
357 358 163259
459 464 172092
197 198 231463
518 523 160957
511 512 232392
76 77 166402
828 834 158245
616 623 136133
13 19 202113
559 560 98909
739 740 225590
306 307 121037
102 106 157013
921 927 143355
267 268 188742
453 454 198176
623 624 249147
688 694 209009
769 770 183783
864 865 99025
80 83 211056
944 945 158678
481 487 259440
280 281 269704
156 157 162479
1 36 168751
559 565 220522
236 241 117145
580 582 170156
228 233 192241
170 174 252529
615 616 235166
411 412 223373
26 32 222470
301 306 245860
168 174 216144
440 442 126946
743 744 157593
376 378 221650
999 1000 195424
688 689 247057
424 425 195786
60 65 197126
460 461 185947
946 953 142969
838 839 131547
771 778 304605
769 775 238263
44 45 111326
923 924 167306
631 632 75154
777 778 198908
436 437 177347
341 342 178609
109 113 212639
637 638 214508
375 376 142595
636 637 243408
693 697 236962
305 306 225708
848 853 230140
29 30 107500
854 855 129367
20 22 163225
714 715 234550
571 572 201625
334 335 152378
942 948 176837
580 584 170774
770 771 211817
677 678 192417
460 466 124926
655 656 144372
815 816 105386
190 191 176834
65 66 145668
265 268 243560
300 301 228135
886 1000 244878
316 319 236295
483 484 198568
24 25 162996
847 848 148189
337 338 189102
141 142 106293
266 267 179239
1 103 207681
978 979 285236
662 663 251634
407 408 208813
386 389 233136
460 463 97768
73 77 185361
43 46 235804
72 79 184744
679 680 166633
1 54 188074
928 929 162233
1 87 226657
868 875 210206
308 309 222450
794 800 154995
440 443 202883
907 1000 277237
194 195 196884
313 318 186918
596 602 221661
282 283 117554
347 351 183104
232 234 142566
659 660 202111
822 823 261618
1 3 253973
886 887 171651
697 698 145247
973 974 160486
233 234 180164
488 494 230584
458 461 214352
915 916 268775
275 281 159589
78 79 228430
182 188 169359
610 615 159655
235 236 224790
339 344 147547
678 679 202219
701 705 273557
932 1000 229408
737 738 201260
13 14 186365
125 126 108272
623 625 189867
895 1000 224326
1 19 146942
971 977 215900
713 714 186515
924 925 212713
937 943 296972
552 559 212156
270 271 71438
238 241 195390
9 12 184576
162 164 238754
551 552 165227
206 207 224229
478 483 244192
394 395 162600
249 252 152026
346 347 263799
960 966 167296
569 570 136460
202 205 207630
791 796 125776
90 92 178053
318 319 219134
231 235 159203
963 964 244369
8 9 153064
871 876 193376
277 280 121063
667 674 120566
107 108 162946
414 416 201850
716 719 125490
175 176 206562
60 61 186830
604 605 239650
283 284 286495
151 152 161182
644 651 161985
558 564 206088
461 462 140360
845 846 103302
708 709 164546
344 345 214215
852 854 209580
180 181 183400
1 11 171466
851 1000 248334
435 436 176236
287 288 259737
500 501 188765
23 26 176320
756 762 149902
434 435 215206
805 806 150003
527 530 101130
606 607 105226
115 118 200958
931 934 212434
82 88 158850
118 119 218458
310 311 154623
731 737 278137
881 882 252236
1 96 258678
219 226 102432
1 29 181354
294 295 142596
550 554 133919
895 896 214325
560 561 218145
539 546 182632
918 1000 195260
112 113 130159
869 875 237266
79 83 129055
565 566 157055
316 317 177245
364 365 222755
1 111 199817
793 794 142320
257 263 109162
685 686 142132
489 490 130522
23 24 204477
477 478 232297
766 767 206361
75 76 147230
229 232 182938
972 973 246526
515 516 261218
885 891 217219
208 209 258913
401 402 210970
223 224 189316
150 157 167595
949 955 188047
285 286 171080
518 519 140252
668 669 130959
41 44 237643
433 434 197771
740 746 187987
964 966 164888
845 847 110962
396 397 179439
1 154 161192
178 184 241211
122 126 146973
987 988 194308
227 228 276330
40 41 134319
471 472 162201
524 526 186910
103 105 205139
118 124 223875
268 269 250546
218 222 208420
122 123 171860
873 879 200240
167 168 150881
890 891 174208
79 80 167094
184 185 178161
642 645 129847
884 885 93490
295 300 213466
426 427 154261
139 140 220074
403 404 219805
324 325 99762
699 700 129307
552 553 162626
579 581 121914
432 435 152628
913 914 179369
353 355 126858
155 156 193174
16 17 190799
9 10 152508
166 170 232905
664 665 150175
870 1000 219830
188 191 150751
256 257 234696
832 833 212325
919 920 142197
1 86 247845
4 7 189933
872 873 143945
1 2 176789
506 511 140979
171 174 240668
811 812 252738
374 377 248752
1 64 253070
918 922 231936
840 841 154930
34 37 113085
880 881 233667
428 433 128577
210 213 174700
544 545 152584
303 306 138903
493 497 229734
485 490 153888
27 31 269140
201 202 138219
967 968 140593
910 913 161935
761 768 142936
45 46 240248
624 625 168167
83 84 289966
871 872 235396
645 646 88787
311 312 241911
402 403 232237
196 203 133585
356 361 319044
767 768 255416
635 636 131261
228 229 131492
441 442 223881
462 465 138545
448 449 92614
700 701 243445
959 960 144575
1 132 132299
115 116 223523
360 361 264409
875 876 130878
291 297 210043
456 457 156897
44 48 132551
322 323 230146
573 578 220594
304 305 150811
868 869 164253
358 363 229628
491 493 157869
969 970 172173
834 840 228697
567 568 165449
796 801 248612
420 421 176948
471 476 136882
445 446 183331
831 832 249051
557 564 152561
451 456 197806
152 153 264215
803 804 246154
251 258 70152
720 724 73615
241 242 181905
588 590 166318
428 431 179075
189 190 194792
234 236 236327
1 48 204712
372 377 131902
917 918 143841
876 877 231325
215 219 280329
19 20 271140
887 890 186651
271 273 150035
307 308 223435
1 58 170073
675 679 197432
130 131 202664
595 596 183736
947 1000 192954
54 55 65209
502 505 140859
896 897 200309
765 766 183092
377 378 175122
236 237 213357
242 243 227098
886 890 232996
997 1000 197200
165 166 186328
819 820 162210
534 535 192412
937 938 177553
615 617 223174
48 49 219104
383 384 210584
950 952 152567
903 906 131657
464 468 179412
546 549 208156
464 465 194237
973 1000 207155
35 36 172292
4 5 262822
428 429 223128
910 911 123201
530 531 156198
667 673 118030
861 1000 207590
550 551 132426
525 526 300989
448 452 224452
629 632 132677
95 96 216073
627 630 190514
914 915 179539
816 817 243485
24 28 175467
948 949 195687
27 28 276852
110 114 159686
1 95 271232
16 19 161578
596 597 229886
70 71 216180
491 495 232356
523 526 223458
567 574 148189
349 350 143571
653 654 209828
600 607 237467
383 385 184515
85 90 116575
25 26 209602
710 711 170709
869 870 214708
746 747 173182
770 772 191546
979 986 204842
905 906 165064
853 856 145113
926 927 125610
738 742 188086
253 256 141919
867 871 250005
878 879 135433
307 311 202282
694 700 172324
467 468 224885
78 80 185986
357 361 288177
368 369 257535
1 114 124255
883 884 215684
911 916 282959
791 792 167660
887 888 221608
752 758 148399
708 711 167377
99 100 138505
58 60 195340
367 368 130010
35 41 117221
899 900 214933
729 730 197939
473 479 114008
815 822 162731
284 285 98152
253 257 178725
603 604 173045
53 54 212027
755 761 138957
303 304 152178
289 290 238236
658 659 144202
614 615 229095
986 987 71907
866 1000 225774
817 1000 177030
18 25 247483
509 510 262201
365 371 229641
828 829 89858
718 719 129181
547 550 254414
941 942 230271
423 428 194261
22 23 140562
785 786 230113
134 136 182128
598 599 141416
562 568 138330
475 476 192099
353 360 57203
207 208 214641
583 584 218095
818 819 217734
492 493 140297
630 631 200043
805 811 143693
455 457 213107
55 56 261693
696 697 287266
605 610 216284
709 710 116641
124 125 265161
655 659 54460
63 64 248596
673 674 168171
385 386 227463
476 477 143361
618 619 188885
1 23 124940
614 621 155967
163 164 139979
845 848 157426
528 529 186882
552 557 185717
504 507 171816
1 134 253524
335 338 231723
188 195 156834
484 485 122359
493 494 246536
165 171 166633
687 688 140563
537 542 145693
437 438 195194
795 796 213800
871 1000 191587
267 269 219848
1 112 159062
863 1000 152517
147 148 222431
619 625 177770
522 523 243043
965 966 247139
689 690 194923
18 19 149763
418 423 152378
719 720 311818
924 928 186438
121 122 186486
858 859 134407
754 755 247091
499 500 171586
562 563 151067
244 250 164011
129 130 206551
625 626 186681
878 881 134910
974 976 220042
798 799 199509
60 67 141980
611 612 179379
529 530 229758
15 16 274506
606 612 173312
799 800 124754
131 132 170023
85 86 178866
39 40 162749
1 73 156845
747 748 230713
927 928 190469
122 124 116681
885 886 142054
783 784 241239
98 100 173758
198 199 127354
554 556 227534
523 524 166533
823 830 146060
61 62 119891
605 606 241581
43 44 196188
916 923 124202
810 816 115362
238 239 127259
383 387 174502
622 623 168320
133 134 117725
327 328 268627
218 225 191567
353 356 60589
706 707 167264
309 313 158939
998 999 167752
272 273 170796
951 952 123545
637 644 215081
744 745 164943
764 765 235262
842 843 189363
278 279 95442
362 367 236072
277 278 263559
211 212 223460
557 558 205184
224 225 303424
415 418 160752
112 118 83707
968 969 212003
531 533 269189
1 113 207694
646 648 254034
124 128 240104
262 263 189415
626 632 196317
423 424 230644
320 321 236442
916 918 231387
742 744 92282
757 758 174584
488 490 128822
575 581 211152
646 647 271239
641 642 233787
71 78 135706
885 892 212005
401 406 223247
261 262 110860
632 635 178302
734 740 235311
65 71 174750
572 574 188391
709 713 187138
528 533 205163
157 160 229667
843 1000 181138
584 585 183707
1 15 152552
619 622 184141
120 121 198242
10 13 154724
798 804 241352
651 653 163556
544 551 155471
203 204 233266
147 153 185302
227 232 270514
149 151 215399
531 532 211910
480 481 134066
344 349 177997
782 783 123977
239 240 200248
856 857 232121
362 363 182919
30 31 154602
414 417 267828
776 777 192402
779 780 287365
153 154 134311
751 752 202088
611 614 147528
358 359 213401
296 297 140155
797 798 254081
69 70 213271
410 417 263031
874 875 255531
369 370 124159
173 178 97390
183 184 252136
375 377 145718
933 935 185603
449 450 205274
782 784 227675
373 374 84490
800 803 213287
797 804 192036
724 727 164865
986 1000 154700
982 989 259486
579 580 117842
748 749 158570
945 948 159930
783 790 154456
728 729 142216
388 389 262177
335 342 152932
586 587 241879
829 830 179429
749 750 165585
974 979 259045
772 778 207491
302 303 272333
491 498 245638
389 390 206206
149 150 174574
132 135 235780
118 121 207378
26 28 205311
26 31 181976
966 969 215821
188 192 155905
778 780 143772
154 158 239228
179 180 249039
593 594 285818
3 10 211539
153 155 117406
649 656 117433
472 473 219153
663 664 189484
499 506 196798
404 410 82550
88 89 235050
922 923 67610
841 842 125183
144 149 156145
609 612 177047
619 620 140996
802 1000 161202
413 414 186572
58 64 218108
983 984 100720
103 106 205364
192 193 151234
1 155 183039
1 185 232563
732 733 230209
575 576 231627
174 175 95783
974 980 163663
546 547 146063
954 955 198738
711 712 226270
357 360 175967
346 351 174097
843 844 163528
715 716 130681
810 811 90806
213 217 190519
857 860 128511
682 683 262631
1 57 208486
1 199 205544
955 1000 223296
978 980 183247
156 161 193956
317 318 255780
135 136 147660
678 683 262412
585 586 199880
458 459 243434
133 138 148555
620 621 198093
827 831 205362
251 252 61385
220 225 177192
233 237 196796
408 409 115526
1 42 220653
580 583 149304
286 287 115922
957 958 238655
336 337 190964
955 959 248199
491 492 176002
825 826 218105
358 362 266130
715 721 166228
722 723 169680
597 598 187263
48 55 143105
554 555 191505
136 143 101172
974 975 153746
786 791 168814
733 734 128724
965 970 219593
414 415 170945
951 1000 155955
97 98 115842
81 82 261233
684 685 152968
64 65 207982
906 912 210056
524 530 170686
202 203 187373
800 804 242876
251 254 95148
114 120 230680
991 993 292408
502 503 220979
608 613 181284
781 782 182439
849 850 193008
358 360 152480
1 125 222429
468 473 281234
101 102 182403
938 939 169649
694 695 190845
520 521 219991
680 681 296460
30 36 153496
855 856 196612
987 990 211291
906 909 238659
209 210 174100
541 542 134446
270 277 136842
971 972 160765
260 261 192764
877 879 137158
96 97 209828
34 35 197066
548 549 240414
908 909 151007
1 122 223989
976 979 256453
542 543 192746
363 365 201965
132 133 253295
848 849 227961
89 90 171581
692 694 170176
735 736 146776
142 143 178502
251 257 106794
340 341 168318
614 617 222352
31 32 185182
592 599 123467
313 314 248722
315 316 119926
1 181 210778
746 748 159543
650 651 186865
724 726 214640
855 1000 219156
25 31 227760
354 355 205980
642 643 216590
427 428 175805
467 471 297752
691 696 131229
311 313 133115
1 99 145786
212 216 111634
755 756 166251
356 357 174814
879 880 196101
898 899 184163
481 482 171150
720 721 90413
1 139 214361
824 825 216508
505 506 149379
287 292 173158
761 762 182944
214 215 198163
321 327 102864
405 406 302780
11 12 174781
69 71 208274
826 827 145705
922 927 134847
229 230 148875
979 1000 161045
929 930 205365
144 145 191751
116 117 165546
1 5 229277
127 134 215250
524 527 158423
456 463 149652
651 652 159583
363 364 159713
68 69 164945
817 818 180588
649 654 145901
494 495 172683
451 452 150226
355 361 265299
660 661 140325
138 139 206055
703 704 121487
964 1000 183990
827 829 198265
827 1000 309226
482 486 149251
745 746 190422
330 333 184434
171 172 168001
723 724 170411
947 948 142512
858 1000 230154
991 997 245655
42 43 151463
581 587 112912
989 990 203707
778 781 230830
325 326 250863
925 926 251141
477 481 284837
146 148 100378
6 7 149504
419 420 203686
715 717 132912
951 958 121563
800 805 246253
1 179 161802
755 762 146771
644 645 170635
873 875 173592
1 180 252586
640 643 238627
800 801 302062
889 890 120560
983 988 124913
92 93 225691
501 502 159036
134 141 151910
859 860 112441
182 183 142483
47 48 248999
580 581 151841
109 111 223822
990 991 136643
839 1000 227374
669 670 155283
113 117 162700
75 78 73513
756 757 196462
145 146 282068
533 534 215510
1 38 168429
935 936 147917
692 693 179137
412 414 161020
91 92 141860
271 276 210861
948 1000 247154
894 900 77311
912 918 214949
169 173 274771
657 664 216904
187 188 267347
91 97 290537
893 894 201641
298 299 209410
239 242 137015
759 760 259439
397 398 218772
695 696 191697
297 304 138035
1 194 214052
185 186 104474
429 433 186819
939 940 280532
73 78 137189
159 160 116568
785 792 185417
632 638 211919
676 677 165274
960 961 117767
599 600 197744
524 525 132798
28 29 130469
71 72 187396
269 272 208326
880 1000 221562
142 145 169485
421 424 200366
933 934 220416
878 882 191049
625 631 274792
5 6 86905
736 737 222484
802 803 127506
490 491 219899
561 562 149043
877 1000 206043
347 348 196022
299 305 127531
253 254 221577
84 90 196679
1 137 231050
946 947 180099
395 396 162469
814 1000 132149
792 799 247470
271 272 296440
177 178 156034
173 174 221935
86 87 154758
398 399 196867
981 982 157973
731 732 239300
245 252 236291
540 541 269593
250 251 234224
698 699 279946
940 944 156142
964 965 209119
102 103 128948
944 1000 168093
345 346 145108
726 730 216842
429 434 140916
975 1000 219523
970 1000 234977
547 548 194388
808 812 195879
864 1000 139953
953 1000 218631
355 356 176963
80 81 200738
140 147 136822
498 499 192067
301 302 168845
853 854 275155
716 717 161379
573 574 213811
790 791 250094
984 989 189945
64 70 137955
672 673 101679
159 166 152345
200 201 163142
838 841 174561
961 962 280329
41 42 170370
904 906 172617
444 445 195524
613 614 131389
772 773 183144
704 709 224265
751 757 248033
652 653 117359
516 523 206583
811 815 259802
659 661 192047
993 994 151146
806 811 176880
760 764 186531
997 998 174442
852 1000 174841
114 115 216702
741 742 172669
962 964 219409
361 362 129221
975 976 199901
804 805 124037
756 760 215883
865 866 149353
216 223 115355
786 787 193298
697 703 133195
974 977 233687
469 470 275666
594 595 175916
891 897 177892
14 15 147831
885 1000 209490
406 407 130139
390 391 121423
465 466 125670
252 257 162763
117 118 162083
252 255 230976
181 182 127441
59 66 266627
230 231 255296
219 220 206149
1 135 243072
574 575 119709
578 579 182613
821 822 151393
495 496 184578
717 721 205605
188 189 134627
216 217 189702
280 282 182542
820 825 138274
592 595 172754
682 688 170575
796 797 192940
366 367 236493
324 331 105700
609 610 132037
909 910 218180
443 444 108814
300 306 178833
479 480 253164
291 292 189784
705 706 130695
610 611 197520
1 59 172080
589 596 234934
785 789 200696
345 352 172563
527 528 170128
390 393 84868
691 692 187704
507 508 114333
241 248 156887
1 10 178402
274 275 223851
258 263 143681
984 985 147849
612 617 254396
873 880 126908
74 78 136797
372 373 128032
960 1000 210933
714 718 157665
109 110 191350
169 170 168372
722 724 178444
900 901 299587
1 20 291250
931 932 247243
833 1000 221588
87 93 127853
976 977 236415
326 327 58572
233 236 205109
58 59 128179
319 320 91500
154 155 199235
539 540 245991
780 781 184817
393 395 214591
353 354 139590
583 589 115075
439 443 249294
1 39 211253
506 507 156991
673 676 225983
425 426 189255
980 981 200066
834 835 191913
904 905 212201
72 73 85928
632 633 256669
811 818 146597
949 950 162078
1 138 161516
100 101 287634
616 617 192561
760 761 140465
971 1000 280963
846 847 220385
218 223 109339
378 379 203178
550 556 144749
556 559 235082
504 505 186205
718 724 215372
521 522 177688
591 592 144051
255 256 161139
137 139 190718
920 922 186760
512 518 164275
87 89 263754
837 838 265091
857 858 192758
352 353 212459
672 675 119894
249 254 122172
380 381 174869
787 793 227129
409 414 229834
90 93 152170
993 1000 195568
478 479 200591
835 1000 211827
698 703 239260
66 67 165008
850 855 172851
67 74 267320
304 307 236671
127 128 186396
37 40 233080
1 63 188709
639 640 85027
736 741 161115
681 688 89794
933 936 113471
62 67 187313
1 51 156652
278 281 108106
508 509 143501
633 634 237676
877 878 107700
710 714 216996
162 163 267046
683 685 104405
962 963 113091
148 149 148796
742 743 187920
98 99 216048
641 648 182015
823 828 198958
728 731 154513
278 285 139705
421 426 193978
842 848 125125
785 791 250093
870 871 238139
74 75 139005
607 608 218783
911 912 260377
339 340 148864
873 874 127539
384 388 137841
859 866 195282
996 1000 248783
945 946 118810
146 147 196452
338 339 177401
894 901 186484
157 158 259557
291 293 219454
253 255 194719
69 73 212394
116 118 83753
950 954 213242
719 725 228098
19 24 219854
883 886 146370
809 814 232482
262 266 223173
806 810 231453
656 662 209864
376 379 200723
566 567 178321
533 536 195543
588 589 163994
106 112 228699
457 458 128878
982 983 233258
155 162 250382
743 750 173205
570 571 209760
730 735 152967
354 357 203898
995 996 198727
819 822 182402
1 6 189771
359 360 172800
275 276 133682
765 771 117972
661 662 235768
245 246 310071
123 124 180253
259 260 221193
143 144 122958
550 555 102029
894 895 131385
1 80 147344
912 913 212958
1 28 196492
819 826 166101
293 294 112780
422 423 143280
774 775 124199
391 392 190132
297 298 147391
510 511 127629
597 601 200589
80 86 250139
643 644 164308
347 354 174741
235 241 172368
103 109 227425
861 862 270840
730 731 140126
37 38 180872
55 58 195789
748 750 192055
801 802 184098
26 30 184593
985 988 227455
26 27 193865
134 138 187958
951 953 168415
829 1000 265134
1 7 114266
614 619 234082
439 440 142778
612 613 238126
7 14 168511
628 629 187595
430 431 261516
205 206 120721
302 307 227650
743 746 219913
726 727 104865
36 37 105132
627 628 132464
836 841 224468
119 120 198796
816 1000 217578
12 13 163673
918 919 170212
438 439 139785
263 264 256997
341 344 267501
785 787 221831
750 751 165837
377 382 204109
827 828 322356
892 893 171531
850 851 194667
966 1000 162471
594 598 123829
409 412 274012
497 498 133181
222 229 185860
1 176 236279
979 980 114723
52 53 253636
765 772 210872
104 109 133167
406 408 198584
1 61 171016
538 539 118639
807 808 244728
310 313 142903
351 358 181577
371 372 203991
794 795 154172
1 34 173657
805 808 173306
57 58 89381
151 153 204906
897 898 155555
3 4 158479
818 1000 266356
472 478 155864
393 394 256064
220 227 67087
837 844 149245
381 386 144410
728 735 185820
374 375 260579
923 927 144592
98 104 272411
110 111 250666
307 314 250621
237 238 123223
955 960 218487
104 105 108760
71 75 141809
961 1000 206482
36 42 218766
514 515 86141
248 249 175606
191 192 218676
486 487 266300
391 395 262271
881 1000 225410
921 922 185128
882 1000 142447
844 845 206201
958 1000 202713
226 227 159973
343 344 276314
775 776 136731
865 871 220609
781 786 198611
1 74 226994
806 813 189114
899 903 224429
572 573 214500
808 809 132208
487 488 123426
489 493 94987
374 379 193114
82 83 85279
717 718 224632
