1000 1754
190 195 104859
922 923 208592
867 870 217307
678 681 150492
660 666 236629
347 353 242176
322 326 159192
843 847 153397
309 316 150534
726 733 187366
491 494 141999
712 713 191263
815 816 200461
280 284 197857
744 748 275650
557 564 171495
838 1000 193507
993 998 204632
934 940 225730
945 948 75830
815 1000 151862
900 903 127589
518 522 261078
491 493 146867
505 510 263935
760 767 139941
230 236 207929
306 311 175696
771 774 161225
206 211 72012
228 231 208858
103 108 188535
295 302 174468
225 232 233023
752 758 203759
732 738 188841
143 144 185779
108 112 153765
706 710 180190
637 642 163709
914 919 135265
163 164 174406
43 50 147799
602 609 165388
249 253 204147
322 327 233425
370 376 157271
705 707 88832
198 204 144797
388 389 196640
921 927 154562
812 817 111836
958 962 177441
561 563 201609
361 364 219796
563 570 206215
768 775 93925
28 33 124537
664 668 222884
306 310 246108
249 251 186634
368 369 206247
831 835 193658
193 196 143311
568 573 229118
106 109 135282
516 522 206441
935 940 232321
389 393 226207
595 598 138039
615 621 104122
216 221 169634
247 250 142925
932 934 191876
199 204 189547
895 902 162480
24 31 161575
344 345 91727
1 112 56684
86 91 205984
410 413 209796
620 627 172924
37 40 191645
911 915 256019
67 74 206138
46 48 197027
508 514 170456
189 195 144129
304 309 160835
546 552 143774
930 934 178663
929 1000 192395
729 732 144410
372 375 99250
571 578 280074
668 669 273039
203 204 148087
651 658 193296
450 451 116410
890 894 183837
365 368 243752
685 692 202334
96 102 219620
184 191 140908
125 130 188008
710 715 101836
980 986 221221
353 355 130130
801 806 172013
619 620 79415
270 274 186344
740 742 159906
968 969 147110
797 798 225510
792 798 171628
743 745 185834
601 607 216855
675 682 271178
642 644 188063
697 699 180096
1 48 127616
506 507 175888
963 970 279701
497 499 95321
990 994 90471
201 207 199280
824 828 217564
478 480 162140
919 925 79244
845 850 156645
877 882 131699
90 94 137618
24 28 207981
537 541 196486
782 788 159588
534 537 157088
949 952 190493
102 106 138288
1 199 92924
234 241 218232
214 217 311797
638 643 129221
342 348 214558
567 568 60459
365 367 149786
250 251 191103
887 891 192122
813 815 176908
1 156 58126
36 43 205742
653 657 253647
14 19 250537
729 733 179998
106 112 68062
949 956 275579
15 17 171678
3 6 196313
342 344 194818
666 671 108559
461 468 157058
789 792 197408
574 575 217242
750 757 102632
15 18 209140
524 529 55983
300 305 220020
331 333 221008
195 196 273713
662 669 259723
322 324 187546
685 690 142809
208 210 159564
192 193 267682
351 358 157321
79 80 147654
855 856 214660
892 898 161640
137 141 168498
186 189 211629
501 508 168326
828 835 137143
805 808 103425
53 59 218280
562 565 189746
211 216 216753
833 840 193281
137 144 179456
194 198 276309
893 900 224801
291 293 195655
310 317 196305
500 505 173282
187 188 243242
146 153 146079
93 94 115439
709 715 137289
688 691 246487
688 690 216919
90 97 195605
560 562 174870
81 83 174352
135 137 139194
34 39 173599
969 972 172747
426 430 112524
773 780 160398
822 823 205451
928 929 154054
917 918 167251
573 578 160207
974 979 195734
323 327 121751
487 494 169436
673 679 200968
114 118 91359
9 16 178871
67 72 179200
527 529 121017
807 814 209587
136 143 160651
520 523 250153
57 62 129511
695 697 212572
503 509 118756
160 167 154071
792 796 148527
905 912 149847
869 876 154624
747 754 192000
614 621 139664
297 299 166095
119 126 271845
205 210 146787
490 493 160630
200 201 133074
958 960 116360
378 381 228904
954 958 175103
298 303 162276
398 402 157436
993 994 210915
151 156 215383
543 550 141670
731 738 132744
202 205 240802
374 381 207721
286 287 173493
779 780 95781
546 553 65453
327 328 211748
156 158 134751
355 359 260381
858 862 262216
943 945 160439
118 121 166561
45 52 180662
676 678 151686
404 411 119131
141 146 195618
311 318 214191
133 137 123988
333 338 184627
353 358 200792
245 252 125914
29 31 92780
1 184 174043
528 532 265113
69 70 198223
988 994 147277
986 993 76897
477 483 228353
31 32 213656
585 589 233379
266 270 183778
866 873 227650
461 462 170500
493 500 232198
414 415 193766
910 917 219319
650 657 127585
525 532 122580
485 486 140392
427 433 197746
786 792 200423
671 677 241429
426 431 175800
573 579 198393
797 803 117785
37 39 130484
742 749 270732
55 58 109391
684 688 127926
662 663 180232
447 454 239006
437 442 139517
507 512 133344
770 774 137536
772 773 188576
417 419 132100
878 884 262290
666 667 156905
149 150 77167
387 394 136057
168 174 153919
360 363 138790
291 297 145792
147 149 160102
975 976 193768
955 958 180585
915 920 133692
970 974 153399
417 420 99165
702 708 125809
193 194 93703
551 556 128930
707 714 197929
407 414 159847
28 29 166922
807 808 141332
66 70 110863
583 588 254798
347 354 147606
213 219 225338
100 104 301988
614 619 214959
938 939 170215
277 284 217537
126 128 103537
970 973 170291
617 620 203988
310 315 142552
703 707 147985
187 189 250275
975 979 164536
496 499 158678
372 377 112382
24 30 246356
504 510 237653
388 391 193712
329 332 72189
655 662 165438
93 98 68176
627 634 206208
133 136 208012
1 42 67758
62 63 145123
920 925 158674
243 248 186500
236 242 102755
654 661 132984
371 375 164259
637 643 85971
848 849 211437
955 960 91309
824 830 201645
682 683 187962
697 701 199468
227 229 108996
11 16 123610
535 537 183339
249 252 164134
631 637 242808
288 289 265540
394 397 182069
634 637 247379
205 211 141956
453 455 105745
727 730 188257
192 197 185711
374 378 169644
272 273 162320
60 62 202093
216 217 180401
524 525 202827
556 562 186415
85 90 190608
257 261 187786
14 21 244179
89 91 169065
166 173 167389
9 12 211577
821 827 224050
99 103 146443
276 277 194807
41 47 191384
3 5 200163
595 597 48046
398 399 205097
372 374 95919
197 199 206696
807 810 153244
967 970 256356
656 662 159895
410 415 194407
517 522 216316
119 123 153419
210 216 277164
92 99 169805
341 348 147059
960 964 190302
776 782 175031
568 571 162671
842 849 208524
156 161 193224
473 476 136083
488 495 94043
14 20 168093
308 312 203854
901 907 136911
684 687 174095
319 323 166004
664 666 185857
89 95 231549
537 538 270807
799 805 238922
789 793 201886
523 526 159243
559 564 184509
9 14 191329
966 1000 168898
538 545 147541
328 329 144013
432 435 234337
460 461 184889
889 893 195497
260 262 290416
566 570 147541
876 880 92539
116 120 173363
891 897 194510
485 491 232166
74 75 187537
254 260 108783
529 532 251706
392 394 156708
314 316 173281
36 39 140261
886 891 182051
527 530 198394
755 760 114471
109 116 239170
676 679 186715
205 207 185401
805 806 144120
841 842 121036
627 632 232466
956 958 187906
547 550 204031
491 495 165053
979 980 81596
778 781 277974
902 904 280315
371 374 130284
933 936 238549
784 785 180543
924 927 170178
948 950 144571
495 502 225115
412 417 149347
867 871 279682
945 952 112887
899 906 270503
803 810 235099
513 516 120430
788 795 223769
339 341 92747
691 692 154694
204 206 273915
129 135 189032
872 879 239524
967 973 258872
770 771 246206
464 471 150221
149 153 80193
652 657 146861
887 888 122729
194 197 205650
986 987 186250
391 395 141733
1 188 161524
863 864 203463
39 44 199868
541 548 140997
893 897 205884
540 544 165030
881 886 197064
96 99 208442
338 344 197468
977 980 113404
176 178 167485
898 904 266100
571 574 252131
715 720 148311
392 397 241847
430 437 223245
662 667 152282
23 29 194857
741 746 132313
554 556 200686
2 4 85708
2 6 176786
931 936 210088
775 778 223317
637 638 175263
790 796 127142
272 275 83353
130 133 196323
234 235 156334
691 696 146405
305 307 289959
42 46 273278
265 272 215286
815 820 159370
876 877 118344
886 889 95093
927 930 188782
381 383 200886
320 326 172142
577 583 134093
123 127 252484
878 883 162632
137 143 125623
293 300 187234
331 337 173413
357 364 135568
896 902 84725
895 898 128184
976 977 182411
991 992 287939
813 818 238823
818 824 176332
658 661 204388
499 504 233333
609 614 187163
359 362 55671
8 9 198882
260 264 157044
279 283 184691
294 298 183303
17 22 222213
885 888 200178
98 104 306424
680 684 207441
436 437 182110
909 916 156280
10 13 257913
698 701 213329
692 694 191015
672 674 235939
745 751 204068
593 596 246798
643 648 199712
909 910 188861
844 846 161047
658 663 168130
937 938 184685
671 673 184096
397 400 185083
51 58 121328
368 375 157904
508 511 160165
793 796 89682
141 143 176551
1 104 201437
208 214 163547
215 221 138252
380 386 83820
30 33 194124
318 322 81006
489 496 114211
648 652 142437
955 959 155741
935 936 227274
910 913 168988
153 157 205291
705 709 198997
253 258 105795
407 411 175920
273 276 121323
815 821 116867
545 549 234723
183 189 143643
812 819 125110
627 631 202749
753 758 232175
403 408 159797
166 169 184618
99 102 192640
448 454 213256
958 959 211184
393 399 155072
352 359 248719
385 388 192563
887 889 133272
189 191 177255
304 306 189364
704 708 142988
614 618 169582
99 106 222904
33 39 164167
359 365 116766
708 714 136062
723 730 184243
168 175 159928
451 453 224455
416 423 127474
84 91 201332
45 48 180413
944 951 64906
595 601 107680
138 143 200588
263 267 139217
167 173 165342
252 259 201042
863 870 254675
300 302 286331
890 892 252613
766 767 198669
707 709 250517
895 897 204689
444 449 176302
36 42 177870
552 559 77545
216 219 239288
41 46 308257
399 401 141647
394 401 170765
374 375 228751
422 423 133511
570 576 228419
275 282 211269
54 61 152224
605 609 185955
240 244 266414
160 165 117102
948 955 250744
863 866 258633
76 79 166664
827 834 192109
919 922 106953
424 427 166631
913 918 157058
296 297 204282
538 544 146342
594 601 154337
115 119 172971
243 246 184477
427 432 75174
518 521 221031
558 562 176904
719 726 195767
193 198 181386
184 187 84905
865 870 160146
649 652 270407
627 630 181633
945 950 80231
415 421 223641
569 570 194327
914 916 215804
218 223 141788
991 997 293601
712 718 179233
648 655 126446
803 1000 201756
159 161 204527
292 299 60612
22 25 192830
802 808 124081
850 851 212648
686 688 241634
744 747 203999
928 935 95532
328 332 89955
933 940 203360
728 735 215491
139 144 221754
358 361 126454
765 770 116360
322 328 238193
1 2 174366
986 988 202353
160 161 189677
279 284 225505
775 779 199819
889 895 218165
640 644 240765
461 467 237119
522 523 173217
90 91 223069
904 905 140540
217 222 226274
466 473 173201
759 763 169228
798 799 226129
23 28 243343
793 798 162263
354 361 231242
80 82 136712
790 795 145800
673 678 236778
926 933 97446
281 286 105853
130 131 166861
550 556 150846
171 175 143976
560 563 242926
537 542 252835
368 371 106929
430 434 134740
525 529 108565
71 78 166458
221 226 226236
192 194 131853
432 436 256531
567 571 143872
377 383 109278
897 903 174389
655 660 89258
800 806 168913
296 298 208729
599 600 122086
600 604 230717
381 387 291113
603 605 155785
741 743 81697
671 674 253435
69 75 173249
641 646 228870
913 920 129989
506 511 169690
462 468 153109
486 492 237552
303 308 232991
789 795 124828
496 497 244396
969 970 253402
828 829 219129
407 410 186568
798 803 104216
788 789 237806
607 613 126262
973 979 160169
524 531 64583
600 605 177871
810 817 186133
443 447 154867
18 22 185974
152 155 173330
967 969 179687
49 54 192567
639 645 230547
917 922 122363
466 468 40875
354 358 291389
399 400 155398
667 668 186231
409 415 200214
303 304 121098
461 464 257463
886 893 149365
600 603 243292
860 867 194643
995 998 209321
415 417 212766
344 351 201998
92 96 179278
951 955 256034
464 465 147748
656 659 235044
641 645 215991
824 825 125131
542 545 90287
659 662 153351
573 575 173461
652 655 193230
228 230 132085
978 979 219135
49 55 235069
481 486 216594
484 487 132356
540 545 144878
633 634 136937
722 727 152593
761 764 162484
404 406 116321
618 621 246672
598 602 190975
190 194 83102
806 809 181373
454 458 135016
414 418 121125
927 934 156587
120 127 196552
352 357 145684
212 217 191067
751 754 101932
580 585 157026
213 214 109901
957 961 185934
240 246 284398
108 113 214857
978 981 173439
412 418 103353
583 590 169184
119 125 249907
766 772 123291
763 769 159059
445 447 129432
112 116 258184
994 998 192047
366 370 196818
857 860 128929
413 419 155379
25 31 129537
196 202 75029
190 192 116112
868 874 167838
76 78 141202
581 586 238879
529 533 238425
160 162 205983
398 403 132129
31 36 194480
608 610 146306
134 139 214806
463 469 200593
644 651 90428
364 369 259522
267 274 203547
188 194 103705
781 786 197262
105 112 63479
903 908 237019
375 377 198413
121 127 207559
56 60 204060
351 354 119020
87 89 223500
835 842 166039
276 283 218114
115 118 139614
851 853 121854
773 776 220600
715 721 206356
855 861 125096
669 674 175022
910 916 175994
763 765 146945
178 185 143633
994 1000 236630
527 532 235316
220 221 167249
188 190 228955
232 238 70041
898 905 154121
50 57 259420
268 272 231195
976 981 152023
674 681 131440
490 496 141951
786 791 115179
883 887 200680
202 206 252425
683 689 178424
321 328 208205
904 911 110215
123 130 230115
169 170 209581
386 388 273564
294 301 275965
129 130 257753
823 827 247443
849 852 192283
11 12 151883
37 43 196219
498 505 263473
872 878 121642
284 285 156200
317 320 121613
147 150 71464
337 343 127586
702 703 237799
150 156 150127
964 968 157183
408 414 226363
265 268 123949
402 405 142449
262 265 211097
808 815 193737
337 341 150983
740 747 184869
320 321 253339
599 602 145672
670 675 151502
291 296 210279
106 110 92553
262 267 193149
828 833 101781
736 737 179745
319 326 67566
796 801 192627
315 317 213266
605 611 142412
936 941 154223
827 830 160607
495 501 215549
505 512 177784
435 440 121755
600 602 295826
505 508 125517
785 790 234204
740 744 132811
279 280 227183
95 101 200845
617 618 191388
485 488 223589
63 67 214021
255 257 171035
976 982 159741
85 86 110096
467 468 83324
819 822 124804
595 596 160133
705 710 209186
836 842 163199
89 92 121441
985 987 212479
86 88 179016
339 346 136711
120 121 144874
223 226 192611
695 702 128838
646 652 124521
569 571 152920
810 812 266248
242 249 131692
324 330 208604
473 480 185988
116 121 68247
933 934 198449
683 684 166484
27 32 152103
701 705 209477
812 815 90505
465 469 163657
403 406 204275
272 277 57039
505 511 112990
132 137 239526
846 853 276046
732 735 197188
621 623 159847
349 355 171889
861 866 210012
33 34 204915
648 650 154928
206 209 86666
77 80 198441
248 251 184035
56 63 195862
606 608 74594
178 183 218386
20 21 276137
710 711 141241
377 380 148710
403 404 185210
494 497 188656
765 768 212841
591 596 195215
33 38 190079
457 461 126814
23 24 227786
104 107 92657
599 606 166380
471 477 206335
786 788 115246
782 783 117413
480 487 102686
30 31 103228
359 363 106691
489 492 214022
600 607 223912
186 192 188337
490 495 207135
565 566 195237
989 992 292321
268 271 241335
589 593 145074
70 73 226341
345 348 140754
384 391 203795
176 177 281575
764 765 218860
847 854 187652
344 347 108209
304 310 229966
567 574 138865
398 400 146275
479 486 206808
985 990 180941
62 68 152746
604 607 183628
182 187 128264
207 213 159854
117 119 173390
223 229 156313
273 279 176447
670 677 152539
588 590 163676
117 118 88237
666 668 171202
657 661 121981
759 760 106906
930 932 188303
981 983 182859
138 139 104197
952 954 239086
51 53 110295
537 543 249746
526 530 105074
219 226 175675
653 659 227683
367 372 202711
85 92 162546
724 727 211623
700 707 150750
185 192 133549
649 655 256992
53 60 218750
239 245 88805
689 692 107212
943 944 175189
695 700 151202
614 615 168173
962 1000 181270
20 26 265611
633 639 93764
163 167 120189
65 72 223850
223 225 149359
157 160 205768
239 240 108733
965 970 244788
882 883 199497
17 18 186688
323 325 236810
465 467 211349
571 577 266437
316 320 115308
541 546 155371
548 553 169121
615 618 160408
978 982 155182
601 602 245545
468 473 278222
44 51 220919
292 296 116339
211 214 149749
811 815 230351
241 246 287953
723 727 145142
362 368 291069
837 841 185115
205 209 149815
992 1000 200252
874 879 170917
365 366 222804
973 974 129178
826 829 189093
897 899 65890
526 529 87393
151 152 261016
709 711 148279
842 843 299695
108 109 206923
700 703 170395
309 315 79702
484 490 167977
858 863 119510
924 930 213757
873 879 164106
386 389 234771
685 688 176580
687 690 198099
200 204 184114
568 569 195308
441 448 141426
938 943 220026
257 262 206754
332 337 228021
454 456 230372
598 599 178201
24 29 249465
235 238 141567
762 763 131959
118 119 170306
704 707 151186
527 531 192744
528 529 137153
912 918 172511
223 224 226671
504 511 184695
386 392 200061
903 905 108331
729 735 199520
391 394 152091
754 758 225569
205 206 167046
172 173 90557
938 945 261813
580 583 201691
261 267 212468
227 232 208104
360 367 184518
221 223 208496
121 124 257227
667 674 161401
278 285 136100
390 397 198341
1 113 112899
28 35 181964
587 594 136349
473 475 149792
442 447 149486
994 997 207429
214 216 232527
215 216 247377
34 40 139928
366 368 262647
456 461 105841
109 112 163117
492 498 67591
128 134 112894
731 734 120730
349 356 259376
179 182 279152
503 507 141415
300 303 203791
161 167 185404
636 643 141293
814 815 158138
617 623 208759
543 545 119068
477 481 151881
652 653 97446
263 270 145943
847 851 176455
726 729 168768
760 763 191873
370 373 201520
433 440 179202
394 395 211681
540 546 159723
137 142 239597
899 905 164461
627 633 160809
806 813 198639
497 500 115609
467 473 230923
406 409 206347
107 114 220994
211 212 232590
783 788 173844
923 929 198523
65 66 217897
396 403 161214
906 909 137552
716 717 115850
938 941 145653
349 351 283883
515 521 156554
543 549 170597
224 228 207281
12 18 161037
156 160 228317
446 449 203985
510 517 192184
911 916 207528
678 683 123827
214 218 279602
748 750 127844
549 555 229667
513 518 76651
381 388 215118
944 948 76296
247 251 194757
26 31 164184
11 13 170946
404 407 164571
245 247 187193
74 79 168292
761 765 179361
958 965 155868
579 580 140936
612 613 217627
542 546 231330
951 954 237858
908 913 152278
385 390 196073
919 920 136527
663 669 235853
535 539 175288
825 831 156948
452 455 176601
173 177 212976
174 175 189709
860 861 211657
553 559 172541
831 833 164879
440 443 167583
992 996 130482
662 664 127044
183 187 135101
249 255 233558
991 996 228492
609 610 192482
894 900 229735
663 670 192728
559 560 233864
421 422 76879
549 550 143579
245 251 170607
437 439 168129
246 247 193888
435 441 155445
239 246 119731
35 39 146042
896 897 202588
328 333 130483
520 524 278101
28 31 106000
93 97 184554
210 215 219648
14 17 242618
581 583 141493
839 846 166045
423 425 201857
439 442 173720
15 22 261218
252 255 211719
939 945 282330
558 563 173054
33 36 187308
168 170 214933
592 597 204803
555 556 106262
35 41 149214
352 355 107289
83 90 162545
401 408 169865
88 89 191347
251 253 204363
579 585 183114
384 386 66980
672 675 196613
464 467 133930
610 614 195152
698 702 177429
318 320 142729
885 889 173863
676 680 107353
849 856 164442
136 137 179311
275 281 222147
164 170 158413
811 813 149979
102 108 146488
189 190 216767
404 405 124573
346 351 237229
681 684 267140
532 537 166513
614 617 144046
16 18 218910
803 804 171580
854 857 210219
630 632 188008
3 7 169191
995 1000 140126
634 641 126914
875 881 247439
302 305 115318
286 290 201793
280 285 139147
862 866 193219
438 441 217638
512 519 146944
948 951 147626
824 826 230356
956 959 177047
901 904 148616
832 839 200968
901 908 124767
201 208 210560
995 996 119182
362 364 254150
419 421 264950
209 212 193251
729 736 146434
373 379 130723
872 875 181772
219 223 65505
759 766 132786
67 70 146849
279 282 196937
21 24 153920
507 513 257327
148 149 237928
325 327 131525
211 218 188015
550 553 158673
297 298 224974
734 736 201661
95 99 169227
641 644 254407
802 809 150535
985 988 222382
685 691 235685
338 340 167235
332 338 205022
393 397 143919
722 726 181282
88 95 214532
434 441 182197
755 758 158370
203 208 95347
819 821 148871
64 65 111601
468 474 177035
175 181 222264
234 238 198556
819 823 176437
495 498 128258
587 588 239767
42 43 166118
732 736 182199
856 860 188726
265 271 152607
977 984 108618
483 488 149023
696 700 178761
974 976 199597
332 333 263794
406 410 167346
769 770 145978
702 706 221852
611 617 143736
69 73 296810
826 833 79036
576 578 194049
972 973 235579
971 974 177537
287 293 235032
134 138 234460
552 556 127692
343 349 157813
292 297 133155
292 294 130171
756 763 262954
753 756 129387
840 845 173495
47 48 225503
733 736 163394
744 745 178076
164 165 115962
241 243 312305
600 606 255408
837 843 236650
347 349 125653
248 250 145697
913 916 182482
190 197 81819
918 921 187480
349 354 136746
172 177 198451
231 238 115775
294 295 198014
465 471 230935
545 552 181120
782 784 113132
447 452 165253
548 549 276880
488 492 225149
571 573 246894
378 379 203188
879 882 133281
884 885 132486
321 327 177493
485 487 188148
697 703 158546
716 719 225105
868 870 241967
449 454 258960
498 504 187924
641 648 281787
677 679 167251
177 184 200187
665 672 115773
717 721 177067
51 56 124567
568 572 277728
560 564 224849
850 854 202609
780 782 300319
260 263 265910
392 393 239539
327 332 88181
30 34 166410
451 458 238027
167 170 225959
46 50 98437
721 728 109822
155 159 146529
397 399 221495
529 530 184735
463 464 289056
19 24 125058
841 844 127165
83 85 252550
597 600 218192
646 648 169946
969 974 253382
980 984 173594
557 559 155517
539 541 192050
460 464 298437
283 285 160070
19 26 171385
462 465 154127
39 43 177720
528 534 170807
582 584 194686
91 92 144193
388 395 227956
93 96 102370
277 280 290427
139 142 274694
725 731 203246
871 872 100898
590 596 208943
723 724 144869
452 459 257459
302 307 145854
383 385 216887
697 702 117183
903 906 201104
55 57 169062
803 806 243707
829 832 82084
538 543 158762
32 39 238174
735 740 146059
530 531 142528
470 471 225741
437 440 195533
164 166 94426
305 310 213090
411 416 152413
581 588 225958
100 101 231007
193 199 160314
818 821 170396
306 309 266506
465 468 138056
109 114 230521
66 73 253647
576 577 187803
57 64 174740
941 946 221282
132 136 250672
353 356 178967
25 29 163458
219 225 75356
146 147 253744
234 240 196104
303 307 208908
144 145 162594
763 766 156123
975 982 188110
321 323 145218
546 548 48612
640 643 155817
197 203 219273
477 484 146403
147 154 150624
333 340 119329
796 803 209954
782 787 168950
29 33 184066
297 303 251674
367 371 178134
456 457 205355
390 395 174522
39 42 109394
269 273 209183
54 58 129443
296 303 229981
494 498 148804
379 385 247476
363 364 179191
547 549 252832
527 533 211734
389 391 184616
716 720 104104
54 55 194352
4 7 216378
899 903 199271
102 103 69549
755 759 174844
276 279 239136
966 972 178614
817 823 121213
419 424 168085
203 209 137694
405 408 150304
342 349 169076
695 696 159443
806 808 207439
328 335 174096
841 848 110189
933 938 170478
737 740 135340
800 802 203486
431 434 103604
833 835 160224
35 37 229002
780 784 195872
831 832 199854
186 190 246818
338 343 172599
7 10 145914
44 50 113094
82 84 149342
766 769 208491
75 80 131391
372 376 150893
896 901 187153
291 295 232331
982 984 152483
474 479 257118
444 447 57495
475 482 163282
170 173 158954
112 119 217403
678 679 117478
507 514 179855
330 333 182033
88 90 184119
922 927 164891
581 587 138681
531 532 262344
749 752 66326
774 775 177483
521 522 237132
654 659 168262
774 777 210918
775 776 264694
556 557 196593
835 839 121966
514 520 193207
154 157 197485
534 540 207151
870 872 100843
761 766 199799
355 357 266414
653 655 215560
396 398 218410
883 890 106991
658 662 204268
476 482 192225
635 638 231820
479 481 181980
757 760 190380
237 238 143260
37 44 211881
983 984 110238
625 631 252875
54 57 206765
58 64 204264
132 133 214464
849 854 216857
865 868 168247
732 733 200242
287 288 171944
361 367 154794
763 770 114912
165 171 224453
394 399 193864
736 740 139549
719 724 91817
593 595 214138
646 647 192689
533 540 149152
397 401 123083
690 692 208579
757 759 255279
953 955 155818
517 524 202795
911 912 194306
284 289 162772
494 500 158778
87 88 178604
196 203 134604
402 408 148462
259 265 173489
564 567 206328
127 129 113868
560 565 126748
280 281 82016
562 569 197019
92 95 197209
75 79 195142
583 585 188401
127 128 105121
690 697 134199
950 957 256444
522 524 139825
171 174 163275
588 592 90993
876 878 87326
575 579 130350
931 932 208755
977 981 98924
246 248 199381
939 940 192008
115 122 202558
356 361 201979
850 856 143358
76 83 93065
528 533 219689
78 83 149132
184 186 131760
355 358 254555
265 270 155434
159 166 161862
162 168 136332
966 970 249528
421 425 179166
464 468 123809
741 744 110800
172 179 134872
321 322 134178
356 360 169056
126 131 156620
615 616 144515
36 41 99402
557 563 215289
473 474 53198
650 656 177520
247 249 122939
819 1000 188450
340 347 162847
632 633 170883
461 466 294264
928 931 87026
878 880 221539
459 465 102101
644 646 182264
398 404 195273
73 78 84170
662 665 268535
607 608 129765
645 651 214051
562 566 169540
430 436 208104
34 36 187977
220 223 85568
145 146 171672
768 772 150325
13 14 64731
590 594 191553
289 291 92957
218 225 111838
184 190 233085
55 59 177788
319 322 62530
20 27 228618
11 15 124775
199 203 185702
236 241 169922
616 620 103110
948 949 150343
970 971 200549
101 107 163988
808 811 224828
997 1000 126574
179 183 254196
405 409 216153
304 308 245959
158 164 234911
399 403 173800
562 567 293885
579 583 183582
529 536 219513
13 19 116153
307 312 173402
968 974 178045
298 300 151202
64 68 173168
800 805 268117
781 788 93445
932 939 127428
235 242 156942
310 312 239574
714 716 215327
439 444 230387
336 337 160259
521 525 195400
637 641 91598
347 350 246016
336 340 137134
400 404 159167
459 463 144226
290 292 184854
757 763 252843
456 462 77656
118 122 276903
890 1000 260988
865 872 152284
113 119 88086
41 44 226622
324 327 208282
414 421 244522
90 92 134232
473 478 219894
506 510 196360
411 415 155896
608 612 197250
796 797 146616
925 931 169554
250 255 234706
420 426 242385
916 923 144477
531 536 235355
916 918 159863
648 654 216524
521 523 264826
438 445 157699
850 852 73882
349 353 243550
686 689 234102
582 585 147580
360 361 152292
183 184 202154
145 148 122797
863 869 282696
458 460 165877
892 899 107015
769 771 182319
894 901 230344
933 935 152653
1 146 91164
692 695 169437
