1000 1754
943 944 134673
941 946 162921
819 1000 107502
716 720 201798
891 897 162028
308 312 146716
583 590 169920
740 747 118716
15 18 71253
970 974 117040
569 571 109158
359 363 134371
543 550 137966
51 53 124638
796 803 119486
210 216 83101
805 806 161959
650 656 97397
505 508 129011
412 418 112160
826 833 90033
197 203 101081
460 461 91868
3 5 112365
843 847 182858
18 22 133323
648 652 133439
51 56 109375
216 217 142215
645 651 83679
527 532 163567
414 421 149185
508 511 174062
722 727 179757
267 274 117011
652 655 94010
9 16 194176
729 735 126341
461 467 122413
525 529 196736
550 556 145146
595 597 55023
194 198 134445
306 310 68089
559 564 138877
890 1000 71341
583 588 172983
378 379 174363
281 286 109334
790 796 147239
985 987 131854
163 164 162764
494 500 151052
761 764 140524
249 251 125845
905 912 98744
537 541 112902
118 121 91435
30 34 96541
833 840 91541
46 50 60897
293 300 130292
206 209 162341
744 748 112217
534 540 116439
317 320 169457
594 601 155316
655 662 172633
232 238 162404
135 137 68988
617 620 137391
895 898 76454
11 12 154034
813 818 156280
685 692 113722
735 740 123741
92 95 166842
495 501 110248
57 62 128178
182 187 156288
283 285 158856
37 40 167448
132 133 121531
995 998 80437
255 257 154315
403 404 133497
7 10 116502
726 729 145605
321 327 81668
243 248 80871
517 522 132543
911 912 60511
595 596 46513
743 745 119682
186 189 165099
248 251 206794
292 297 108286
954 958 81236
100 101 42112
377 383 130779
883 890 185596
529 532 106705
286 287 146288
755 759 149105
729 736 67409
414 418 157833
62 68 63102
554 556 186004
2 4 63869
911 916 55012
351 354 130624
398 402 141642
547 550 76025
71 78 131713
770 771 191757
865 870 104340
991 996 153695
571 574 202615
978 982 121789
682 683 105246
937 938 191184
494 497 95206
745 751 140352
792 798 106376
156 161 136036
475 482 153718
529 536 45272
721 728 183515
186 190 144951
77 80 175009
69 70 110916
341 348 143786
130 133 114716
609 614 108427
277 284 92221
636 643 100413
473 480 56656
697 703 104903
172 179 188897
616 620 92071
573 575 85129
45 52 112078
33 34 161833
886 893 110104
187 188 86986
838 1000 101855
1 188 74950
967 973 145587
117 119 139724
234 240 155912
886 889 103545
878 883 93998
20 27 94062
666 671 115602
134 139 199567
784 785 138133
294 295 80936
614 618 107676
303 304 155223
60 62 100061
995 1000 56626
139 142 35822
467 468 158467
529 530 94214
411 416 120514
100 104 99778
127 128 107812
571 573 194916
750 757 135673
919 922 153663
899 905 108641
733 736 56474
765 768 58656
190 192 130767
671 673 161892
407 410 159369
567 571 96725
287 293 80665
193 196 113660
451 453 170890
337 341 113889
534 537 122376
138 139 179530
556 562 119206
789 792 119886
322 328 78098
906 909 160544
106 109 110312
190 195 104224
701 705 103697
911 915 88614
193 194 183651
3 6 111673
858 863 122447
234 241 159973
1 156 84765
462 468 120709
561 563 107876
841 842 94648
430 436 78607
217 222 147366
896 901 156174
112 116 159694
192 193 105707
306 309 135198
651 658 184012
705 710 134461
179 183 70818
707 709 160483
294 301 49199
200 201 172864
797 798 132804
457 461 75939
4 7 176484
953 955 184195
740 744 108658
975 976 60879
320 321 156748
505 510 149030
205 210 122309
977 980 159561
879 882 177893
939 940 139801
444 449 58123
450 451 70033
754 758 162671
399 400 126634
552 559 204071
684 688 152810
868 874 90542
537 543 126650
811 815 40282
338 343 102513
481 486 123858
93 98 120654
513 516 87008
646 647 81006
910 917 188050
637 638 146420
410 413 107219
29 31 49746
106 112 109910
522 524 132405
32 39 193040
216 221 113381
962 1000 84298
204 206 144772
653 659 82716
865 868 134971
760 763 122656
109 116 158982
15 17 99966
324 327 93189
86 91 112653
443 447 131845
119 126 192449
938 939 50799
383 385 199899
781 786 142146
87 88 159229
377 380 143834
20 21 56216
631 637 153808
821 827 109633
847 854 93942
202 205 137222
344 351 122092
404 406 93370
374 378 51705
801 806 143553
43 50 93883
342 344 173539
398 400 113674
675 682 131677
39 42 59229
83 85 92437
540 544 136794
398 404 134022
751 754 136553
757 759 142092
361 367 41496
779 780 149999
132 137 113318
90 94 177322
463 464 134554
27 32 100988
392 393 114149
930 932 146131
394 397 126617
146 147 116803
46 48 88887
192 194 162531
485 488 168698
736 737 128916
545 552 36659
189 195 84348
897 903 111200
639 645 130683
372 377 56244
573 579 94639
485 487 193250
673 678 158408
588 590 123692
748 750 153589
729 732 91526
321 328 94846
379 385 172347
848 849 128598
394 401 138090
1 199 132429
933 938 206585
116 121 53033
363 364 153694
766 767 125382
618 621 116270
297 303 120680
759 760 88691
736 740 182520
782 783 92720
1 42 90529
922 927 121535
976 977 119994
199 204 83532
186 192 149202
980 986 136404
600 604 77160
969 974 124435
662 665 170665
349 355 51650
137 144 185434
250 251 123662
485 491 183236
495 502 76235
454 458 85903
319 323 64105
212 217 126312
807 810 108486
24 28 81777
391 395 171126
260 262 152593
336 340 118113
211 216 140689
74 75 76234
28 29 166990
522 523 64325
473 478 99765
670 677 136351
614 615 88043
309 316 69644
302 307 70903
117 118 166152
489 492 45777
518 521 99227
90 97 138116
323 327 159698
929 1000 40873
812 815 93088
93 96 133551
684 687 147129
298 300 145891
904 911 129405
687 690 102747
615 618 146377
568 571 77976
637 641 133478
194 197 76910
13 19 102537
702 708 206175
265 270 151474
964 968 156103
78 83 168726
87 89 148571
824 825 167083
364 369 102167
909 910 64375
195 196 119032
28 33 115955
196 203 121173
378 381 134109
893 900 110967
858 862 174023
562 565 109760
145 146 157104
219 226 117324
496 499 150746
902 904 199545
974 979 112772
793 798 118843
637 642 166524
228 231 135762
223 229 165856
593 596 76476
473 476 151274
125 130 60920
501 508 91625
471 477 115974
976 982 107958
76 83 95730
247 250 149633
192 197 112727
305 307 135888
184 191 157582
756 763 94453
280 284 119343
976 981 114846
524 531 144117
967 969 138973
284 285 165934
280 281 171958
470 471 152587
498 504 141588
992 1000 103684
257 261 78713
574 575 77401
855 861 209806
456 462 94332
276 283 174744
810 812 136917
126 131 61544
607 608 92009
90 91 187866
606 608 179109
321 322 144034
710 711 144714
375 377 127579
968 974 114313
298 303 139558
319 326 144366
557 564 189809
556 557 91653
320 326 159250
67 72 50638
546 552 58735
887 891 82377
815 820 211141
272 273 114333
526 530 143720
246 248 98126
660 666 120644
206 211 104140
115 118 156409
372 375 55419
13 14 110608
676 678 169276
575 579 136538
291 297 123694
658 661 96447
866 873 138391
542 545 207819
724 727 164862
928 935 113408
680 684 89486
327 332 144073
439 444 164461
106 110 79030
932 939 44351
477 484 164497
849 854 113585
388 389 178023
55 59 187034
800 806 170771
404 411 109582
234 235 118746
49 55 139443
101 107 158919
55 58 104060
595 598 99675
188 194 196161
983 984 137883
262 267 72621
688 690 97302
79 80 160321
871 872 56865
800 802 174884
31 32 153394
986 993 148247
617 618 135692
120 121 63718
86 88 80918
355 357 110181
279 284 94280
372 374 115624
723 724 102796
863 864 105313
565 566 92548
146 153 73984
910 913 152511
982 984 151713
625 631 83705
393 399 95953
413 419 148040
329 332 89793
627 630 109383
700 707 92044
968 969 116419
605 611 67702
9 14 147006
975 979 67200
593 595 156820
731 734 81930
582 584 73356
398 399 113907
155 159 90146
607 613 106999
417 420 139527
119 123 134568
92 99 106814
205 207 119237
581 587 129542
149 153 75265
488 495 156407
595 601 81936
798 799 87966
104 107 101119
698 701 162454
621 623 167533
137 141 218183
1 112 116724
149 150 47305
664 668 118519
426 430 182158
368 375 80222
33 38 174387
53 59 159718
19 24 187487
749 752 182594
80 82 130018
786 792 152424
304 309 125123
296 298 133352
704 707 131878
652 657 159320
381 383 139557
709 711 140334
359 362 174175
823 827 103636
250 255 101543
498 505 77855
867 870 86461
121 127 211612
464 465 152240
292 299 73025
447 454 202441
176 178 161265
197 199 161471
766 772 125658
389 393 106195
490 495 101529
480 487 189768
759 763 84646
975 982 42109
731 738 131652
408 414 57892
47 48 84480
528 534 150566
169 170 175494
292 294 132310
664 666 59478
690 697 172703
938 945 74198
895 902 79689
438 445 82262
75 80 175557
262 265 99604
599 606 105933
922 923 147101
347 354 212333
361 364 97623
218 223 73560
933 940 143167
103 108 109073
37 39 191138
342 349 170300
303 308 153563
842 843 133141
352 357 39279
918 921 68022
525 532 176519
158 164 111663
899 906 99110
296 303 145817
392 397 92237
240 244 54926
331 333 172086
633 639 76404
91 92 89837
356 361 163776
828 829 69663
785 790 93194
541 548 197850
277 280 99570
213 219 160924
403 406 100239
505 512 183945
105 112 124507
566 570 149858
943 945 119172
878 880 159843
344 345 71254
275 282 182629
604 607 173493
464 468 119045
324 330 141356
667 668 162341
63 67 201164
9 12 161017
708 714 72778
697 701 98138
844 846 105357
715 721 126604
669 674 106302
493 500 217254
560 563 104006
569 570 116547
295 302 186434
198 204 60352
318 322 212109
388 391 138810
933 935 185257
638 643 133734
654 659 137859
268 272 123403
89 91 169475
717 721 158463
985 988 122728
37 43 137928
899 903 133037
540 545 190539
34 39 158383
849 852 89726
919 920 174482
368 371 123531
126 128 118292
58 64 128369
666 667 150419
399 401 147400
678 681 75286
723 730 93515
951 954 141592
819 823 199657
237 238 154829
491 494 140498
449 454 220679
304 310 58165
600 602 125156
516 522 147727
878 884 98965
178 185 117399
944 951 163166
988 994 193014
160 162 98434
23 24 152487
692 695 146506
424 427 177364
437 442 56043
909 916 69063
279 280 101685
920 925 138045
403 408 184355
499 504 129862
81 83 88509
57 64 65700
193 198 191422
145 148 83156
850 854 100795
590 596 71111
402 405 169737
903 905 102460
409 415 199226
357 364 180515
11 15 187595
913 918 155830
76 78 53750
466 468 165717
1 48 99353
330 333 110125
589 593 88411
889 893 133658
761 766 204602
945 950 103499
50 57 187450
796 797 103158
861 866 60803
562 569 108918
535 537 130855
514 520 182488
265 268 177143
276 277 202376
811 813 39833
136 143 128781
159 166 141072
524 529 152609
850 852 76869
615 616 182616
974 976 106651
504 510 85541
683 684 172148
614 621 97149
646 652 79295
85 90 135345
389 391 87585
562 566 75659
24 30 136697
567 574 172616
773 776 176552
225 232 71070
214 217 132754
560 562 122925
114 118 170154
397 401 138238
649 655 39632
322 326 111910
387 394 152719
882 883 68197
456 457 112285
763 765 168317
537 538 111456
494 498 123473
243 246 109680
176 177 121729
461 464 161986
30 31 35324
187 189 136598
855 856 166537
490 493 33079
991 997 153574
208 210 154966
147 150 55817
96 102 98491
11 16 187280
139 144 97794
656 659 112075
397 400 117365
397 399 117676
36 39 149378
506 510 121384
774 777 171760
249 252 50773
570 576 167374
813 815 127349
344 347 40323
36 41 66550
459 463 117437
445 447 145709
35 37 132233
315 317 82678
338 344 159107
672 674 131624
865 872 88226
374 381 58961
868 870 96541
700 703 143540
310 315 166355
506 507 178144
652 653 182907
533 540 118055
160 161 130283
876 877 104201
19 26 108300
25 31 121791
96 99 116757
895 897 156126
776 782 146219
14 20 182209
118 122 114684
240 246 76581
673 679 91538
966 972 148257
159 161 121054
407 414 137568
435 440 163534
614 619 122028
64 68 125471
978 979 147115
311 318 136532
517 524 138442
948 949 127808
227 229 127063
288 289 114237
410 415 183053
704 708 196332
769 771 191015
228 230 166164
2 6 80374
416 423 134471
689 692 170506
872 875 126883
744 747 136629
585 589 170977
260 263 95090
370 376 89299
269 273 152405
296 297 152041
831 832 86309
627 632 85517
662 669 106711
605 609 144164
989 992 80511
527 529 183559
62 63 65746
339 341 132645
484 487 113254
266 270 134711
160 167 138399
658 662 108901
539 541 51158
885 889 84849
221 226 157436
392 394 92682
552 556 188404
491 493 73969
1 184 95839
600 607 123946
93 94 170108
371 374 143415
815 1000 120805
205 211 64122
203 204 143792
339 346 113976
812 819 104331
353 358 138291
640 644 126421
579 583 83473
913 916 106011
461 462 159984
658 663 82060
764 765 177446
133 136 182424
496 497 110924
870 872 110429
236 241 145981
528 533 149059
270 274 65387
846 853 163892
54 61 177008
99 103 161860
671 677 158334
333 338 124163
55 57 166505
520 523 53574
167 170 177353
863 869 124857
817 823 219815
729 733 137513
890 894 109783
306 311 58211
297 299 91082
23 28 107521
524 525 82499
342 348 131449
503 509 144490
123 127 195184
170 173 87798
137 143 192464
657 661 94583
690 692 132811
949 956 134081
815 816 122997
793 796 136678
31 36 196845
648 654 134824
697 702 38555
447 452 140938
386 388 129853
923 929 171845
825 831 115773
969 972 150648
548 549 106147
247 249 147268
641 646 168248
797 803 143263
944 948 146120
990 994 128255
407 411 137916
925 931 71848
184 187 142454
881 886 154130
8 9 134054
260 264 120450
431 434 45589
279 283 101301
360 363 122940
893 897 191463
294 298 84276
17 22 104710
464 471 128025
465 469 133011
601 607 175537
231 238 182969
415 417 82005
98 104 159582
994 1000 56873
331 337 155751
385 388 50234
460 464 126921
120 127 148528
223 226 162483
780 784 114176
10 13 130864
355 359 129487
307 312 186397
803 1000 64080
273 279 125743
949 952 137220
220 221 137378
506 511 148766
970 973 126221
259 265 117102
837 843 72307
869 876 115481
164 166 122486
977 984 139393
889 895 169003
69 75 40477
51 58 74147
538 544 146429
697 699 108492
190 194 166326
141 143 101093
352 359 58850
788 789 162243
1 104 115574
208 214 120807
600 605 115902
152 155 139764
973 979 103393
30 33 61464
521 522 130307
337 343 116331
358 361 120673
573 578 84998
34 36 135821
850 856 114970
399 403 140265
887 888 56649
900 903 192123
199 203 66198
160 165 115408
667 674 97941
153 157 146706
490 496 83978
903 906 92861
582 585 95625
253 258 121293
650 657 103107
273 276 52377
478 480 83968
890 892 94531
328 332 130884
685 690 107735
719 726 166512
842 849 169559
781 788 139687
707 714 137422
108 113 177196
354 358 121670
641 648 113978
487 494 130388
979 980 146549
70 73 74665
183 189 163751
955 960 130745
56 60 182745
985 990 187390
648 655 100624
992 996 121792
710 715 118330
518 522 102814
99 102 108502
921 927 151779
432 435 64196
913 920 147714
863 870 121209
171 174 116265
398 403 127474
568 572 88132
41 46 189591
189 191 132439
304 306 116934
656 662 112989
184 190 132350
956 958 104773
527 530 150979
412 417 114827
354 361 115225
452 459 142741
99 106 168428
33 39 193199
507 514 47998
49 54 121519
935 940 85034
955 959 70135
461 468 153870
168 175 208600
477 483 121670
598 602 159605
290 292 119524
84 91 168775
716 719 114969
568 573 146093
766 769 37195
935 936 112009
138 143 157964
263 267 130163
167 173 138194
653 657 103395
531 532 115122
486 492 105477
29 33 75984
300 302 163763
415 421 71118
705 709 138840
479 486 78101
856 860 85392
333 340 135255
349 354 129370
977 981 121662
806 813 81059
123 130 123875
119 125 197852
36 42 81434
207 213 78652
581 588 143005
444 447 76582
95 101 38827
931 936 162800
310 317 122309
466 473 194869
143 144 119562
546 548 148345
807 808 130268
368 369 95841
488 492 88851
757 760 104001
76 79 64442
92 96 116764
802 809 158083
345 348 140236
956 959 74313
557 559 177909
931 932 205438
747 754 115488
819 821 193684
203 209 197304
732 733 173027
916 918 176611
390 395 162170
365 367 55255
184 186 113837
619 620 113930
427 432 149927
177 184 129436
365 368 117514
646 648 72366
451 458 156523
300 305 98596
967 970 146353
599 602 194564
321 323 48816
919 925 185411
41 47 193996
430 434 41168
833 835 128182
978 981 129034
85 86 210544
171 175 196839
291 296 98481
831 833 94564
1 2 129374
141 146 122690
322 324 98168
557 563 135628
914 916 126379
310 312 213538
654 661 126185
898 905 166581
190 197 116659
507 512 105100
448 454 178241
827 830 146577
827 834 78547
608 610 91102
42 46 174259
168 174 127683
627 634 86125
508 514 124649
162 168 136209
560 565 105719
268 271 70378
948 955 139570
347 353 195611
969 970 134201
215 221 137294
659 662 127439
156 158 175376
850 851 103921
973 974 117593
381 387 119262
485 486 151847
133 137 118576
782 787 69474
39 43 73420
588 592 79491
129 135 92420
427 433 152428
644 646 169928
151 156 144563
910 916 131652
692 694 127082
819 822 110240
799 805 117730
602 609 135028
116 120 116248
994 998 80951
695 697 147215
620 627 119569
314 316 69044
642 644 92401
25 29 198977
917 922 91438
551 556 169927
768 775 196925
898 904 202647
782 788 110492
615 621 135708
818 824 137892
421 425 86192
327 328 140107
703 707 75367
829 832 128151
763 769 92194
347 349 209837
405 409 64766
938 943 82035
196 202 185641
366 370 93828
571 578 153060
835 839 163015
23 29 147832
24 31 44917
465 471 102439
112 119 95068
715 720 181685
67 74 95715
774 775 184897
601 602 177106
666 668 185889
643 648 94092
380 386 107666
36 43 95873
742 749 90844
166 173 126149
892 899 153708
432 436 89518
662 667 115002
436 437 173926
627 631 77530
489 496 96243
950 957 177517
737 740 180540
248 250 209823
591 596 61134
932 934 91583
230 236 159963
775 776 96202
840 845 159179
384 391 86797
894 900 79260
752 758 122987
581 586 147923
712 713 126338
322 327 64519
802 808 122897
147 149 135338
810 817 94259
655 660 143164
883 887 211130
960 964 81421
216 219 153557
963 970 94238
252 259 163040
129 130 54959
808 811 167998
759 766 139816
927 934 152721
236 242 57518
14 21 111717
600 603 101960
213 214 143533
351 358 125718
577 583 73553
789 795 119964
396 398 68429
901 908 117956
818 821 176142
374 375 66573
473 474 145745
272 277 115330
113 119 51656
538 545 199843
245 252 99177
531 536 53875
678 683 62742
284 289 119492
430 437 126028
933 934 177689
89 95 172260
648 650 189847
254 260 161297
343 349 180201
583 585 158761
265 272 173628
102 106 186931
22 25 103818
89 92 132372
632 633 210565
108 112 133932
563 570 117555
634 637 145552
955 958 100512
676 679 102544
546 553 69744
305 310 108365
529 533 66869
527 533 123676
201 207 151893
674 681 136127
422 423 135956
641 645 137623
172 177 142279
576 577 124800
876 880 174571
528 532 189043
867 871 140127
970 971 114759
951 955 122550
633 634 43609
463 469 165893
500 505 50555
132 136 177160
860 867 195955
523 526 170787
668 669 82871
558 562 102759
202 206 97402
56 63 94984
841 844 175887
521 523 67885
567 568 145441
178 183 77849
235 242 79462
945 952 173128
353 355 65740
188 190 156329
948 950 68539
768 772 207269
933 936 170461
249 253 109472
854 857 148003
328 335 126542
291 293 120532
491 495 142324
653 655 37850
755 758 147290
644 651 95775
755 760 111141
772 773 36017
876 878 141606
272 275 41676
538 543 141776
426 431 177850
814 815 49571
702 703 193194
686 689 61634
744 745 102594
782 784 137933
414 415 205284
166 169 116607
505 511 176437
130 131 122181
356 360 111314
39 44 91797
14 19 118787
671 674 132710
75 79 141941
45 48 120241
863 866 111150
66 70 194849
479 481 80726
371 375 83277
560 564 158229
537 542 103677
154 157 92797
835 842 78062
353 356 95395
590 594 78177
691 696 92080
608 612 115804
497 499 166767
800 805 135667
928 931 62307
359 365 176471
417 419 117119
242 249 212755
845 850 138318
545 549 105632
144 145 125224
241 243 89267
102 103 180305
150 156 135162
328 329 167922
289 291 148533
127 129 127377
115 119 130190
453 455 62930
367 372 213483
85 92 159580
958 962 130643
924 927 91691
185 192 108379
580 585 103442
851 853 190616
53 60 167167
239 245 123588
812 817 84324
897 899 105191
73 78 112879
670 675 124458
915 920 134791
901 907 87897
741 744 158678
304 308 125189
709 715 113992
20 26 44744
824 830 167638
163 167 146286
65 72 121409
223 225 193746
157 160 93449
239 240 170461
939 945 150276
662 663 99819
562 567 121628
88 90 97611
17 18 98205
323 325 224796
465 467 62005
571 577 172841
683 689 130846
316 320 155173
541 546 176599
548 553 48262
740 742 127255
640 643 147756
831 835 95878
603 605 141050
90 92 150898
796 801 79763
468 473 155935
44 51 125908
292 296 83118
211 214 150390
44 50 75581
993 994 120417
241 246 72191
914 919 120717
362 368 120104
836 842 34594
741 743 141722
695 702 58881
205 209 122513
183 184 138597
54 55 144623
365 366 129186
347 350 144817
66 73 142815
688 691 124578
714 716 117128
599 600 196252
54 57 184425
526 529 176537
151 152 183354
938 941 96196
877 882 190020
367 371 185790
108 109 134629
719 724 146040
926 933 80797
309 315 99431
484 490 144090
761 765 191137
419 424 86518
115 122 144250
372 376 43580
386 389 180889
904 905 90981
908 913 75869
200 204 147832
568 569 95658
441 448 138248
355 358 199425
257 262 100465
716 717 115309
332 337 124487
454 456 110365
598 599 91760
24 29 122099
235 238 141258
134 138 146920
927 930 168429
118 119 100490
930 934 111006
527 531 175291
677 679 95346
528 529 209039
564 567 86065
775 779 116626
223 224 155254
504 511 112795
386 392 172877
948 951 143913
965 970 128945
391 394 123952
986 987 85105
205 206 87048
172 173 155378
340 347 61542
580 583 71241
261 267 94143
227 232 98913
360 367 94041
957 961 149110
221 223 121931
121 124 130240
771 774 82389
884 885 167420
278 285 173300
390 397 115121
1 113 158629
28 35 112683
805 808 161829
894 901 166540
587 594 88590
952 954 147428
473 475 90282
442 447 130839
458 460 120729
214 216 117384
215 216 150898
34 40 134870
366 368 115017
456 461 61377
109 112 126348
492 498 189622
128 134 68765
783 788 144559
966 1000 81782
637 643 153332
349 356 81115
179 182 68884
503 507 165141
728 735 96250
727 730 79530
300 303 120546
649 652 72498
665 672 37400
161 167 134852
839 846 101867
828 835 80513
892 898 95568
617 623 165828
543 545 184786
477 481 112669
857 860 78120
808 815 81405
263 270 181431
773 780 220149
872 879 125534
54 58 121897
695 700 108610
958 959 96375
995 996 74627
370 373 111212
732 738 158962
433 440 98655
723 727 140999
394 395 173959
540 546 168136
137 142 122978
971 974 129186
789 793 107203
778 781 117845
627 633 168994
916 923 168031
462 465 154238
807 814 162133
497 500 182320
467 473 187346
406 409 148284
107 114 97942
211 212 156608
917 918 120118
459 465 150475
65 66 118428
396 403 69201
991 992 158823
945 948 161569
461 466 115258
349 351 125488
515 521 150860
543 549 163788
224 228 79540
12 18 104717
156 160 132522
691 692 105515
446 449 51882
510 517 143147
402 408 170153
885 888 95503
896 902 72444
214 218 152021
826 829 80459
980 984 106727
549 555 71883
513 518 131989
381 388 135931
873 879 107507
685 688 137498
860 861 211539
247 251 146207
26 31 124111
11 13 156325
404 407 98261
245 247 154724
74 79 91631
780 782 102889
997 1000 109113
388 395 182930
579 580 138954
612 613 152735
542 546 186042
218 225 140409
712 718 168923
319 322 159493
993 998 74536
385 390 70938
837 841 98285
474 479 108564
663 669 133511
790 795 150004
535 539 192765
465 468 93530
452 455 97224
815 821 205186
760 767 176449
173 177 113500
174 175 207293
405 408 127331
741 746 121872
874 879 114848
553 559 193464
219 225 148617
440 443 91127
849 856 127752
360 361 179063
662 664 158765
183 187 154363
249 255 103555
349 353 112478
609 610 46635
476 482 93050
663 670 129232
559 560 107308
421 422 97146
686 688 128921
549 550 100955
245 251 174095
437 439 72828
246 247 158496
435 441 145925
239 246 120008
35 39 196741
37 44 156043
328 333 144859
732 735 161601
520 524 121510
936 941 132167
706 710 139154
28 31 89878
93 97 130958
210 215 58914
788 795 155500
14 17 147524
581 583 96515
147 154 137379
423 425 106757
725 731 173045
439 442 109884
15 22 77881
252 255 179805
678 679 60017
558 563 83476
875 881 117349
705 707 105367
33 36 170934
168 170 207941
803 810 81841
592 597 123620
555 556 174572
35 41 113847
352 355 55986
828 833 79087
83 90 101310
786 791 152872
912 918 171354
401 408 177482
88 89 116176
841 848 135539
251 253 110391
579 585 115442
763 770 91404
384 386 71793
672 675 145288
464 467 87234
610 614 188520
928 929 150515
698 702 102996
318 320 164891
803 806 103501
981 983 133534
676 680 188055
547 549 101814
847 851 97422
136 137 63060
770 774 147261
275 281 218583
164 170 160779
958 965 136065
102 108 162635
775 778 95734
189 190 106834
824 826 160758
404 405 177106
346 351 199863
681 684 159727
532 537 83717
798 803 137255
614 617 98715
16 18 71791
806 808 126608
806 809 161705
792 796 123771
901 904 115823
411 415 204748
287 288 77745
630 632 102754
753 758 129650
3 7 144854
1 146 155104
634 641 152705
291 295 101939
302 305 61634
286 290 129199
280 285 158415
726 733 156644
695 696 93420
824 828 171673
438 441 113941
512 519 137236
164 165 87636
193 199 168359
872 878 150451
220 223 132497
924 930 133367
753 756 121503
762 763 82186
394 399 117424
862 866 59720
303 307 113906
165 171 130710
201 208 126474
887 889 46194
635 638 127102
765 770 49868
362 364 113915
419 421 125480
209 212 98244
966 970 131544
373 379 149581
82 84 114891
219 223 81399
994 997 74705
67 70 115833
279 282 110970
21 24 194256
507 513 111121
148 149 199237
325 327 61840
211 218 175495
550 553 94908
297 298 108110
734 736 120794
95 99 66584
934 940 92609
641 644 125212
896 897 149331
597 600 205861
420 426 93434
685 691 134918
338 340 138007
786 788 124102
332 338 138175
393 397 104965
958 960 156972
722 726 162466
88 95 161860
832 839 172600
903 908 140445
434 441 157971
986 988 76044
203 208 168676
763 766 182016
757 763 99706
530 531 151134
64 65 131748
468 474 174670
175 181 107176
234 238 133077
437 440 91060
495 498 121678
587 588 140236
42 43 141119
732 736 102759
276 279 200281
769 770 126057
265 271 120798
41 44 174717
483 488 131788
696 700 142070
400 404 147204
886 891 139532
332 333 140827
406 410 164446
600 606 36804
803 804 62060
702 706 158367
822 823 216225
611 617 156551
972 973 109805
69 73 58913
109 114 77368
576 578 105099
521 525 91439
336 337 92987
