100 299
50 51 272722
33 34 164256
21 23 146706
65 67 126224
49 50 133228
47 48 207881
49 52 204019
1 6 156018
64 65 206200
41 43 190798
14 16 224558
13 16 257234
60 62 199991
17 18 107789
37 40 185583
92 93 146946
77 80 222255
65 66 181372
97 100 181957
72 74 158309
46 47 129128
1 8 131898
18 20 194923
72 73 172066
25 27 207493
83 84 157118
95 98 241047
75 78 120299
79 82 200240
68 69 85449
72 75 186896
62 63 159909
7 9 126098
17 20 122977
30 32 186117
24 25 122009
19 21 227298
9 10 261706
45 46 186431
92 100 155708
39 41 105452
23 26 174685
23 24 188713
71 74 206263
5 6 124858
1 3 216740
16 17 179559
63 64 202344
76 78 137230
24 26 165663
18 19 217027
4 6 207124
1 2 134009
61 64 211751
19 22 165021
80 81 164749
35 36 184690
51 54 102302
80 83 234668
66 69 120020
52 53 143967
93 100 188351
96 98 223504
58 59 179787
6 9 148400
75 76 162870
75 77 94530
65 68 215995
12 14 168063
10 12 138948
89 90 160022
34 36 192671
82 84 202948
11 12 161130
81 84 227046
26 28 194693
29 32 207232
3 6 119037
31 33 192305
73 74 165914
19 20 157469
64 66 207965
87 89 238043
52 55 190656
12 15 134875
76 79 142454
56 59 227534
60 63 180115
50 52 250498
60 61 170832
31 34 177062
83 85 176443
5 7 147204
9 12 221105
43 46 204572
68 70 109145
49 51 226256
6 8 155636
1 18 128005
38 39 258007
84 87 133003
48 51 238708
53 55 226312
59 61 102508
40 41 149693
97 98 196537
94 100 170218
37 39 229759
32 34 201004
99 100 169763
30 33 222851
94 96 140991
58 61 102732
38 41 183952
91 92 181347
91 94 166545
88 91 207163
45 48 164148
71 72 227477
76 77 111319
11 14 149443
90 91 208315
78 81 181638
84 85 198972
64 67 152698
45 47 135827
97 99 191999
48 49 192129
68 71 114251
78 79 185045
24 27 149999
42 44 229980
73 76 177720
89 92 190324
21 22 117406
53 56 174354
55 56 127733
58 60 111486
43 45 197952
1 19 164534
79 80 191156
78 80 196468
32 33 216384
73 75 194596
55 57 187376
67 68 269513
4 7 229254
90 93 177236
32 35 208900
16 18 107667
1 4 128484
98 100 165159
27 28 210423
29 31 231315
95 97 224264
88 89 198097
69 72 256205
10 13 94612
15 17 257724
74 77 123223
33 35 172179
96 100 208821
47 50 173785
81 83 249548
23 25 131183
50 53 214822
5 8 100730
26 29 154600
63 65 228894
41 44 240060
15 18 185789
42 43 180726
80 82 188638
57 60 99445
62 65 208980
74 76 191572
14 17 224535
62 64 182457
94 97 167937
43 44 228877
37 38 151481
74 75 208263
87 90 218371
85 88 153466
20 22 187163
41 42 189802
21 24 155900
86 89 253135
51 52 157487
1 13 121306
12 13 135221
2 4 174164
53 54 160193
70 72 232632
56 57 239304
91 93 148598
48 50 145650
57 59 167769
87 88 219581
3 5 173777
54 55 245763
93 95 141278
40 43 160939
28 29 139431
30 31 210063
1 17 199554
13 14 212504
71 73 219822
36 37 128317
92 94 164898
27 29 170161
27 30 191555
87 100 224747
28 31 191119
34 37 141234
36 39 178466
79 81 176187
33 36 177234
70 73 225161
66 68 214273
8 10 254452
44 47 104981
95 96 197313
94 95 123364
93 96 159128
82 83 225552
17 19 145088
26 27 163933
8 11 232419
84 86 117737
34 35 187501
2 5 256426
61 63 189032
6 7 201946
22 23 208955
59 60 111328
38 40 213825
7 8 133301
25 28 238324
69 71 208437
85 86 98438
86 87 194804
55 58 175382
92 95 108678
89 100 166407
66 67 124426
47 49 220322
7 10 208266
81 82 203571
36 38 100143
20 23 216600
88 90 178378
10 11 157473
56 58 227334
93 94 197671
46 48 157276
67 69 175372
86 88 234678
14 15 146363
35 38 105358
29 30 200955
20 21 249507
54 57 253316
40 42 159911
3 4 91544
46 49 169878
22 25 160391
2 3 262267
4 5 261799
51 53 121709
77 79 210918
9 11 239566
85 100 158049
83 86 95291
57 58 167662
42 45 198926
16 19 145034
25 26 223246
82 85 222225
98 99 175105
22 24 218038
15 16 257809
70 71 184774
44 45 148668
89 91 188697
28 30 160675
96 99 218823
67 70 198781
54 56 193722
44 46 155488
35 37 133440
31 32 155650
18 21 264794
1 10 207015
39 40 135492
96 97 206550
69 70 203242
59 62 131684
90 92 210024
